3968 7142
3968 3183
3968 4928
6453 3507
5562 6060
5242 538
5242 6913
5242 4505
5885 6464
5885 1902
5885 2767
5885 6197
5885 4283
5936 5561
5936 3430
5829 4994
5829 5605
5633 6514
4211 4722
4211 5503
6347 3965
4957 5603
2059 5973
1066 5867
826 463
4719 18
5135 4308
7110 506
7110 3041
7110 5558
5994 326
5994 1641
5994 3001
388 5436
388 1217
388 1911
3652 3786
3652 4890
3652 4094
1088 1455
1088 3429
1088 2246
1088 2044
2789 5563
2789 6933
2789 2289
2789 5268
2789 842
1089 5415
1089 2709
5642 6050
5642 2180
5642 5396
5642 5834
5642 5449
5642 4841
5044 4419
241 4548
241 3663
241 174
3600 5570
3600 3506
3600 1914
4394 538
4394 187
584 2489
5804 5595
5804 5709
6744 201
6744 4078
6744 3657
4675 6919
4675 4569
6029 4196
426 4511
426 1537
852 2905
5955 5996
5955 6792
5547 5900
5547 2615
5547 3378
5547 5989
3913 6494
3913 768
3913 1701
2660 5504
2660 1010
179 2826
6092 3010
6092 3166
1662 3003
2185 5653
4948 255
4948 957
4948 3501
4948 2849
3990 2865
3990 2219
610 430
610 1529
610 4041
5970 1832
5970 4824
4862 1290
1141 1275
1141 6831
843 575
843 3668
4784 6306
4784 6923
4784 4363
6516 2948
964 3906
964 6040
5339 463
5339 3962
6976 6423
3406 2022
5595 4573
2106 430
115 2685
115 3368
115 3221
5140 2779
6402 3935
627 4239
5690 5745
6055 2152
6055 2605
6662 1230
6662 49
6662 6071
6662 68
6662 2826
1053 54
3195 5962
1789 1160
1789 6727
1789 6995
4308 3172
4308 2899
4308 5482
4308 5951
3299 1889
3299 6096
3299 2349
3299 6531
3000 3776
3000 4584
5269 2675
5269 5893
5867 2898
5 6598
5 118
58 1008
2997 4504
2997 691
7067 5117
6282 4695
3016 7107
3016 3579
3016 1180
1390 5059
3481 6195
3481 3011
3481 5081
2404 1028
6754 5009
5263 4397
7021 1042
6815 5745
6815 4340
6815 3894
6815 2131
6815 1408
1864 5127
1889 4747
1889 1926
1779 1320
1779 4863
4026 5278
4026 6096
4026 4954
899 1088
899 1905
6847 3111
6147 1740
6147 3300
6338 3723
3383 32
6641 6860
1703 1693
1703 1445
5255 6282
5255 397
5255 4316
255 5466
2603 5547
2603 3894
2603 6062
3835 4722
3768 308
5115 5865
5115 2194
1199 342
3415 5664
5397 2656
286 5857
286 5680
1538 7013
4152 2413
5632 6995
7159 4729
2297 925
542 6598
5436 956
5436 2576
6054 1493
5452 2681
3721 1890
1633 5023
5535 7067
5535 1528
3911 4115
5807 6466
2465 4051
5045 555
5045 1663
1939 2106
1939 430
1939 750
6349 758
6349 7033
71 3704
3010 6976
3010 669
1346 6727
1346 6995
5827 255
5827 5725
5827 6161
1265 2310
4604 1677
2805 58
2805 5858
2805 3819
4391 5914
4391 1506
319 5893
319 6051
319 5587
6854 5680
4925 2993
4925 5989
2152 7170
2152 6351
3626 6911
5350 3293
5350 6326
349 2591
6149 4660
6149 5877
6149 3125
1437 3290
2577 7067
2948 422
4471 2397
4471 575
2991 4152
2991 5065
2991 860
6166 5729
4146 2657
2116 5827
6153 1852
1283 6935
2758 2299
2758 1344
6169 2187
6804 4858
4160 5653
4160 4666
143 6590
143 273
7170 3221
7170 2413
4100 5827
2372 5603
5680 4460
5680 1332
1520 163
3881 4160
3881 1781
3881 3007
6083 5100
6427 1575
2540 5370
6060 3611
6060 4136
47 2529
4110 2978
6308 4280
1713 1409
4763 6250
5900 6711
5900 3098
5900 581
1030 459
2905 1240
3487 2025
6315 4569
2681 4452
2684 1693
4498 4508
4498 5415
4498 5370
7001 6835
6714 669
6714 6088
3526 6553
5954 6671
5954 2614
3689 803
1936 1701
2994 2475
2917 7018
3434 1423
3434 2889
3633 80
4607 4989
1464 5586
1464 6590
2903 1132
2903 2545
2903 1701
3802 1693
5094 2430
184 3273
236 1324
3145 3044
3145 5375
1577 1604
1128 6051
1128 4863
3702 575
6262 1125
5280 758
2085 6655
2085 3834
2085 5117
2085 1258
3507 5720
463 2860
4789 240
207 5889
207 3840
2635 4721
2635 1632
1019 4396
1019 5724
1019 2929
1019 984
1411 4471
1411 5787
1411 6529
5066 5720
3375 5572
3375 6069
3538 6768
6351 4051
5712 4924
3379 4454
2098 2737
6919 6553
6919 237
6919 4817
6595 3098
3592 1088
6176 4867
4938 3357
4938 7115
573 4228
5055 4355
3414 738
3414 5216
3414 4954
3414 6000
480 506
480 4109
480 3520
480 2393
480 5790
7081 3935
1505 2028
1505 5201
3312 4865
2690 3247
6306 3166
6306 5327
4994 5647
4994 2428
2314 3674
1909 738
6530 4861
2911 5396
2911 805
2911 976
6627 6357
6627 4945
1693 3090
605 6727
3439 6809
2449 187
2449 5117
5185 3520
3919 7113
1832 4094
4469 2690
76 3159
76 947
3243 1902
3243 6971
3243 5785
3044 5561
3044 3186
3044 5125
3695 4890
3695 1731
4722 5712
3947 2106
3370 4863
3589 6666
368 575
5368 4289
1080 1230
1080 5381
6518 4370
6933 2702
3752 1641
3752 4725
3752 2973
3525 2383
1565 5242
1565 507
1565 2212
5004 5065
6003 6511
6003 3132
4718 6537
4718 5398
2143 222
2143 5158
3786 3888
3786 6161
5504 2890
2829 3097
446 4196
446 4040
5501 6777
5501 820
3655 115
3655 1408
3732 2834
3732 3068
141 204
6342 3169
3631 3704
6564 3342
6564 4878
6564 3696
1991 3573
331 5063
331 5200
323 4316
323 615
323 1000
323 5588
1217 1562
2233 4311
6777 2044
6777 6274
6777 356
6278 229
1174 1224
1174 6157
4410 3415
4410 3501
4410 2568
1723 6835
4485 1641
4485 1182
4485 5588
2566 1783
6958 4031
6958 4533
6958 741
6958 6062
4131 2938
4660 6275
4330 2946
4330 540
2339 891
2339 7117
7107 6553
7107 4916
7107 237
7107 4817
6286 5065
4890 4747
4890 1078
1960 1564
3651 2902
1037 6768
541 4936
541 5394
2035 4176
6781 5886
1901 4110
4972 2732
4972 3708
4972 5327
2888 3784
2888 2553
2888 3943
2186 4396
2186 2929
2186 984
3579 7107
4835 6885
4379 819
4747 4196
4747 4396
4747 2219
4747 950
4739 5396
4739 3247
2351 6714
2028 5562
2028 6768
4518 1029
2169 3140
3285 3125
5555 6786
5555 3860
5555 1446
5555 925
192 2085
192 2685
192 3275
4910 4972
3595 2888
6371 3615
6371 1182
4544 5014
2150 2568
2557 2390
2557 6852
6824 1324
6824 5601
212 6463
2847 1132
6908 6185
6908 1273
1852 5023
4673 4311
4567 1088
6946 6842
6946 4263
6946 5755
6946 3908
5711 2022
5711 3553
4006 4358
6885 578
6885 4302
6885 3812
6885 1490
6885 1910
5914 4196
2053 204
2053 4986
6396 2299
4888 6831
6220 5720
254 4666
4769 4835
4769 3812
231 4421
5069 6748
2832 1622
54 58
54 4051
54 1562
3305 5071
1455 4100
1455 3357
1455 3468
1455 3961
5218 2160
5065 3730
5065 7015
5065 4932
2060 5720
1316 6361
1316 5548
1316 691
6616 4559
6616 2364
5410 2022
5410 6650
758 981
758 6407
3204 1842
3141 3145
902 3380
5389 6364
821 6606
821 3630
2004 349
2004 6091
2004 6650
4504 3273
4504 1690
4398 691
3730 5754
4858 609
4858 2736
4858 2211
4858 2413
1429 5414
3972 397
3972 1364
3972 3183
3972 5009
2615 171
4442 5390
3862 1931
3862 5799
6002 1141
6002 1298
6002 2115
5939 54
5939 2247
5939 1569
2642 4160
6828 5482
6828 6575
2230 1214
3744 3212
4196 2615
4196 764
4196 5503
4196 5078
4196 3068
2262 6342
2262 1014
210 5243
49 4094
793 3011
4150 750
5787 3757
6779 3234
6779 3754
6779 7023
2663 2890
2261 3506
4122 7010
5714 826
5186 4151
2412 1214
2412 3183
2472 1089
2472 589
2472 3041
2472 3116
2472 3720
2472 3221
2472 2094
6377 3172
6377 453
6377 1485
6377 2187
6377 6086
6377 3858
6364 3589
3729 71
3729 5386
3729 3082
6293 388
6293 143
6293 273
6293 6331
6293 3100
350 2991
350 1408
3390 3272
3390 4098
4396 5108
4396 3468
1935 6169
1935 4348
6853 6529
5270 37
6838 3679
6838 5865
6838 5442
6838 6599
6838 4382
2870 3302
1705 1974
4508 936
10 854
1157 3439
1157 478
1160 4867
1160 4911
1731 6464
3679 1919
3679 6047
5433 4280
2958 1565
2958 7063
2958 2364
3865 2428
5332 58
5332 4432
469 2053
7034 2413
764 3476
764 1701
5709 2743
6346 5151
1024 6368
3346 584
3965 3812
6991 4132
5533 964
5533 1693
5533 3399
5423 699
5423 2153
5423 6529
5423 3514
6031 3965
325 2106
325 3768
325 5350
5893 3984
5893 5169
4035 1667
3181 2457
4481 1536
4481 5125
2022 4737
2022 6728
2022 1032
6485 4196
6485 2293
5396 916
3115 1974
5338 2736
4709 1089
6993 5785
2592 4848
2592 6775
2592 1562
4831 6544
782 2106
782 430
680 1025
3459 1562
4533 4633
4533 5475
4533 3090
4533 5615
996 4907
5720 6781
5720 3679
5720 1331
5720 5653
5720 1428
5720 6752
5720 3628
5720 3343
458 3439
458 7053
458 2709
1364 1088
1364 5009
2576 388
2576 956
3848 5410
3848 2272
3848 3553
1 4837
1 2690
1 2767
891 469
3330 1891
3330 1165
3330 6537
3330 6511
3330 1456
3330 3547
3330 4098
5557 6650
5557 6024
1941 1711
7142 323
6201 1832
6729 916
857 691
2779 5108
2779 4092
2779 1321
2779 1635
5492 1401
2977 5885
2977 535
2977 1143
2977 1677
1797 6554
1725 1465
1725 3858
1725 4219
3055 7110
3055 4432
3055 2472
3185 5849
896 6306
2777 956
3776 1465
4171 6809
4171 4759
4171 1754
5498 479
6852 6809
2812 5653
1070 5865
1070 5016
6602 5210
4647 1177
6686 6001
4016 3776
4016 2132
6581 187
6581 4816
6581 4548
6581 539
6581 174
6581 666
6581 6178
624 2981
624 163
688 3906
688 1687
3529 5216
2253 2992
6320 4879
1813 284
1262 4863
4625 2525
4188 2351
3719 3044
3719 5017
3719 1651
3719 6463
4939 4360
1189 6511
2561 3113
3784 6008
3784 6792
454 4407
454 7057
454 2413
5865 6768
5865 6177
5865 6607
4024 649
1674 3129
1354 6772
3286 4468
1078 6464
1078 5848
1078 6677
1078 5725
5253 78
5253 4489
5253 1059
5253 3562
5293 6752
1891 3390
1891 4098
1891 3875
1891 5626
2868 374
1924 1513
430 4403
430 1344
1272 6295
1272 174
7010 2185
7010 2767
7010 5449
7010 6830
7010 4646
2529 4103
3121 4659
2247 58
2247 1562
4848 6377
3517 1952
3517 5959
970 4280
1598 2054
4225 7175
4225 4040
2147 4308
2147 871
2068 1399
6096 7112
6096 5503
6096 5334
6096 2293
1403 3618
7068 6890
2008 6428
2855 18
2855 1387
2855 3961
5786 223
1425 5989
1425 6487
3522 6417
3357 4537
1035 4299
3342 3068
3252 5587
4128 6111
4128 3995
2744 5989
5582 5822
4309 4709
4309 3041
4930 5830
4930 1622
3063 6518
3063 3247
7175 4024
