473 1894
6085 5436
6085 6293
691 5042
691 2015
691 2114
691 1919
691 6047
691 1280
1065 7123
1065 1037
1036 4548
6851 581
6851 3335
2600 4938
7171 2958
7171 3155
7171 4881
7171 967
3482 5893
1328 6468
5164 479
5164 575
5314 7023
6529 3357
3239 6485
4358 2615
4358 3007
3071 3011
1940 4358
1348 1693
5142 3275
6240 1455
6240 3429
6240 4907
6051 1641
2078 5830
2078 6088
4612 3183
1000 2468
7176 2247
590 2301
590 3097
590 1428
590 3343
590 5016
64 4990
64 774
64 3125
5693 3857
6829 1832
6829 4196
3939 3416
2553 6511
3399 2085
1986 2973
4088 4823
1677 6149
3132 117
3132 1240
4342 5503
4342 1125
2378 2861
2353 6251
5508 4622
1182 1641
6936 2115
86 1125
3681 4534
1439 575
1439 7082
2755 1990
289 1776
4119 3221
1293 3698
3875 3440
3875 2615
3875 1456
3875 3790
3221 4196
3221 453
3221 6995
7099 5886
5240 4569
3943 5886
5558 7110
5558 480
3352 3097
5892 4464
5892 5903
6358 3440
963 7024
921 1890
3765 2086
6088 3381
6088 1622
6088 6784
6088 3125
2934 5063
5358 7121
5358 5405
5358 4684
2446 6911
6398 3357
6035 5959
2737 323
2736 0
2270 192
5905 58
5905 6135
5905 2359
5905 2393
3391 1111
3391 3534
871 3991
871 5055
871 3305
871 6995
5128 3014
5128 6584
5128 1300
1537 6169
1537 4355
770 5989
5151 3627
5151 5989
3343 2732
3343 3025
3343 3667
4161 6326
1339 3961
540 2946
949 573
443 3933
4608 2614
7125 3274
2648 3458
1675 2767
178 6650
2503 58
398 3357
398 479
5236 1641
3620 6589
3620 3486
3620 3040
2334 976
132 3289
6058 4951
6058 3908
3858 5633
3858 1562
3858 2121
3858 2187
3858 5405
6998 5886
3696 5724
3696 2016
4293 5315
4293 2428
5843 5720
5843 5080
6463 1813
799 6937
3510 4389
2952 1713
2952 6368
290 1296
290 4283
4730 4894
4102 3652
4102 1889
4953 2064
750 2121
750 3075
3012 148
5588 4410
5588 7117
5588 1182
5573 575
5647 69
4213 1567
4213 283
5169 3984
6596 3090
4116 4954
4116 6000
4116 3510
2211 3960
2211 5613
1408 538
1408 453
1408 4119
1408 912
128 4666
1876 6201
1876 6417
1876 7117
1876 6051
459 3589
459 6650
4367 750
3657 6
1124 1778
1124 5905
5417 4486
2428 1408
2428 4407
2428 4411
6501 2991
6468 6147
6468 3300
4315 210
3396 5200
3486 1931
4748 3274
4595 3620
6040 1693
1663 1493
1663 64
1787 1940
1787 5444
6036 6573
3001 1562
4817 7107
4817 276
570 2449
3553 3620
3553 4652
2667 3429
2667 4907
7158 3780
2939 2973
1502 6911
4114 276
6784 6423
174 113
5405 3638
3007 7123
3007 1132
3007 3378
6909 1117
4589 2805
2447 6831
4019 2301
4494 2635
4494 3011
167 5937
1003 4280
1003 3283
1003 6251
2040 837
1868 3040
666 113
4012 2681
4012 3294
4892 5319
466 1863
2591 4652
5884 2255
4407 4196
4407 3357
4407 3221
4407 4932
967 7063
967 2826
5602 2047
5267 2028
1223 7145
5559 2888
6260 5065
6260 2428
391 3908
6894 2847
6894 1931
3927 2106
1701 3663
3003 3908
735 4948
735 319
735 296
735 1330
5549 5857
6818 463
5721 3306
5721 6876
5721 4897
5721 1816
1862 5603
5219 3475
5219 3887
5219 2952
1575 3243
5192 6067
5192 3040
6491 1562
983 2861
983 5080
7082 764
7082 3428
3562 3015
987 6293
987 956
1326 3782
6801 1488
2209 2175
2115 5778
5480 342
4900 605
4900 3866
2062 2973
5081 5375
898 5683
6087 1974
6087 5864
6835 6657
6835 3894
2872 5456
2872 2034
363 7153
1962 3274
3780 764
3780 7082
3484 843
3484 5423
3484 2034
3484 4935
3484 6211
3484 3568
6001 6666
6001 4492
6001 2303
1280 6428
6435 3575
6435 1399
1754 1650
1604 5
1604 2948
1604 2233
1604 4311
1604 6024
1604 5989
1648 6666
2379 4196
3157 3424
3157 7145
3157 3212
3068 1132
3068 7115
3068 171
3068 4698
3068 557
3068 4214
3214 764
3214 7082
3480 541
3480 4936
5404 2375
5404 6128
2413 5489
2413 6616
2413 6995
519 1047
4821 7123
4821 1685
4821 3146
4144 236
5695 1423
283 2493
2843 4461
6146 4983
6146 3357
6146 6529
5203 3003
1921 528
163 4196
721 1575
5808 575
431 6096
431 4214
431 2869
40 18
40 3845
40 5223
40 925
984 3429
984 4907
32 2254
32 2950
3260 4951
7062 97
101 5396
101 3247
101 1495
3339 5201
3735 2724
3735 2516
3735 1153
3437 1418
3437 7182
3437 1728
3437 4534
3437 6387
5103 6087
6062 6590
6062 4534
6062 4863
4179 723
4179 3275
4179 67
3125 1376
3125 2889
3125 1495
3125 5199
3125 1575
1838 2865
7426 7341
7426 7218
7426 7222
7426 7421
7443 7285
7443 7395
7443 7186
7443 7453
7443 7223
7443 7230
7443 7456
7443 7218
7443 7337
7443 7231
7443 7417
7443 7394
7443 7446
7443 7185
7443 7459
7443 7291
7443 7355
7443 7298
7443 7348
7443 7239
7443 7262
7443 7368
7443 7448
7443 7422
7203 7293
7203 7395
7203 7209
7203 7234
7203 7256
7203 7192
7203 7365
7203 7247
7203 7361
7203 7267
7203 7421
7203 7385
7203 7300
7203 7200
7424 7186
7424 7288
7424 7236
7424 7185
7293 7223
7293 7283
7381 7301
7381 7270
7381 7188
7381 7330
7381 7441
7381 7284
7381 7385
7381 7339
7244 7293
7244 7304
7244 7419
7244 7218
7244 7222
7244 7321
7244 7375
7244 7231
7244 7247
7244 7185
7244 7344
7244 7300
7244 7368
7255 7293
7255 7381
7255 7187
7255 7186
7255 7223
7255 7184
7255 7302
7255 7371
7255 7279
7255 7233
7255 7427
7255 7200
7255 7232
7255 7204
7255 7429
7196 7186
7196 7227
7196 7416
7196 7384
7196 7427
7196 7291
7196 7368
7196 7191
7187 7226
7187 7236
7277 7395
7277 7453
7277 7184
7277 7233
7277 7441
7277 7339
7304 7395
7304 7419
7304 7246
7304 7375
7304 7441
7304 7247
7304 7361
7304 7344
7285 7200
7285 7263
7285 7339
7318 7304
7318 7321
7318 7231
7318 7247
7318 7283
7318 7185
7318 7348
7318 7353
7318 7262
7318 7204
7438 7426
7438 7240
7438 7325
7438 7256
7438 7222
7438 7400
7438 7441
7438 7290
7438 7459
7438 7299
7438 7421
7438 7298
7438 7239
7438 7200
7438 7369
7438 7310
7438 7429
7438 7448
7235 7187
7235 7412
7235 7223
7235 7288
7235 7256
7235 7218
7235 7454
7235 7236
7235 7262
7235 7368
7190 7285
7190 7186
7190 7227
7190 7274
7190 7222
7190 7446
7190 7283
7190 7402
7190 7291
7190 7355
7190 7201
7190 7353
7190 7390
7190 7239
7190 7367
7190 7191
7190 7429
7373 7186
7373 7450
7193 7293
7193 7184
7193 7416
7193 7451
7412 7293
7412 7190
7412 7223
7412 7416
7383 7227
7383 7408
7383 7361
7383 7217
7398 7426
7398 7341
7398 7419
