7465 7236
7465 7446
7465 7283
7465 7427
7465 7348
7465 7445
7465 7368
7465 7429
7198 7246
7227 7441
7288 7187
7288 7186
7288 7226
7288 7441
7288 7446
7288 7348
7288 7367
7288 7429
7408 7246
7408 7232
7408 7448
7269 7184
7269 7314
7269 7452
7269 7216
7269 7456
7269 7389
7269 7377
7269 7218
7269 7188
7269 7222
7269 7416
7269 7365
7269 7282
7269 7406
7269 7324
7269 7441
7269 7247
7269 7402
7269 7355
7269 7421
7269 7348
7269 7353
7269 7445
7269 7329
7269 7239
7269 7367
7269 7262
7269 7368
7269 7339
7269 7429
7251 7184
7336 7256
7336 7448
7314 7184
7314 7214
7314 7441
7314 7348
7314 7451
7314 7239
7332 7285
7332 7412
7332 7216
7332 7270
7332 7456
7332 7256
7332 7218
7332 7441
7332 7284
7332 7201
7332 7252
7332 7239
7332 7262
7332 7368
7332 7191
7332 7339
7212 7333
7212 7256
7212 7278
7212 7433
7212 7347
7287 7395
7287 7453
7287 7280
7287 7256
7287 7206
7287 7291
7287 7339
7371 7255
7371 7285
7371 7412
7371 7227
7371 7216
7371 7270
7371 7456
7371 7256
7371 7294
7371 7218
7371 7188
7371 7441
7371 7284
7371 7320
7371 7201
7371 7252
7371 7385
7371 7239
7371 7219
7371 7262
7371 7368
7371 7191
7371 7339
7371 7204
7452 7348
7452 7239
7328 7348
7437 7192
7437 7406
7437 7441
7437 7361
7437 7239
7437 7429
7450 7293
7450 7412
7450 7395
7450 7186
7450 7223
7450 7184
7450 7216
7450 7270
7450 7456
7450 7362
7450 7256
7450 7218
7450 7188
7450 7441
7450 7446
7450 7320
7450 7402
7450 7291
7450 7201
7450 7385
7450 7300
7450 7347
7450 7239
7450 7262
7450 7368
7450 7339
7447 7184
7447 7218
7447 7222
7447 7416
7447 7441
7447 7267
7447 7322
7447 7323
7447 7348
7447 7445
7447 7368
7447 7429
7432 7255
7432 7285
7432 7412
7432 7227
7432 7216
7432 7270
7432 7456
7432 7256
7432 7294
7432 7218
7432 7441
7432 7284
7432 7201
7432 7252
7432 7239
7432 7219
7432 7262
7432 7368
7432 7191
7460 7280
7460 7256
7460 7206
7460 7291
7301 7256
7234 7426
7234 7184
7234 7314
7234 7389
7234 7377
7234 7218
7234 7188
7234 7222
7234 7416
7234 7282
7234 7406
7234 7441
7234 7247
7234 7355
7234 7421
7234 7348
7234 7353
7234 7445
7234 7239
7234 7367
7234 7368
7234 7429
7234 7448
7216 7381
7216 7256
7216 7188
7216 7402
7197 7184
7197 7441
7197 7446
7197 7348
7403 7184
7403 7416
7403 7441
7403 7322
7403 7323
7403 7348
7403 7445
7345 7426
7345 7293
7345 7187
7345 7285
7345 7395
7345 7186
7345 7453
7345 7465
7345 7184
7345 7288
7345 7314
7345 7216
7345 7270
7345 7197
7345 7456
7345 7389
7345 7274
7345 7256
7345 7377
7345 7218
7345 7188
7345 7222
7345 7416
7345 7337
7345 7282
7345 7406
7345 7226
7345 7441
7345 7247
7345 7236
7345 7446
7345 7283
7345 7354
7345 7315
7345 7295
7345 7427
7345 7322
7345 7355
7345 7421
7345 7348
7345 7353
7345 7385
7345 7445
7345 7329
7345 7300
7345 7451
7345 7239
7345 7367
7345 7219
7345 7262
7345 7368
7345 7339
7345 7369
7345 7429
7345 7448
7463 7196
7463 7395
7463 7453
7463 7380
7463 7280
7463 7256
7463 7306
7463 7321
7463 7231
7463 7195
7463 7361
7463 7217
7463 7446
7463 7384
7463 7194
7463 7291
7463 7390
7463 7457
7463 7339
7463 7448
7389 7282
7389 7355
7389 7348
7279 7441
7387 7456
7387 7218
7387 7368
7387 7339
7274 7456
7274 7218
7274 7416
7274 7441
7274 7446
7274 7445
7274 7262
7274 7368
7274 7339
7419 7222
7419 7445
7362 7293
7362 7412
7362 7395
7362 7270
7362 7456
7362 7256
7362 7218
7362 7416
7362 7324
7362 7441
7362 7361
7362 7283
7362 7354
7362 7445
7362 7300
7362 7262
7362 7368
7362 7339
7380 7402
7280 7285
7280 7395
7280 7453
7280 7256
7280 7321
7280 7231
7280 7441
7280 7361
7280 7446
7280 7390
7280 7239
7280 7339
7325 7412
7325 7450
7325 7456
7325 7240
7325 7218
7325 7406
7325 7321
7325 7441
7325 7361
7325 7250
7325 7393
7325 7262
7325 7368
7325 7263
7325 7339
7325 7429
7326 7416
7326 7365
7326 7406
7326 7413
7326 7355
7326 7348
7326 7353
7386 7246
7386 7297
7386 7448
7256 7395
7256 7453
7256 7216
7256 7321
7256 7231
7256 7441
7256 7361
7256 7446
7256 7320
7256 7402
7256 7194
7256 7291
7256 7385
7256 7390
7256 7339
7256 7448
7294 7285
7294 7412
7294 7453
7294 7223
7294 7216
7294 7270
7294 7456
7294 7256
7294 7218
7294 7441
7294 7284
7294 7201
7294 7252
7294 7385
7294 7239
7294 7219
7294 7262
7294 7368
7294 7191
7294 7339
7294 7429
7377 7348
7305 7426
7305 7395
7305 7227
7305 7408
7305 7270
7305 7256
7305 7246
7305 7306
7305 7222
7305 7416
7305 7337
7305 7406
7305 7231
7305 7441
7305 7361
7305 7459
7305 7421
7305 7445
7305 7191
7305 7369
7305 7448
7218 7293
7218 7412
7218 7223
7218 7456
7218 7222
7218 7416
7218 7228
7218 7247
7218 7366
7218 7445
7218 7262
7218 7368
7218 7339
7378 7381
7378 7216
7378 7188
7378 7320
7378 7385
7292 7447
7292 7389
7292 7365
7292 7282
7292 7406
7292 7267
7292 7355
7292 7348
7292 7353
7292 7445
7307 7443
7307 7462
7307 7406
7188 7216
7188 7256
7188 7385
7213 7381
7213 7184
7213 7216
7213 7188
7213 7214
7213 7315
7213 7348
7213 7404
7213 7385
7213 7329
7213 7451
7213 7346
7214 7184
7428 7184
7428 7216
7428 7188
7428 7329
7340 7456
7340 7419
7340 7380
7340 7416
7340 7361
7340 7445
7340 7339
7258 7187
7258 7186
7258 7456
7258 7218
7258 7446
7258 7262
7258 7368
7258 7339
7268 7285
7268 7395
7268 7453
7268 7280
7268 7256
7268 7441
7268 7206
7268 7291
7268 7409
7268 7339
7416 7218
7416 7222
7416 7445
7416 7368
7416 7339
7192 7285
7192 7395
7192 7186
7192 7453
7192 7437
7192 7270
7192 7256
7192 7337
7192 7406
7192 7441
7192 7261
7192 7361
7192 7427
7192 7348
7192 7239
7192 7200
7192 7191
7192 7339
7192 7429
7278 7298
7278 7448
7436 7293
7436 7184
7436 7314
7436 7447
7436 7403
7436 7389
7436 7218
7436 7188
7436 7222
7436 7416
7436 7365
7436 7282
7436 7406
7436 7441
7436 7283
7436 7267
7436 7322
7436 7355
7436 7421
7436 7323
7436 7348
7436 7353
7436 7445
7436 7289
7436 7300
7436 7451
7436 7368
7436 7429
7436 7435
7430 7314
7430 7447
7430 7403
7430 7389
7430 7222
7430 7416
7430 7365
7430 7282
7430 7406
7430 7441
7430 7413
7430 7283
7430 7267
7430 7355
7430 7421
7430 7348
7430 7353
7430 7445
7430 7367
7430 7429
7365 7389
7365 7406
7365 7355
7365 7348
7365 7353
7365 7445
7337 7187
7337 7285
7337 7395
7337 7186
7337 7453
7337 7270
7337 7380
7337 7256
7337 7192
7337 7406
7337 7321