6211 3651
6211 61
6211 2673
6211 1968
3089 5115
3089 2233
3089 1596
3089 1070
3089 6599
3089 4382
3089 7153
1530 6768
1530 3520
2211 6995
2211 2413
4985 4219
4238 3055
4238 6296
4238 2064
1408 1565
1408 5069
1408 6096
1408 3834
1408 5482
1408 6768
1408 100
1408 5905
1408 3244
4842 2736
128 3881
128 254
128 6028
128 1604
6568 4355
1876 5339
1876 255
1876 463
1876 4196
1876 2675
1876 671
1876 4240
1876 523
1876 4316
1876 1845
4822 1562
4822 1479
4822 3520
5015 342
5015 5480
3566 222
3566 6553
3566 4569
459 822
6148 1214
6148 463
6148 2468
6148 2118
5626 2180
5626 6990
1329 3736
1329 2577
1329 16
3657 6744
3657 5535
3657 2176
6067 6666
1124 3911
1124 201
1124 2932
1124 4584
1124 5902
1124 5522
5417 1019
5417 6564
5417 5423
5417 6066
2428 6847
2428 1703
2428 4152
2428 4031
2428 3052
2428 6549
2428 1974
2428 1397
2428 145
2428 5647
2428 4863
2428 1688
3602 5022
1767 1808
6501 6122
6501 4103
6501 4152
6501 7170
6501 860
6501 1562
6501 616
6501 1253
6709 3540
2010 6096
2010 6674
2010 2103
2010 957
2010 5071
2010 3961
1158 2936
1158 6045
3294 4245
1656 573
1656 3589
1656 3595
1656 3157
3130 3185
3130 5405
6822 6919
6822 375
1635 2789
1635 1942
1635 2937
1635 3440
1635 4747
1635 7115
1635 4389
1635 768
1635 6458
1635 1528
1635 4924
1635 3754
1635 2003
1635 5268
1635 2720
6468 2778
6468 2028
6468 1825
6468 2139
6468 6927
6468 790
6468 4136
5105 6472
3959 3434
3959 789
3959 6244
3959 5133
3959 3855
3959 79
3959 1258
3959 4821
3959 2826
3959 5695
4315 4928
4315 5243
4315 5588
4561 2888
4561 1539
4561 3728
2587 4527
5874 6485
5874 5503
5874 1926
5874 6187
5874 4317
5874 2293
5874 2146
3672 5044
3672 1036
3396 701
3396 3953
6478 981
2784 116
2784 6142
2784 5983
2784 5394
2784 3007
2784 2447
3574 1080
3574 1974
1375 2657
1375 6363
1375 3564
1375 5937
1375 2984
5569 6532
5519 1562
2255 6142
2255 4617
2255 2732
2255 6244
6074 6147
3486 5748
3486 3529
3486 722
3486 4314
3486 4872
4595 3057
2330 6129
27 2707
371 4316
4403 2796
4403 358
4403 4161
4403 3527
6040 2396
6040 1272
6040 3561
6040 187
6040 1238
6040 1248
6040 401
6040 3368
6040 4692
5078 5712
5078 1641
5078 4196
5078 2468
5078 4117
5078 3123
1663 6518
1663 7098
1663 2590
1663 3069
1663 6990
1663 3819
1663 5405
1787 629
3811 6184
6036 6801
3233 6177
3233 3734
3233 472
5014 3589
2670 1711
3899 1856
3899 6406
3001 58
3001 1230
3001 229
2007 6639
6647 6958
6647 3957
4817 6147
4817 3768
4817 3662
4817 5007
4817 3719
4817 430
4817 5201
4817 3385
4817 2139
4817 853
4817 750
4817 6074
4817 4114
4817 284
4219 6657
4219 4827
4219 5346
1059 5253
1059 5493
1059 78
1059 356
4099 4769
4703 6427
4703 1822
570 6594
570 2444
570 4945
570 174
570 229
3553 1199
3553 3589
3553 6686
3553 6650
2667 1455
2667 996
2667 3066
2667 985
2667 984
4652 349
4652 6126
4652 205
4652 4823
7158 3518
7158 969
1857 3243
1857 484
1857 5611
1857 2927
1857 575
1857 1065
1857 1258
1857 5785
4114 4193
4114 5350
4114 5201
4114 1825
4114 4246
4114 853
4114 5816
2168 764
6784 6662
6784 6071
6784 1022
6784 2134
174 3951
174 2973
174 4505
6935 4533
6935 6250
6935 1085
3709 843
3709 3568
3433 2557
3433 478
6418 2248
1292 6587
1292 5948
1292 725
5405 2279
5405 2479
5405 4875
5405 4468
5405 3339
5405 6241
62 5642
62 6586
62 5122
62 3708
62 2112
62 1192
3007 4311
3007 6729
3007 2767
3007 2732
3007 722
3007 887
3007 6750
3007 2112
3007 5310
3007 4666
3007 3790
3007 3033
3007 128
3007 3959
3244 3311
3244 6563
3244 3309
4863 601
4863 1779
4863 3404
4863 6351
4863 1832
4863 1418
4863 2212
4863 4333
4863 113
4863 3485
4863 2175
4863 3339
5791 5562
5587 3991
5587 1611
5587 3866
5587 6442
5587 4900
6909 2998
6909 5170
2861 1070
4589 3052
4589 916
4589 5861
4589 6768
4589 2864
4589 4219
4589 1253
787 430
6207 1856
3629 58
3629 519
3962 1876
2426 3903
2426 6472
3857 1372
1344 2758
1344 1825
1344 927
1344 3935
1344 3611
3915 580
2447 7066
4019 6552
4019 3600
4019 5115
6487 6976
6487 5045
6487 1425
6487 6973
6487 2691
6487 4908
6487 555
4494 4193
4494 6606
4494 3490
4494 303
167 2638
167 2160
167 4421
167 2736
4328 260
4328 6320
4328 1324
4328 17
4328 6830
4328 5444
492 849
492 3534
492 3866
1003 4659
1003 2131
1003 5200
3040 4894
3040 2522
3040 3093
4468 1641
4468 6377
4468 4355
4022 3904
4022 3776
4022 4119
2040 5683
6742 5350
6742 2028
6742 3175
6742 3935
6742 4161
1463 1019
1463 6188
1463 1805
1463 4907
1463 2978
2401 4948
2401 4410
2401 296
6269 4660
6269 5174
6269 506
6269 4297
6269 4968
6269 2209
3568 4889
6680 4040
6680 4959
396 3357
811 3048
5663 237
1646 3357
1646 2430
1646 4247
974 6111
974 6853
974 3965
5790 58
5790 6809
5790 5991
5790 5039
5790 2471
5790 6590
5790 580
5790 4872
5790 2175
5790 1677
1224 854
1224 5059
1224 6157
102 5714
102 6015
2516 2690
2516 2767
2516 3272
2516 3110
2516 3033
2516 5468
1953 6342
1953 758
1647 1035
1647 5693
4672 1751
666 6744
666 1641
666 201
666 3265
666 3951
666 1074
666 1258
666 565
1259 4132
1259 5023
6456 3167
4012 1230
4012 4245
4012 229
4892 4747
4892 2468
4892 6096
4892 2901
4892 3510
2309 654
4982 4724
4982 3890
2591 3406
2591 2004
2591 6650
5884 2453
5884 2115
2696 1648
4407 2615
4407 6201
4407 6317
4407 2855
4407 3047
4407 3116
4407 6256
4407 3378
4407 2869
4411 5615
3621 5441
3621 6363
967 1087
967 5908
967 4281
967 5069
967 3936
967 2558
967 5686
967 1012
915 4908
915 1622
915 5199
5602 2638
472 2545
472 3599
472 5155
1350 4471
914 5715
914 1455
914 796
914 6680
4947 3401
4947 2986
4947 5302
4947 2556
4947 2146
4947 5874
5037 4533
5037 1272
5037 6835
1223 3784
215 4666
1417 4739
1417 1902
1417 5488
1417 1677
79 780
79 6071
79 4490
79 658
79 1074
79 4863
1061 1495
4528 1328
6260 2605
6260 3246
6260 5093
6260 4373
6260 5769
6260 5864
6260 4059
6260 69
391 6946
3082 71
3082 3784
4095 4855
4637 106
4637 3167
4637 2248
4968 1548
2835 4075
2514 143
1914 3600
1914 6838
1914 3097
6894 5748
6894 4186
6894 4024
6894 5420
6894 740
6894 784
6894 2545
6894 4846
6894 3790
6894 6589
6894 2600
6894 5989
6894 24
6472 3406
6472 6666
6472 3620
7046 5603
3462 4832
3462 6442
3462 5587
3927 3820
5005 1230
5005 49
5005 6132
5005 6243
5005 2359
5005 79
1816 58
1816 2805
1816 4660
1816 3377
1816 3634
1816 6655
1816 3041
1816 2486
1816 1938
1816 3340
1816 3291
1816 4297
1816 3520
1816 3319
1816 1085
1816 5219
1816 4702
1816 101
4669 6256
1701 2805
1701 3440
1701 1042
1701 629
1701 1456
1701 6244
1701 4358
3003 5665
3003 4010
3003 4465
3988 2732
3988 3025
3988 4963
2559 340
735 2398
735 2401
4684 3377
4684 2068
3908 5665
3908 4010
6698 5914
558 6554
5549 6854
936 480
936 5332
936 2343
936 6138
817 4038
817 5683
817 837
923 5368
923 5586
2505 3021
2505 4676
5009 1214
5009 6754
5009 2053
5009 4240
5009 3183
5009 2246
5009 1845
5009 2622
5721 454
5721 7053
5721 2709
5721 5739
5721 4297
5721 5790
5721 7027
1862 6919
1862 1562
2358 543
2358 710
2358 557
2358 5587
2649 4426
2649 4010
2649 4951
2649 32
1497 1066
1497 4888
1497 2262
1497 4936
1497 6443
1497 5394
1497 1709
1497 5747
2640 5004
4462 6306
5219 1713
5219 1588
5219 1274
5219 6087
4620 4821
6692 6905
6692 4326
6692 3311
6692 1715
1644 5330
1644 2150
1644 4889
5477 2434
5477 755
806 5611
806 3544
806 575
806 6978
806 2556
806 1857
806 6784
1575 4930
1575 5877
1575 303
1575 3272
1575 6882
1575 1677
1575 4423
1575 3548
1575 3125
203 6494
203 5229
203 740
858 6976
858 2948
858 7123
858 1132
858 669
858 2710
858 1544
858 1582
5903 282
5903 1607
5903 2805
5903 6714
5903 5801
5903 2560
5903 2714
5903 3340
5903 5375
5903 5125
5903 1575
5903 5081
5192 252
5192 713
983 3875
2485 3385
1131 1083
1131 2882
1131 4655
1131 1292
7082 4722
7082 2768
7082 5503
7082 3273
7082 7158
6767 1529
3562 1019
3562 6564
3562 1078
3562 5253
3562 5493
3562 4
3562 5429
3562 5198
6319 459
987 4346
987 3520
1274 2982
1274 5631
6801 584
6801 4536
6801 5710
1246 4152
1246 2393
6526 619
1937 4816
1937 4282
1937 1644
1937 3068
4641 4536
4622 1066
4622 17
4622 3311
4622 6563
4622 1046
4622 3480
126 1701
6374 7107
2209 5686
2209 1074
2209 4863
2209 6909
3309 589
3309 3340
3309 1253
2115 5867
2115 7164
2115 5127
2115 1953
5139 6361
2364 4633
2364 966
2364 3245
2364 1074
2364 4404
5480 3406
5480 1199
5480 4023
5480 6322
5480 1934
842 5268
1680 3560
4996 3891
4900 4938
4900 193
3493 3589
3493 3620
6178 4938
6178 4592
2062 115
2062 4639
2062 1258
5081 4289
5081 5379
5081 1495
1240 6838
1240 3679
1240 5720
1240 1428
1240 2475
1240 5080
1432 4426
1432 4279
4300 2767
4300 5122
4300 2112
4300 94
4300 2194
4300 62
898 6671
898 2614
898 1822
898 4703
898 2040
633 3493
2205 2540
2205 4498
2205 4309
2205 3720
2205 4724
2205 1837
2205 1124
2205 4219
2205 5346
2869 4719
2869 4698
4413 3589
4413 6364
4413 4823
6903 2499
7057 5242
7057 5633
7057 5088
7057 2354
6087 143
6087 5680
6087 2472
6087 458
6087 454
6087 6288
6087 1658
6087 6500
6087 3334
6087 3894
6087 4272
6087 1408
6835 5186
6835 1870
6835 4573
6835 3834
6835 6357
6835 5741
6835 6250
6835 3874
6835 4945
6835 3368
2787 1828
2787 285
2872 5423
2872 5503
2872 4928
2872 2673
2872 5223
2872 4455
2872 6755
2872 4287
2872 6531
2872 1701
1910 4471
1910 3159
1910 1635
2845 1230
2845 6725
2845 6768
2845 79
3583 5077
4911 6417
4911 1983
4911 2943
4911 2834
5585 2615
5585 5006
5585 5801
5585 6117
3755 1010
7071 4358
7071 3007
1962 7125
6872 4518
6872 5603
6872 4147
3780 2768
3484 3804
3484 7112
3484 5287
3484 1998
3484 4980
3484 4707
3484 4420
3484 2219
3484 2728
3484 6304
3484 1463
752 6529
752 1635
1770 6050
1770 2690
1770 2180
1770 5396
1770 2732
1770 3272
1770 3290
1770 6499
1770 4622
5226 4951
3530 1493
3530 1663
1601 99
1601 5197
1601 4852
1280 18
1280 2430
1280 1617
5200 6327
5200 4017
5200 4691
5200 3396
5710 5513
5710 5483
5710 5328
5710 4339
2973 5994
2973 5452
2973 3911
2973 4100
2973 4397
2973 2681
2973 7016
2973 3752
2973 2468
2973 109
2973 6243
2973 3265
2973 3520
4702 1449
1957 1316
1957 1640
1749 4912
5564 2789
5564 1942
5564 2847
5564 5268
6435 3245
6435 6275
1754 4960
1754 4152
1754 5680
1754 5065
1754 2156
1754 1408
1754 4407
1604 4837
1604 7123
1604 4673
1604 2732
1604 5437
1604 6918
1604 64
1604 3735
1769 1856
1769 4863
532 5437
6995 5065
6995 2472
6995 1493
6995 7128
6995 4094
6995 4119
6995 3672
2643 6463
775 3618
2801 6639
307 4161
3638 5849
6119 3052
6119 5093
6119 7015
6119 3291
1648 1970
1648 3360
1648 5192
4989 4607
4989 4242
4989 6005
5002 349
5002 4823
3350 3595
3350 5886
5688 5077
5521 1556
5521 1632
2379 1083
2379 2073
2379 4913
2379 4859
2379 3482
3157 4311
3157 3563
3157 6752
4515 6060
4515 3605
4515 3611
2144 143
2144 5491
2144 273
2144 4861
2188 1822
6027 6917
284 839
284 4403
6545 4370
6545 1493
6545 1258
6545 2826
3068 6216
3068 2025
3068 2465
3068 6245
3068 543
3068 7016
3068 6135
3068 4455
3068 5902
3068 5989
3068 6442
3068 1074
4639 5994
1258 3321
1258 3554
4323 3874
4323 3368
4323 3672
4323 666
4323 6615
3890 4938
3890 4889
4199 2022
3214 3835
3214 1221
3214 2768
3214 5898
3214 969
3480 260
3480 6905
3480 556
3480 5508
3480 1014
3480 364
4271 4606
5404 6425
5404 5158
2981 6562
2981 682
3737 1214
5644 3055
5644 2064
2413 6278
2413 2558
2413 7052
2413 1148
2413 5598
2413 6256
2413 3681
2413 1259
3113 1354
2009 2152
2009 7170
2009 3098
2009 3894
2009 1408
2009 6995
2539 3287
5373 2888
519 58
519 5530
4821 3589
4821 1359
4821 6452
4821 2732
4821 5437
4821 2590
4821 5988
4821 5310
4821 3212
4821 3628
4821 2516
4821 1604
4821 4823
4821 1153
4144 5867
4144 541
4144 556
4144 3290
4144 6704
4144 5508
4144 1014
5600 6809
5600 5332
5600 6542
5600 1567
5600 5211
5600 4407
5695 6216
5695 4657
5695 6993
5695 338
5695 3069
5695 4897
5695 6978
5695 1816
229 5633
5131 6589
2132 1254
2750 192
2750 581
1337 5720
1337 6788
4560 4051
4560 1258
283 4432
3217 3428
3217 2623
2843 2185
2843 58
2843 3756
2843 5877
2843 556
2843 3674
2843 4872
1419 5586
1419 6087
5346 5044
5346 115
5346 1641
5346 405
5346 1885
5346 6130
5346 4881
2908 3434
2908 3285
2908 1354
2908 1622
2908 68
2908 7062
122 729
122 5559
6146 4454
3088 5398
3088 518
5203 3930
5203 5658
5203 6049
5203 4010
5203 4691
5203 4465
6890 4093
6890 422
6890 6987
2158 4104
2158 4801
1264 1025
1264 4954
1264 2293
1264 4287
1978 3000
1978 3286
1978 3283
1978 16
1978 2685
1978 3874
1978 2973
3527 2624
4003 5603
4003 237
4003 375
5080 5262
5080 5570
5080 1428
5080 3343
5819 4188
5819 5601
5819 7053
5819 916
5819 3247
5819 774
5819 6117
5819 1449
5819 858
5819 3125
4729 1641
4729 201
4729 4559
4729 6
4729 2558
4729 2685
4729 5522
4729 5117
4729 5236
4729 1085
4729 3657
4729 4404
2494 5002
648 4569
648 5663
648 4147
3263 282
3263 4566
3263 1426
1921 4968
1430 229
4676 6142
4676 6650
4676 3620
163 6377
163 2018
163 5482
163 5625
163 723
163 4691
163 6418
4147 1997
4147 1828
4147 3662
4147 4295
4147 6553
721 5199
721 6088
565 5535
3863 7034
1776 5470
5808 4471
3649 6027
7058 774
7058 5989
7040 6070
7040 2801
6819 1693
6819 4658
1438 5994
1438 538
1438 7023
1438 1182
1438 431
431 2465
431 6245
431 529
431 7095
431 4454
431 5169
431 4863
2575 6528
1688 69
2461 3611
1075 1320
1075 4863
4823 1655
1999 199
1999 6765
1999 4544
40 6167
40 1998
40 3757
40 2872
6121 18
6121 3357
364 111
364 760
4959 5456
4959 230
5468 4300
3514 1646
984 4623
984 4839
984 5724
984 4715
984 2929
984 6722
984 4220
2454 2814
2454 1442
32 6946
32 6049
32 4010
32 723
32 391
32 2649
1461 4722
1461 1125
3603 3274
4505 3381
4505 6423
4505 6135
4505 4768
4505 2176
4505 6784
4505 1258
4505 5346
7062 4420
7062 1321
7062 1028
101 6259
101 2471
101 6590
101 2175
101 1449
101 5211
3339 430
3339 2651
3339 381
1153 5628
1153 556
1153 5418
1153 696
6231 4859
6231 4655
3735 5280
3735 5628
3735 556
3735 6244
3735 1582
3735 94
3437 1565
3437 870
3437 4318
3437 5615
3437 5133
3437 7149
3437 831
3437 2874
5103 2842
5103 1052
5103 5943
6062 507
6062 3810
6062 6636
6062 2558
6062 945
6062 5308
6062 6094
6062 2212
6062 6978
3218 3913
3218 1942
3218 692
3218 3754
3218 2012
6912 4193
6912 3011
6912 4494
495 2004
495 4107
495 3040
495 4823
696 2275
696 6528
6792 3784
6792 5757
3050 4227
4932 3771
6241 3135
6241 2181
148 6550
1524 5524
4179 3891
4179 4426
4179 3003
4179 4467
339 107
6254 3439
3125 3434
3125 1511
4220 5253
4220 1783
4220 78
4220 4489
4220 984
3169 541
3169 4001
3169 1952
3169 5959
6857 629
6857 5075
4136 5562
4136 782
4136 3611
5785 4660
5785 6423
5785 3766
5785 6132
5785 487
5785 5199
5785 6088
5785 4283
3196 4852
1838 2219
5734 323
5734 3066
4692 1248
4692 52
4692 6851
4692 4411
4692 6995
1345 4240
1345 3856
7426 7186
7426 7184
7426 7437
7426 7274
7426 7337
7426 7342
7426 7445
7426 7286
7443 7196
7443 7304
7443 7318
7443 7190
7443 7301
7443 7463
7443 7274
7443 7377
7443 7306
7443 7258
7443 7208
7443 7233
7443 7215
7443 7342
7443 7206
7443 7283
7443 7295
7443 7322
7443 7329
7443 7349
7443 7442
7443 7379
7443 7370
7443 7457
7443 7273
7443 7286
7443 7396
7203 7187
7203 7437
7203 7197
7203 7419
7203 7246
7203 7306
7203 7213
7203 7214
7203 7208
7203 7436
7203 7375
7203 7342
7203 7284
7203 7217
7203 7411
7203 7259
7203 7194
7203 7404
7203 7189
7203 7225
7203 7349
7203 7439
7203 7464
7203 7204
7203 7435
7424 7412
7424 7309
7424 7395
7424 7184
7424 7450
7424 7270
7424 7345
7424 7256
7424 7222
7424 7433
7424 7272
7424 7392
7424 7283
7424 7354
7424 7402
7424 7194
7424 7445
7424 7442
7424 7458
7424 7393
7424 7263
7424 7429
7293 7215
7381 7184
7381 7227
7381 7240
7381 7280
7381 7246
7381 7378
7381 7208
7381 7278
7381 7454
7381 7215
7381 7321
7381 7394
7381 7315
7381 7265
7381 7291
7381 7189
7381 7252
7381 7308
7381 7390
7381 7434
7381 7451
7381 7346
7381 7199
7244 7426
7244 7443
7244 7285
7244 7288
7244 7197
7244 7463
7244 7274
7244 7280
7244 7377
7244 7305
7244 7246
7244 7340
7244 7208
7244 7337
7244 7454
7244 7397
7244 7195
7244 7261
7244 7206
7244 7320
7244 7351
7244 7384
7244 7298
7244 7323
7244 7250
7244 7275
7244 7385
7244 7239
7244 7458
7244 7248
7244 7457
7244 7367
7244 7393
7244 7263
7244 7369
7255 7309
7255 7437
7255 7447
7255 7432
7255 7403
7255 7397
7255 7417
7255 7275
7255 7388
7255 7289
7255 7370
7255 7257
7255 7396
7255 7435
7196 7398
7196 7341
7196 7389
7196 7279
7196 7274
7196 7188
7196 7226
7196 7330
7196 7392
7196 7375
7196 7407
7196 7342
7196 7290
7196 7417
7196 7394
7196 7320
7196 7411
7196 7409
7196 7423
7196 7355
7196 7353
7196 7308
7196 7253
7196 7401
7187 7293
7187 7333
7187 7184
7187 7270
7187 7274
7187 7192
7187 7321
7187 7392
7187 7247
7187 7394
7187 7276
7187 7427
7187 7265
7187 7298
7187 7363
7187 7445
7187 7434
7187 7257
7187 7200
7187 7262
7187 7368
7187 7232
7277 7426
7277 7302
7277 7246
7277 7218
7277 7306
7277 7226
7277 7392
7277 7290
7277 7206
7277 7394
7277 7315
7277 7295
7277 7276
7277 7194
7277 7409
7277 7404
7277 7442
7277 7434
7277 7451
7277 7219
7277 7393
7277 7262
7277 7368
7277 7232
7277 7401
7304 7285
7304 7318
7304 7184
7304 7408
7304 7197
7304 7403
7304 7463
7304 7240
7304 7280
7304 7325
7304 7340
7304 7208
7304 7337
7304 7282
7304 7358
7304 7231
7304 7185
7304 7357
7304 7354
7304 7351
7304 7322
7304 7363
7304 7201
7304 7431
7304 7253
7304 7239
7304 7257
7304 7219
7304 7262
7304 7369
7304 7435
7285 7293
7285 7184
7285 7230
7285 7371
7285 7416
7285 7215
7285 7272
7285 7409
7285 7440
7285 7396
7318 7244
7318 7285
7318 7190
7318 7376
7318 7302
7318 7197
7318 7403
7318 7463
7318 7240
7318 7359
7318 7418
7318 7258
7318 7358
7318 7343
7318 7455
7318 7236
7318 7384
7318 7427
7318 7201
7318 7275
7318 7385
7318 7253
7318 7458
7318 7248
7318 7396
7318 7310
7438 7187
7438 7190
7438 7288
7438 7302
7438 7408
7438 7463
7438 7389
7438 7305
7438 7306
7438 7188
7438 7340
7438 7327
7438 7454
7438 7226
7438 7397
7438 7330
7438 7392
7438 7342
7438 7261
7438 7217
7438 7320
7438 7283
7438 7357
7438 7354
7438 7323
7438 7385
7438 7308
7438 7253
7438 7434
7438 7379
7438 7248
7438 7401
7438 7204
7235 7426
7235 7293
7235 7381
7235 7277
7235 7465
7235 7227
7235 7301
7235 7306
7235 7222
7235 7340
7235 7462
7235 7416
7235 7192
7235 7433
7235 7392
7235 7375
7235 7261
7235 7320
7235 7194
7235 7322
7235 7344
7235 7385
7235 7253
7235 7434
7235 7300
7235 7347
7235 7210
7235 7204
7235 7422
7190 7443
7190 7203
7190 7424
7190 7381
7190 7304
7190 7333
7190 7249
7190 7341
7190 7465
7190 7314
7190 7447
7190 7403
7190 7192
7190 7433
7190 7454
7190 7330
7190 7407
7190 7290
7190 7261
7190 7417
7190 7315
7190 7384
7190 7267
7190 7298
7190 7329
7190 7431
7190 7260
7190 7210
7190 7200
7190 7310
7190 7311
7373 7285
7373 7190
7373 7395
7373 7333
7373 7288
7373 7270
7373 7325
7373 7224
7373 7188
7373 7337
7373 7215
7373 7236
7373 7402
7373 7295
7373 7298
7373 7363
7373 7201
7373 7445
7373 7200
7373 7219
7373 7191
7373 7396
7373 7401
7193 7426
7193 7285
7193 7395
7193 7186
7193 7453
7193 7465
7193 7197
7193 7274
7193 7247
7193 7329
7193 7200
7193 7369
7193 7429
7412 7381
7412 7371
7412 7419
7412 7325
7412 7340
7412 7335
7412 7363
7412 7385
7383 7244
7383 7196
7383 7412
7383 7309
7383 7453
7383 7288
7383 7216
7383 7279
7383 7362
7383 7258
7383 7278
7383 7290
7383 7411
7383 7354
7383 7299
7383 7427
7383 7201
7383 7253
7383 7370
7383 7257
7383 7367
7383 7415
7383 7204
7383 7310
7398 7304
7398 7318
7398 7412
7398 7223
7398 7184
7398 7198
7398 7288
7398 7302
7398 7197
7398 7208
7398 7433
7398 7343
7398 7195
7398 7236
7398 7402
7398 7384
7398 7291
7398 7322
7398 7442
7398 7379
7398 7347
7398 7248
7398 7257
7398 7457
7398 7219
7398 7262
7398 7313
7398 7435
7309 7424
7309 7293
7309 7285
7309 7235
7309 7190
7309 7412
7309 7395
7309 7303
7309 7216
7309 7270
7309 7274
7309 7256
7309 7416
7309 7337
7309 7406
7309 7226
7309 7215
7309 7272
7309 7321
7309 7194
7309 7291
7309 7239
7309 7367
7309 7396
7395 7187
7395 7186
7395 7437
7395 7450
7395 7218
7395 7192
7395 7407
7395 7384
7395 7457
7395 7262
7395 7368
7395 7263
7364 7426
7364 7187
7364 7184
7364 7288
7364 7301
7364 7197
7364 7233
7364 7226
7364 7330
7364 7375
7364 7322
7364 7323
7364 7385
7364 7445
7364 7367
7364 7369
7186 7447
7186 7419
7186 7325
7186 7340
7186 7425
