7260 7302
7260 7269
7260 7251
7260 7336
7260 7212
7260 7331
7260 7452
7260 7447
7260 7432
7260 7460
7260 7403
7260 7463
7260 7387
7260 7359
7260 7399
7260 7292
7260 7214
7260 7418
7260 7258
7260 7436
7260 7430
7260 7365
7260 7425
7260 7372
7260 7375
7260 7343
7260 7400
7260 7238
7260 7266
7260 7342
7260 7229
7260 7254
7260 7217
7260 7297
7260 7411
7260 7335
7260 7351
7260 7315
7260 7384
7260 7382
7260 7423
7260 7344
7260 7323
7260 7404
7260 7275
7260 7189
7260 7414
7260 7431
7260 7253
7260 7349
7260 7442
7260 7245
7260 7379
7260 7370
7260 7451
7260 7248
7260 7210
7260 7457
7260 7242
7260 7396
7260 7352
7260 7415
7260 7232
7260 7346
7260 7271
7260 7374
7260 7312
7260 7311
7260 7202
7260 7317
7260 7444
7210 7203
7210 7255
7210 7235
7210 7373
7210 7364
7210 7209
7210 7249
7210 7350
7210 7316
7210 7198
7210 7269
7210 7336
7210 7332
7210 7331
7210 7287
7210 7447
7210 7432
7210 7234
7210 7281
7210 7326
7210 7386
7210 7399
7210 7292
7210 7307
7210 7213
7210 7436
7210 7233
7210 7365
7210 7425
7210 7372
7210 7356
7210 7319
7210 7400
7210 7238
7210 7261
7210 7229
7210 7360
7210 7211
7210 7207
7210 7413
7210 7335
7210 7315
7210 7382
7210 7259
7210 7296
7210 7409
7210 7423
7210 7323
7210 7404
7210 7189
7210 7388
7210 7442
7210 7434
7210 7289
7210 7439
7210 7464
7210 7379
7210 7451
7210 7248
7210 7286
7210 7391
7210 7242
7210 7352
7210 7415
7210 7346
7210 7271
7210 7374
7210 7312
7210 7422
7210 7311
7210 7202
7457 7244
7457 7255
7457 7373
7457 7205
7457 7249
7457 7243
7457 7303
7457 7269
7457 7251
7457 7336
7457 7314
7457 7230
7457 7331
7457 7371
7457 7452
7457 7432
7457 7345
7457 7281
7457 7326
7457 7386
7457 7399
7457 7224
7457 7378
7457 7214
7457 7428
7457 7418
7457 7268
7457 7425
7457 7358
7457 7372
7457 7449
7457 7238
7457 7338
7457 7229
7457 7334
7457 7211
7457 7207
7457 7297
7457 7335
7457 7351
7457 7382
7457 7259
7457 7296
7457 7404
7457 7189
7457 7414
7457 7289
7457 7439
7457 7464
7457 7451
7457 7286
7457 7242
7457 7440
7457 7352
7457 7346
7457 7461
7457 7311
7457 7202
7457 7444
7273 7244
7273 7196
7273 7304
7273 7438
7273 7235
7273 7190
7273 7383
7273 7398
7273 7364
7273 7205
7273 7209
7273 7249
7273 7341
7273 7303
7273 7410
7273 7316
7273 7408
7273 7269
7273 7336
7273 7212
7273 7331
7273 7452
7273 7447
7273 7432
7273 7460
7273 7234
7273 7403
7273 7345
7273 7463
7273 7389
7273 7387
7273 7325
7273 7359
7273 7378
7273 7307
7273 7418
7273 7258
7273 7268
7273 7436
7273 7430
7273 7365
7273 7425
7273 7220
7273 7358
7273 7356
7273 7272
7273 7319
7273 7343
7273 7400
7273 7238
7273 7342
7273 7229
7273 7254
7273 7207
7273 7217
7273 7411
7273 7335
7273 7351
7273 7423
7273 7414
7273 7221
7273 7431
7273 7349
7273 7289
7273 7245
7273 7379
7273 7458
7273 7248
7273 7210
7273 7286
7273 7242
7273 7352
7273 7374
7273 7312
7273 7311
7273 7202
7200 7304
7200 7249
7200 7420
7200 7251
7200 7460
7200 7456
7200 7378
7200 7214
7200 7268
7200 7220
7200 7330
7200 7264
7200 7351
7200 7221
7200 7346
7367 7443
7367 7381
7367 7304
7367 7438
7367 7235
7367 7373
7367 7193
7367 7383
7367 7398
7367 7364
7367 7205
7367 7249
7367 7376
7367 7303
7367 7316
7367 7251
7367 7336
7367 7332
7367 7212
7367 7287
7367 7432
7367 7301
7367 7463
7367 7281
7367 7224
7367 7305
7367 7378
7367 7418
7367 7340
7367 7258
7367 7462
7367 7425
7367 7327
7367 7372
7367 7397
7367 7356
7367 7343
7367 7400
7367 7238
7367 7266
7367 7455
7367 7338
7367 7229
7367 7334
7367 7360
7367 7211
7367 7254
7367 7207
7367 7335
7367 7384
7367 7299
7367 7276
7367 7382
7367 7404
7367 7275
7367 7414
7367 7221
7367 7431
7367 7388
7367 7442
7367 7289
7367 7458
7367 7210
7367 7273
7367 7393
7367 7440
7367 7313
7367 7352
7367 7310
7367 7374
7367 7312
7367 7422
7367 7444
7286 7424
7286 7244
7286 7304
7286 7309
7286 7205
7286 7249
7286 7303
7286 7350
7286 7251
7286 7331
7286 7287
7286 7447
7286 7432
7286 7301
7286 7345
7286 7281
7286 7359
7286 7224
7286 7188
7286 7213
7286 7428
7286 7418
7286 7340
7286 7258
7286 7436
7286 7233
7286 7425
7286 7327
7286 7220
7286 7358
7286 7356
7286 7215
7286 7330
7286 7238
7286 7360
7286 7211
7286 7207
7286 7320
7286 7185
7286 7335
7286 7315
7286 7382
7286 7267
7286 7423
7286 7404
7286 7275
7286 7189
7286 7385
7286 7221
7286 7388
7286 7289
7286 7210
7286 7396
7286 7311
7219 7381
7219 7244
7219 7304
7219 7235
7219 7190
7219 7373
7219 7193
7219 7364
7219 7205
7219 7249
7219 7303
7219 7350
7219 7198
7219 7251
7219 7230
7219 7331
7219 7287
7219 7371
7219 7447
7219 7301
7219 7403
7219 7387
7219 7280
7219 7325
7219 7359
7219 7399
7219 7224
7219 7378
7219 7213
7219 7428
7219 7418
7219 7258
7219 7268
7219 7425
7219 7358
7219 7356
7219 7330
7219 7407
7219 7229
7219 7334
7219 7206
7219 7417
7219 7360
7219 7211
7219 7207
7219 7411
7219 7351
7219 7315
7219 7267
7219 7409
7219 7423
7219 7322
7219 7323
7219 7404
7219 7275
7219 7225
7219 7329
7219 7221
7219 7439
7219 7379
7219 7451
7219 7210
7219 7286
7219 7391
7219 7313
7219 7374
7219 7422
7219 7202
7393 7203
7393 7244
7393 7255
7393 7304
7393 7318
7393 7373
7393 7398
7393 7364
7393 7205
7393 7249
7393 7243
7393 7303
7393 7350
7393 7410
7393 7465
7393 7198
7393 7251
7393 7336
7393 7314
7393 7212
7393 7331
7393 7287
7393 7447
7393 7432
7393 7460
7393 7403
7393 7345
7393 7386
7393 7305
7393 7378
7393 7292
7393 7418
7393 7268
7393 7436
7393 7425
7393 7358
7393 7372
7393 7356
7393 7215
7393 7266
7393 7360
7393 7211
7393 7207
7393 7351
7393 7315
7393 7259
7393 7423
7393 7404
7393 7275
7393 7189
7393 7225
7393 7221
7393 7431
7393 7388
7393 7439
7393 7464
7393 7245
7393 7451
7393 7210
7393 7242
7393 7440
7393 7396
7393 7352
7393 7415
7393 7346
7393 7271
7393 7461
7393 7311
7393 7202
7393 7317
7393 7444
7391 7443
7391 7203
7391 7424
7391 7244
7391 7255
7391 7187
7391 7304
7391 7438
7391 7235
7391 7190
7391 7412
7391 7309
7391 7364
7391 7249
7391 7376
7391 7243
7391 7303
7391 7350
7391 7410
7391 7316
7391 7184
7391 7288
7391 7302
7391 7269
7391 7251
7391 7336
7391 7314
7391 7230
7391 7287
7391 7371
7391 7452
7391 7432
7391 7460
7391 7403
7391 7345
7391 7387
7391 7281
7391 7240
7391 7362
7391 7294
7391 7224
7391 7377
7391 7188
7391 7418
7391 7208
7391 7192
7391 7436
7391 7233
7391 7430
7391 7365
7391 7425
7391 7327
7391 7324
7391 7226
7391 7356
7391 7215
7391 7272
7391 7330
7391 7392
7391 7343
7391 7407
7391 7290
7391 7195
7391 7261
7391 7334
7391 7206
7391 7236
7391 7284
7391 7320
7391 7357
7391 7335
7391 7351
7391 7315
7391 7295
7391 7299
7391 7276
7391 7267
7391 7291
7391 7409
7391 7423
7391 7322
7391 7323
7391 7348
7391 7189
7391 7252
7391 7225
7391 7385
7391 7329
7391 7221
7391 7388
7391 7349
7391 7442
7391 7439
7391 7245
7391 7347
7391 7451
7391 7458
7391 7248
7391 7257
7391 7457
7391 7367
7391 7286
7391 7219
7391 7242
7391 7368
7391 7440
7391 7263
7391 7396
7391 7346
7391 7374
7391 7429
7391 7435
7391 7422
7391 7199
7262 7432
7262 7281
7262 7419
7262 7188
7262 7340
7262 7220
7262 7320
7262 7385
7262 7388
7262 7393
7262 7396
7262 7422
7242 7203
7242 7424
7242 7293
7242 7244
7242 7277
7242 7318
7242 7190
7242 7223
7242 7209
7242 7249
7242 7341
7242 7410
7242 7184
7242 7198
7242 7269
7242 7336
7242 7314
7242 7332
7242 7212
7242 7331
7242 7287
7242 7371
7242 7452
7242 7437
7242 7447
7242 7301
7242 7234
7242 7403
7242 7345
7242 7463
7242 7456
7242 7389
7242 7279
7242 7387
7242 7281
7242 7274
7242 7240
7242 7419
7242 7362
7242 7380
7242 7280
7242 7386
7242 7294
7242 7399
7242 7377
7242 7218
7242 7222
7242 7213
7242 7214
7242 7418
7242 7340
7242 7258
7242 7208
7242 7416
7242 7430
7242 7282
7242 7454
7242 7324
7242 7272
7242 7375
7242 7231
7242 7266
7242 7342
7242 7247
7242 7261
7242 7334
7242 7206
7242 7207
7242 7236
7242 7217
7242 7413
7242 7283
7242 7185
7242 7411
7242 7357
7242 7354
7242 7315
7242 7384
7242 7295
7242 7276
7242 7259
7242 7409
7242 7423
7242 7322
7242 7355
7242 7363
7242 7344
7242 7323
7242 7348
7242 7275
7242 7353
7242 7189
7242 7252
7242 7225
7242 7445
7242 7329
7242 7414
7242 7388
7242 7390
7242 7253
7242 7464
7242 7300
7242 7370
7242 7451
7242 7458
7242 7248
7242 7257
7242 7260
7242 7210
7242 7457
7242 7273
7242 7367
7242 7286
7242 7262
7242 7440
7242 7191
7242 7263
7242 7352
7242 7374
7242 7435
7242 7312
7242 7422
7242 7311
7242 7317
7242 7199
7368 7304
7368 7249
7368 7371
7368 7432
7368 7216
7368 7387
7368 7281
7368 7359
7368 7233
7368 7220
7368 7358
7368 7215
7368 7330
7368 7320
7368 7335
7368 7388
7368 7210
7368 7422
7440 7235
7440 7373
7440 7383
7440 7243
7440 7350
7440 7316
7440 7198
7440 7463
7440 7326
7440 7386
7440 7224
7440 7378
7440 7292
7440 7213
7440 7428
7440 7462
7440 7358
7440 7343
7440 7400
7440 7449
7440 7407
7440 7238
7440 7338
7440 7229
7440 7211
7440 7254
7440 7297
7440 7413
7440 7351
7440 7382
7440 7259
7440 7296
7440 7409
7440 7189
7440 7439
7440 7245
7440 7248
7440 7391
7440 7242
7440 7313
7440 7271
7440 7461
7440 7312
7440 7422
7440 7317
7313 7443
7313 7203
7313 7381
7313 7244
7313 7255
7313 7277
7313 7438
7313 7235
7313 7190
7313 7412
7313 7309
7313 7333
7313 7209
7313 7249
7313 7303
7313 7410
7313 7316
7313 7465
7313 7184
7313 7288
7313 7269
7313 7251
7313 7314
7313 7230
7313 7287
7313 7437
7313 7447
7313 7432
7313 7301
7313 7234
7313 7197
7313 7403
7313 7389
7313 7281
7313 7280
7313 7359
7313 7294
7313 7224
7313 7377
7313 7188
7313 7340
7313 7208
7313 7233
7313 7327
7313 7454
7313 7324
7313 7226
7313 7372
7313 7397
7313 7215
7313 7319
7313 7400
7313 7238
7313 7455
7313 7334
7313 7206
7313 7211
7313 7254
7313 7207
7313 7394
7313 7236
7313 7284
7313 7413
7313 7357
7313 7354
7313 7351
7313 7295
7313 7299
7313 7267
7313 7291
7313 7423
7313 7322
7313 7355
7313 7323
7313 7201
7313 7250
7313 7404
7313 7189
7313 7225
7313 7385
7313 7221
7313 7349
7313 7434
7313 7289
7313 7464
7313 7245
7313 7379
7313 7370
7313 7451
7313 7458
7313 7248
7313 7257
7313 7260
7313 7200
7313 7367
7313 7286
7313 7393
7313 7242
7313 7440
7313 7396
7313 7415
7313 7346
7313 7401
7313 7310
7313 7374
7313 7435
7313 7311
7313 7317
7313 7444
7191 7424
7191 7244
7191 7304
7191 7193
7191 7364
7191 7205
7191 7249
7191 7341
7191 7251
7191 7230
7191 7331
7191 7287
7191 7447
7191 7197
7191 7403
7191 7419
7191 7325
7191 7359
7191 7326
7191 7292
7191 7188
7191 7428
7191 7340
7191 7258
7191 7416
7191 7436
7191 7430
7191 7365
7191 7358
7191 7356
7191 7330
7191 7375
7191 7407
7191 7247
7191 7334
7191 7206
7191 7360
7191 7207
7191 7413
7191 7315
7191 7259
7191 7409
7191 7363
7191 7404
7191 7275
7191 7189
7191 7329
7191 7221
7191 7289
7191 7464
7191 7451
7191 7286
7191 7346
7191 7435
7191 7422
7191 7311
7191 7202
7263 7244
7263 7304
7263 7190
7263 7193
7263 7364
7263 7251
7263 7331
7263 7287
7263 7371
7263 7432
7263 7460
7263 7345
7263 7387
7263 7362
7263 7378
7263 7188
7263 7213
7263 7428
7263 7258
7263 7436
7263 7233
7263 7425
7263 7356
7263 7272
7263 7330
7263 7407
7263 7206
7263 7360
7263 7211
7263 7320
7263 7283
7263 7411
7263 7335
7263 7354
7263 7351
7263 7315
7263 7259
7263 7189
7263 7225
7263 7329
7263 7221
7263 7379
7263 7300
7263 7346
7263 7311
7263 7202
7396 7443
7396 7304
7396 7438
7396 7235
7396 7193
7396 7383
7396 7398
7396 7205
7396 7376
7396 7316
7396 7198
7396 7331
7396 7452
7396 7432
7396 7387
7396 7281
7396 7326
7396 7399
7396 7305
7396 7378
7396 7292
7396 7307
7396 7418
7396 7258
7396 7436
7396 7365
7396 7425
7396 7358
7396 7372
7396 7319
7396 7343
7396 7400
7396 7449
7396 7238
7396 7266
7396 7229
7396 7334
7396 7211
7396 7254
7396 7207
7396 7413
7396 7335
7396 7382
7396 7259
7396 7423
7396 7404
7396 7275
7396 7221
7396 7431
7396 7388
7396 7439
7396 7464
7396 7245
7396 7210
7396 7286
7396 7242
7396 7352
7396 7271
7396 7461
7396 7312
7396 7422
7396 7202
7396 7317
7396 7199
7396 7444
7352 7255
7352 7190
7352 7309
7352 7364
7352 7223
7352 7205
7352 7209
7352 7410
7352 7465
7352 7184
7352 7314
7352 7332
7352 7212
7352 7331
7352 7287
7352 7371
7352 7452
7352 7447
7352 7432
7352 7460
7352 7234
7352 7403
7352 7345
7352 7456
7352 7389
7352 7387
7352 7281
7352 7362
7352 7280
7352 7325
7352 7378
7352 7213
7352 7258
7352 7192
7352 7233
7352 7425
7352 7327
7352 7220
7352 7454
7352 7358
7352 7226
7352 7372
7352 7356
7352 7215
7352 7272
7352 7330
7352 7319
7352 7343
7352 7342
7352 7455
7352 7360
7352 7211
7352 7207
7352 7394
7352 7284
7352 7413
7352 7320
7352 7185
7352 7351
7352 7315
7352 7295
7352 7276
7352 7409
7352 7423
7352 7322
7352 7363
7352 7323
7352 7404
7352 7275
7352 7225
7352 7329
7352 7221
7352 7434
7352 7439
7352 7464
7352 7245
7352 7379
7352 7458
7352 7260
7352 7210
7352 7457
7352 7273
7352 7367
7352 7393
7352 7242
7352 7440
7352 7263
7352 7415
7352 7346
7352 7310
7352 7461
7352 7435
7352 7202
7352 7444
7415 7203
7415 7424
7415 7381
7415 7255
7415 7438
7415 7373
7415 7364
7415 7249
7415 7303
7415 7410
7415 7184
7415 7198
7415 7269
7415 7251
7415 7336
7415 7314
7415 7332
7415 7212
7415 7230
7415 7331
7415 7287
7415 7371
7415 7452
7415 7447
7415 7301
7415 7234
7415 7270
7415 7197
7415 7345
7415 7240
7415 7326
7415 7386
7415 7294
7415 7377
7415 7378
7415 7292
7415 7307
7415 7213
7415 7428
7415 7418
7415 7462
7415 7192
7415 7233
7415 7430
7415 7365
7415 7327
7415 7220
7415 7324
7415 7358
7415 7356
7415 7215
7415 7330
7415 7400
7415 7449
7415 7407
7415 7238
7415 7342
7415 7195
7415 7261
7415 7206
7415 7254
7415 7207
7415 7297
7415 7335
7415 7315
7415 7384
7415 7295
7415 7299
7415 7382
7415 7265
7415 7409
7415 7423
7415 7404
7415 7189
7415 7225
7415 7221
7415 7388
7415 7349
7415 7434
7415 7439
7415 7464
7415 7451
7415 7248
7415 7457
7415 7391
7415 7242
7415 7440
7415 7263
7415 7346
7415 7461
7415 7374
7415 7435
7415 7202
7415 7444
7232 7424
7232 7244
7232 7304
7232 7235
7232 7373
7232 7193
7232 7205
7232 7303
7232 7251
7232 7331
7232 7287
7232 7328
7232 7345
7232 7387
7232 7419
7232 7280
7232 7359
7232 7326
7232 7386
7232 7399
7232 7378
7232 7418
7232 7340
7232 7258
7232 7268
7232 7436
7232 7430
7232 7365
7232 7397
7232 7330
7232 7449
7232 7407
7232 7238
7232 7229
7232 7334
7232 7206
7232 7360
7232 7211
7232 7207
7232 7236
7232 7297
7232 7411
7232 7351
7232 7409
7232 7404
7232 7189
7232 7329
7232 7414
7232 7221
7232 7388
7232 7464
7232 7379
7232 7300
7232 7451
7232 7458
7232 7257
7232 7210
7232 7286
7232 7396
7232 7346
7232 7461
7232 7374
7232 7435
7232 7422
7232 7311
7346 7426
7346 7443
7346 7424
7346 7244
7346 7196
7346 7304
7346 7318
7346 7438
7346 7235
7346 7190
7346 7309
7346 7376
7346 7341
7346 7303
7346 7227
7346 7336
7346 7332
7346 7230
7346 7331
7346 7437
7346 7450
7346 7432
7346 7403
7346 7345
7346 7387
7346 7281
7346 7419
7346 7362
7346 7280
7346 7294
7346 7224
7346 7305
7346 7246
7346 7307
7346 7418
7346 7416
7346 7278
7346 7436
7346 7233
7346 7337
7346 7433
7346 7327
7346 7220
7346 7372
7346 7397
7346 7215
7346 7272
7346 7321
7346 7392
7346 7231
7346 7342
7346 7290
7346 7195
7346 7261
7346 7206
7346 7394
7346 7283
7346 7411
7346 7459
7346 7357
7346 7295
7346 7299
7346 7296
7346 7265
7346 7409
7346 7421
7346 7298
7346 7363
7346 7344
7346 7445
7346 7414
7346 7221
7346 7308
7346 7388
7346 7390
7346 7253
7346 7349
7346 7442
7346 7434
7346 7289
7346 7370
7346 7458
7346 7248
7346 7210
7346 7457
7346 7273
7346 7286
7346 7219
7346 7393
7346 7191
7346 7396
7346 7232
7346 7369
7346 7310
7346 7374
7346 7435
7346 7312
7346 7422
7346 7311
7346 7202
7346 7199
7339 7255
7339 7277
7339 7373
7339 7193
7339 7383
7339 7364
7339 7333
7339 7350
7339 7251
7339 7332
7339 7331
7339 7371
7339 7432
7339 7281
7339 7399
7339 7378
7339 7292
7339 7307
7339 7428
7339 7268
7339 7278
7339 7233
7339 7433
7339 7425
7339 7356
7339 7330
7339 7392
7339 7343
7339 7400
7339 7449
7339 7238
7339 7338
7339 7229
7339 7211
7339 7276
7339 7382
7339 7259
7339 7404
7339 7189
7339 7414
7339 7221
7339 7308
7339 7388
7339 7442
7339 7439
7339 7245
7339 7379
7339 7370
7339 7451
7339 7273
7339 7391
7339 7440
7339 7313
7339 7271
7339 7374
7339 7312
7339 7202
7339 7444
7369 7381
7369 7304
7369 7364
7369 7205
7369 7249
7369 7288
7369 7251
7369 7331
7369 7287
7369 7371
7369 7432
7369 7460
7369 7301
7369 7197
7369 7387
7369 7281
7369 7419
7369 7362
7369 7325
7369 7224
7369 7188
7369 7213
7369 7340
7369 7258
7369 7436
7369 7327
7369 7220
7369 7356
7369 7375
7369 7407
7369 7206
7369 7360
7369 7236
7369 7320
7369 7335
7369 7315
7369 7295
7369 7259
7369 7409
7369 7423
7369 7363
7369 7344
7369 7323
7369 7404
7369 7189
7369 7225
7369 7385
7369 7329
7369 7289
7369 7451
7369 7458
7369 7210
7369 7396
7369 7435
7369 7202
7401 7203
7401 7244
7401 7255
7401 7196
7401 7235
7401 7190
7401 7373
7401 7383
7401 7398
7401 7364
7401 7223
7401 7205
7401 7209
7401 7249
7401 7341
7401 7350
7401 7198
7401 7269
7401 7251
7401 7314
7401 7331
7401 7287
7401 7371
7401 7452
7401 7437
7401 7447
7401 7234
7401 7403
7401 7345
7401 7456
7401 7387
7401 7281
7401 7362
7401 7380
7401 7359
7401 7326
7401 7386
7401 7294
7401 7399
7401 7377
7401 7292
7401 7213
7401 7214
7401 7428
7401 7418
7401 7258
7401 7268
7401 7192
7401 7430
7401 7365
7401 7282
7401 7425
7401 7220
7401 7356
7401 7375
7401 7343
7401 7407
7401 7238
7401 7247
7401 7195
7401 7261
7401 7417
7401 7211
7401 7207
7401 7217
7401 7297
7401 7411
7401 7335
7401 7315
7401 7382
7401 7259
7401 7267
7401 7423
7401 7355
7401 7323
7401 7201
7401 7189
7401 7225
7401 7221
7401 7388
7401 7390
7401 7289
7401 7439
7401 7464
7401 7245
7401 7379
7401 7370
7401 7210
7401 7352
7401 7346
7401 7461
7401 7374
7401 7435
7401 7312
7401 7311
7401 7202
7204 7235
7204 7373
7204 7193
7204 7364
7204 7249
7204 7243
7204 7198
7204 7230
7204 7287
7204 7447
7204 7386
7204 7399
7204 7224
7204 7378
7204 7213
7204 7430
7204 7358
7204 7356
7204 7407
7204 7229
7204 7334
7204 7211
7204 7207
7204 7297
7204 7423
7204 7404
7204 7275
7204 7189
7204 7414
7204 7439
7204 7379
7204 7286
7204 7391
7204 7313
7204 7346
7204 7461
7204 7202
7271 7203
7271 7424
7271 7255
7271 7304
7271 7235
7271 7383
7271 7398
7271 7364
7271 7205
7271 7209
7271 7249
7271 7465
7271 7269
7271 7251
7271 7336
7271 7314
7271 7332
7271 7287
7271 7371
7271 7452
7271 7447
7271 7403
7271 7345
7271 7279
7271 7281
7271 7274
7271 7294
7271 7377
7271 7305
7271 7246
7271 7306
7271 7213
7271 7418
7271 7268
7271 7208
7271 7192
7271 7233
7271 7365
7271 7425
7271 7327
7271 7226
7271 7356
7271 7272
7271 7330
7271 7392
7271 7343
7271 7407
7271 7238
7271 7195
7271 7334
7271 7360
7271 7211
7271 7236
7271 7284
7271 7283
7271 7335
7271 7354
7271 7351
7271 7315
7271 7295
7271 7276
7271 7409
7271 7404
7271 7189
7271 7252
7271 7225
7271 7329
7271 7221
7271 7439
7271 7464
7271 7245
7271 7379
7271 7370
7271 7458
7271 7457
7271 7273
7271 7286
7271 7219
7271 7242
7271 7352
7271 7415
7271 7346
7271 7374
7271 7202
7271 7317
7271 7444
7310 7235
7310 7373
7310 7193
7310 7398
7310 7249
7310 7243
7310 7303
7310 7350
7310 7251
7310 7212
7310 7432
7310 7460
7310 7345
7310 7387
7310 7326
7310 7399
7310 7292
7310 7428
7310 7418
7310 7268
7310 7220
7310 7343
7310 7238
7310 7266
7310 7338
7310 7229
7310 7360
7310 7211
7310 7207
7310 7413
7310 7259
7310 7414
7310 7221
7310 7245
7310 7451
7310 7242
7310 7440
7310 7313
7310 7352
7310 7202
7310 7444
7461 7443
7461 7381
7461 7196
7461 7187
7461 7438
7461 7190
7461 7383
7461 7309
7461 7395
7461 7333
7461 7223
7461 7249
7461 7341
7461 7408
7461 7251
7461 7331
7461 7371
7461 7437
7461 7450
7461 7301
7461 7270
7461 7463
7461 7279
7461 7387
7461 7281
7461 7240
7461 7362
7461 7380
7461 7280
7461 7325
7461 7359
7461 7256
7461 7399
7461 7305
7461 7246
7461 7306
7461 7307
7461 7214
7461 7208
7461 7278
7461 7233
7461 7337
7461 7433
7461 7220
7461 7454
7461 7358
7461 7226
7461 7372
7461 7397
7461 7272
7461 7330
7461 7392
7461 7400
7461 7407
7461 7266
7461 7290
7461 7334
7461 7206
7461 7254
7461 7394
7461 7236
7461 7284
7461 7217
7461 7446
7461 7185
7461 7459
7461 7357
7461 7335
7461 7351
7461 7384
7461 7295
7461 7299
7461 7265
7461 7291
7461 7409
7461 7298
7461 7363
7461 7404
7461 7275
7461 7189
7461 7252
7461 7385
7461 7221
7461 7308
7461 7390
7461 7253
7461 7349
7461 7439
7461 7370
7461 7458
7461 7257
7461 7260
7461 7457
7461 7273
7461 7393
7461 7396
7461 7232
7461 7346
7461 7339
7461 7401
7461 7204
7461 7422
7374 7424
7374 7381
7374 7244
7374 7373
7374 7309
7374 7205
7374 7249
7374 7303
7374 7465
7374 7287
7374 7371
7374 7432
7374 7301
7374 7403
7374 7345
7374 7387
7374 7359
7374 7399
7374 7258
7374 7397
7374 7215
7374 7330
7374 7407
7374 7211
7374 7320
7374 7315
7374 7295
7374 7409
7374 7423
7374 7322
7374 7404
7374 7275
7374 7189
7374 7385
7374 7329
7374 7221
7374 7388
7374 7349
7374 7289
7374 7439
7374 7451
7374 7458
7374 7210
7374 7440
7374 7202
7429 7424
7429 7244
7429 7304
7429 7193
7429 7364
7429 7243
7429 7420
7429 7251
7429 7331
7429 7287
7429 7371
7429 7432
7429 7301
7429 7403
7429 7387
7429 7419
7429 7362
7429 7359
7429 7326
7429 7378
7429 7292
7429 7213
7429 7214
7429 7428
7429 7340
7429 7258
7429 7268
7429 7416
7429 7233
7429 7430
7429 7425
7429 7330
7429 7360
7429 7264
7429 7207
7429 7413
7429 7320
7429 7411
7429 7335
7429 7295
7429 7259
7429 7344
7429 7404
7429 7275
7429 7225
7429 7221
7429 7464
7429 7379
7429 7451
7429 7286
7429 7346
7429 7461
7429 7374
7429 7435
7435 7381
7435 7244
7435 7304
7435 7371
7435 7216
7435 7387
7435 7281
7435 7325
7435 7188
7435 7340
7435 7258
7435 7220
7435 7215
7435 7330
7435 7320
7435 7335
7435 7363
7435 7275
7435 7385
7435 7388
7435 7440
7435 7396
7435 7422
7312 7203
7312 7424
7312 7381
7312 7244
7312 7187
7312 7277
7312 7190
7312 7193
7312 7309
7312 7186
7312 7223
7312 7205
7312 7410
7312 7251
7312 7336
7312 7314
7312 7332
7312 7230
7312 7287
7312 7452
7312 7447
7312 7432
7312 7460
7312 7403
7312 7345
7312 7389
7312 7325
7312 7359
7312 7377
7312 7378
7312 7340
7312 7258
7312 7462
7312 7208
7312 7436
7312 7430
7312 7327
7312 7454
7312 7226
7312 7356
7312 7330
7312 7407
7312 7238
7312 7455
7312 7334
7312 7211
7312 7284
7312 7413
7312 7320
7312 7411
7312 7354
7312 7351
7312 7315
7312 7295
7312 7267
7312 7423
7312 7323
7312 7275
7312 7252
7312 7225
7312 7385
7312 7329
7312 7221
7312 7388
7312 7289
7312 7464
7312 7347
7312 7458
7312 7257
7312 7260
7312 7286
7312 7219
7312 7440
7312 7346
7312 7435
7312 7422
7312 7199
7312 7444
7448 7203
7448 7244
7448 7373
7448 7205
7448 7243
7448 7420
7448 7251
7448 7331
7448 7460
7448 7399
7448 7224
7448 7378
7448 7214
7448 7418
7448 7220
7448 7264
7448 7351
7448 7323
7448 7221
7448 7289
7448 7245
7422 7203
7422 7424
7422 7244
7422 7373
7422 7383
7422 7398
7422 7364
7422 7205
7422 7249
7422 7243
7422 7303
7422 7350
7422 7465
7422 7269
7422 7251
7422 7314
7422 7332
7422 7212
7422 7331
7422 7287
7422 7371
7422 7452
7422 7447
7422 7460
7422 7197
7422 7403
7422 7345
7422 7463
7422 7387
7422 7281
7422 7326
7422 7399
7422 7224
7422 7378
7422 7292
7422 7213
7422 7418
7422 7436
7422 7430
7422 7365
7422 7425
7422 7220
7422 7324
7422 7358
7422 7372
7422 7215
7422 7272
7422 7407
7422 7238
7422 7266
7422 7229
7422 7297
7422 7413
7422 7335
7422 7382
7422 7259
7422 7409
7422 7423
7422 7363
7422 7404
7422 7189
7422 7221
7422 7431
7422 7388
7422 7245
7422 7370
7422 7458
7422 7210
7422 7242
7422 7396
7422 7415
7422 7346
7422 7271
7422 7461
7422 7435
7422 7312
7422 7311
7422 7202
7422 7317
7422 7199
7422 7444
7311 7443
7311 7244
7311 7438
7311 7235
7311 7193
7311 7383
7311 7398
7311 7364
7311 7249
7311 7376
7311 7303
7311 7350
7311 7316
7311 7198
7311 7408
7311 7336
7311 7212
7311 7331
7311 7371
7311 7432
7311 7301
7311 7463
7311 7387
7311 7281
7311 7359
7311 7386
7311 7294
7311 7224
7311 7305
7311 7428
7311 7418
7311 7258
7311 7462
7311 7436
7311 7425
7311 7220
7311 7372
7311 7356
7311 7392
7311 7319
7311 7343
7311 7407
7311 7238
7311 7455
7311 7338
7311 7229
7311 7334
7311 7211
7311 7254
7311 7207
7311 7297
7311 7335
7311 7384
7311 7276
7311 7382
7311 7423
7311 7275
7311 7388
7311 7439
7311 7245
7311 7379
7311 7458
7311 7248
7311 7210
7311 7273
7311 7286
7311 7440
7311 7352
7311 7374
7311 7312
7311 7422
7311 7444
7202 7424
7202 7244
7202 7304
7202 7249
7202 7230
7202 7331
7202 7447
7202 7403
7202 7345
7202 7387
7202 7274
7202 7419
7202 7325
7202 7399
7202 7378
7202 7213
7202 7214
7202 7340
7202 7272
7202 7411
7202 7315
7202 7382
7202 7259
7202 7267
7202 7363
7202 7344
7202 7404
7202 7275
7202 7189
7202 7221
7202 7439
7202 7379
7202 7210
7202 7286
7202 7396
7202 7346
7202 7374
7202 7422
7202 7311
7317 7381
7317 7438
7317 7364
7317 7205
7317 7249
7317 7243
7317 7303
7317 7350
7317 7410
7317 7465
7317 7251
7317 7332
7317 7212
7317 7287
7317 7452
7317 7447
7317 7432
7317 7460
7317 7301
7317 7234
7317 7345
7317 7463
7317 7281
7317 7386
7317 7224
7317 7378
7317 7214
7317 7418
7317 7462
7317 7436
7317 7233
7317 7365
7317 7425
7317 7220
7317 7372
7317 7356
7317 7215
7317 7330
7317 7319
7317 7400
7317 7449
7317 7407
7317 7238
7317 7342
7317 7360
7317 7211
7317 7254
7317 7297
7317 7413
7317 7335
7317 7351
7317 7384
7317 7382
7317 7259
7317 7267
7317 7409
7317 7423
7317 7323
7317 7189
7317 7329
7317 7221
7317 7388
7317 7464
7317 7451
7317 7457
7317 7286
7317 7242
7317 7346
7317 7461
7317 7374
7317 7311
7317 7202
7199 7203
7199 7255
7199 7318
7199 7438
7199 7235
7199 7373
7199 7383
7199 7398
7199 7364
7199 7209
7199 7341
7199 7350
7199 7410
7199 7198
7199 7302
7199 7269
7199 7251
7199 7314
7199 7332
7199 7212
7199 7287
7199 7371
7199 7452
7199 7432
7199 7460
7199 7234
7199 7403
7199 7345
7199 7389
7199 7419
7199 7325
7199 7359
7199 7294
7199 7399
7199 7224
7199 7305
7199 7306
7199 7213
7199 7428
7199 7340
7199 7192
7199 7436
7199 7365
7199 7425
7199 7327
7199 7324
7199 7358
7199 7372
7199 7356
7199 7375
7199 7319
7199 7343
7199 7400
7199 7407
7199 7342
7199 7229
7199 7360
7199 7211
7199 7217
7199 7413
7199 7411
7199 7357
7199 7335
7199 7351
7199 7384
7199 7259
7199 7267
7199 7423
7199 7322
7199 7323
7199 7404
7199 7275
7199 7353
7199 7189
7199 7221
7199 7308
7199 7253
7199 7289
7199 7439
7199 7248
7199 7457
7199 7286
7199 7396
7199 7204
7199 7271
7199 7461
7199 7374
7199 7422
7199 7311
7199 7202
7199 7317
7199 7444
7444 7426
7444 7424
7444 7293
7444 7381
7444 7255
7444 7196
7444 7277
7444 7285
7444 7373
7444 7383
7444 7309
7444 7205
7444 7341
7444 7465
7444 7408
7444 7251
7444 7314
7444 7332
7444 7230
7444 7287
7444 7371
7444 7437
7444 7447
7444 7301
7444 7197
7444 7463
7444 7389
7444 7281
7444 7274
7444 7419
7444 7362
7444 7280
7444 7325
7444 7294
7444 7399
7444 7305
7444 7292
7444 7222
7444 7214
7444 7208
7444 7192
7444 7337
7444 7282
7444 7425
7444 7220
7444 7454
7444 7397
7444 7356
7444 7272
7444 7392
7444 7238
7444 7231
7444 7247
7444 7195
7444 7261
7444 7334
7444 7417
7444 7211
7444 7236
7444 7297
7444 7320
7444 7459
7444 7354
7444 7384
7444 7295
7444 7276
7444 7382
7444 7259
7444 7267
7444 7291
7444 7409
7444 7355
7444 7363
7444 7344
7444 7201
7444 7348
7444 7404
7444 7275
7444 7353
7444 7252
7444 7445
7444 7329
7444 7221
7444 7431
7444 7253
7444 7439
7444 7379
7444 7300
7444 7451
7444 7248
7444 7257
7444 7210
7444 7457
7444 7200
7444 7286
7444 7393
7444 7262
7444 7396
7444 7346
7444 7369
7444 7204
7444 7374
7444 7435
7444 7422
7444 7311
7444 7317
