7448 7340
7448 7233
7448 7397
7448 7343
7448 7417
7448 7360
7448 7354
7448 7409
7448 7363
7448 7275
7448 7445
7448 7329
7448 7451
7448 7396
7448 7311
7422 7381
7422 7438
7422 7412
7422 7333
7422 7223
7422 7316
7422 7302
7422 7450
7422 7270
7422 7306
7422 7462
7422 7327
7422 7195
7422 7261
7422 7254
7422 7185
7422 7357
7422 7291
7422 7344
7422 7323
7422 7308
7422 7219
7422 7368
7422 7401
7422 7204
7311 7279
7311 7362
7311 7433
7311 7261
7311 7206
7311 7394
7311 7320
7311 7185
7311 7411
7311 7315
7311 7194
7311 7344
7311 7323
7311 7252
7311 7257
7311 7263
7311 7204
7202 7293
7202 7288
7202 7301
7202 7362
7202 7188
7202 7268
7202 7330
7202 7320
7202 7354
7202 7421
7202 7393
7317 7223
7317 7302
7317 7437
7317 7270
7317 7280
7317 7433
7317 7397
7317 7334
7317 7417
7317 7394
7317 7291
7317 7348
7317 7257
7317 7200
7317 7367
7317 7401
7317 7422
7199 7333
7199 7184
7199 7227
7199 7288
7199 7230
7199 7280
7199 7222
7199 7233
7199 7226
7199 7215
7199 7392
7199 7394
7199 7236
7199 7299
7199 7291
7199 7298
7199 7201
7199 7442
7199 7262
7199 7263
7199 7369
7199 7429
7444 7187
7444 7270
7444 7278
7444 7433
7444 7446
7444 7339
7444 7429
