7437 7349
7450 7196
7450 7438
7450 7410
7450 7408
7450 7269
7450 7314
7450 7230
7450 7371
7450 7452
7450 7403
7450 7389
7450 7306
7450 7462
7450 7392
7450 7400
7450 7407
7450 7455
7450 7195
7450 7394
7450 7335
7450 7315
7450 7384
7450 7404
7450 7442
7450 7289
7450 7370
7450 7451
7450 7457
7450 7311
7447 7187
7447 7251
7447 7380
7447 7280
7447 7231
7447 7195
7447 7291
7447 7393
7432 7205
7432 7341
7432 7465
7432 7408
7432 7447
7432 7403
7432 7325
7432 7305
7432 7278
7432 7215
7432 7272
7432 7185
7432 7267
7432 7390
7432 7289
7432 7451
7432 7393
7432 7263
7432 7401
7460 7456
7460 7188
7460 7320
7460 7385
7460 7368
7301 7187
7301 7277
7301 7186
7301 7214
7301 7278
7301 7201
7301 7348
7301 7232
7301 7429
7234 7318
7234 7333
7234 7341
7234 7251
7234 7437
7234 7301
7234 7305
7234 7397
7234 7272
7234 7266
7234 7455
7234 7195
7234 7261
7234 7413
7234 7351
7234 7265
7234 7349
7234 7289
7234 7457
7234 7401
7216 7203
7216 7309
7216 7186
7216 7251
7216 7314
7216 7371
7216 7279
7216 7280
7216 7246
7216 7433
7216 7406
7216 7290
7216 7185
7216 7357
7216 7259
7216 7427
7216 7409
7216 7201
7216 7252
7216 7434
7216 7191
7216 7401
7216 7310
7270 7362
7270 7335
7270 7354
7270 7200
7270 7367
7270 7368
7270 7263
7270 7339
7270 7369
7197 7426
7197 7309
7197 7333
7197 7223
7197 7279
7197 7362
7197 7280
7197 7246
7197 7188
7197 7208
7197 7272
7197 7231
7197 7283
7197 7194
7197 7300
7197 7191
7197 7232
7403 7187
7403 7465
7403 7230
7403 7437
7403 7362
7403 7280
7403 7291
7345 7255
7345 7408
7345 7301
7345 7325
7345 7213
7345 7436
7345 7233
7345 7392
7345 7407
7345 7290
7345 7195
7345 7384
7345 7299
7345 7382
7345 7363
7345 7189
7345 7390
7345 7349
7345 7442
7345 7289
7345 7439
7345 7370
7345 7260
7345 7210
7345 7440
7345 7199
7463 7304
7463 7398
7463 7309
7463 7364
7463 7333
7463 7408
7463 7325
7463 7356
7463 7375
7463 7266
7463 7290
7463 7360
7463 7236
7463 7409
7463 7344
7463 7348
7463 7308
7463 7368
7463 7396
7463 7369
7463 7401
7463 7312
7456 7293
7456 7223
7456 7262
7389 7285
7389 7218
7389 7222
7389 7192
7389 7464
7279 7223
7279 7288
7279 7192
7279 7342
7279 7417
7279 7236
7279 7385
7279 7200
7279 7440
7387 7443
7387 7424
7387 7196
7387 7408
7387 7240
7387 7305
7387 7337
7387 7327
7387 7215
7387 7195
7387 7421
7387 7225
7387 7370
7387 7458
7387 7200
7387 7191
7387 7232
7281 7255
7281 7371
7281 7456
7281 7218
7281 7322
7281 7200
7281 7219
7281 7262
7281 7191
7281 7204
7274 7375
7274 7396
7240 7230
7240 7281
7240 7362
7240 7220
7240 7445
7240 7286
7240 7262
7240 7429
7419 7285
7419 7190
7419 7412
7419 7453
7419 7184
7419 7279
7419 7240
7419 7208
7419 7397
7419 7266
7419 7351
7419 7291
7419 7201
7419 7275
7419 7390
7419 7239
7419 7257
7419 7367
7419 7219
7419 7262
7362 7190
7362 7186
7362 7332
7362 7371
7362 7447
7362 7240
7362 7192
7362 7407
7362 7195
7362 7261
7362 7320
7362 7384
7362 7289
7362 7200
7362 7393
7362 7440
7362 7263
7380 7293
7380 7412
7380 7288
7380 7218
7380 7222
7380 7416
7380 7407
7380 7348
7380 7250
7380 7200
7380 7219
7380 7263
7280 7426
7280 7362
7280 7188
7280 7222
7280 7375
7280 7247
7280 7250
7280 7300
7280 7367
7325 7424
7325 7465
7325 7184
7325 7302
7325 7463
7325 7389
7325 7359
7325 7305
7325 7462
7325 7392
7325 7238
7325 7342
7325 7206
7325 7284
7325 7351
7325 7295
7325 7363
7325 7323
7325 7252
7325 7434
7325 7347
7325 7210
7325 7435
7359 7244
7359 7412
7359 7380
7359 7325
7359 7246
7359 7321
7359 7441
7359 7247
7359 7402
7359 7344
7359 7250
7359 7210
7359 7200
7359 7262
7359 7204
7359 7448
7326 7285
7326 7288
7326 7419
7326 7188
7326 7337
7326 7361
7326 7194
7326 7344
7326 7385
7326 7262
7326 7461
7326 7435
7386 7285
7386 7318
7386 7337
7386 7321
7386 7217
7386 7355
7386 7300
7386 7239
7386 7368
7386 7191
7386 7429
7256 7190
7256 7412
7256 7456
7256 7272
7256 7266
7256 7283
7256 7185
7256 7459
7256 7295
7256 7299
7256 7363
7256 7344
7256 7201
7256 7348
7256 7253
7256 7349
7256 7442
7256 7451
7256 7396
7294 7309
7294 7465
7294 7403
7294 7214
7294 7417
7294 7299
7294 7267
7294 7344
7294 7388
7294 7349
7294 7257
7294 7440
7294 7435
7399 7381
7399 7216
7399 7197
7399 7256
7399 7441
7399 7445
7224 7285
7224 7223
7224 7216
7224 7419
7224 7256
7224 7218
7224 7236
7224 7427
7224 7239
7224 7219
7377 7412
7377 7209
7377 7269
7377 7216
7377 7270
7377 7345
7377 7188
7377 7222
7377 7337
7377 7283
7377 7402
7377 7421
7377 7329
7377 7451
7377 7200
7377 7262
7305 7255
7305 7383
7305 7309
7305 7336
7305 7345
7305 7387
7305 7359
7305 7188
7305 7340
7305 7454
7305 7226
7305 7272
7305 7407
7305 7455
7305 7320
7305 7354
7305 7409
7305 7322
7305 7442
7305 7434
7305 7289
7305 7458
7305 7440
7305 7310
7246 7426
7246 7256
7246 7222
7246 7406
7246 7375
7246 7231
7246 7361
7246 7194
7246 7352
7218 7325
7218 7258
7218 7210
7378 7277
7378 7395
7378 7333
7378 7214
7378 7454
7378 7252
7378 7448
7306 7293
7306 7288
7306 7437
7306 7216
7306 7192
7306 7417
7306 7291
7306 7348
7306 7353
7306 7308
7306 7262
7306 7191
7306 7232
7306 7204
7292 7187
7292 7412
7292 7223
7292 7227
7292 7302
7292 7380
7292 7256
7292 7192
7292 7321
7292 7411
7292 7459
7292 7315
7292 7194
7292 7291
7292 7298
7292 7329
7292 7221
7292 7253
7292 7311
7307 7318
7307 7453
7307 7341
7307 7227
7307 7270
7307 7279
7307 7419
7307 7280
7307 7375
7307 7427
7307 7265
7307 7291
7307 7201
7307 7253
7307 7219
7307 7191
7307 7401
7188 7277
7188 7412
7188 7395
7188 7378
7188 7446
7188 7201
7188 7451
7188 7273
7222 7395
7222 7223
7222 7351
7222 7344
7213 7277
7213 7333
7213 7223
7213 7227
7213 7302
7213 7419
7213 7380
7213 7192
7213 7433
7213 7231
7213 7357
7213 7354
7213 7267
7213 7194
7213 7421
7213 7252
7213 7273
7213 7191
7214 7381
7214 7197
7428 7293
7428 7395
7428 7453
7428 7465
7428 7416
7428 7233
7428 7226
7428 7236
7428 7402
7428 7427
7428 7291
7428 7323
7428 7347
7428 7262
7418 7288
7418 7429
7340 7443
7340 7424
7340 7244
7340 7333
7340 7341
7340 7184
7340 7274
7340 7258
7340 7208
7340 7327
7340 7226
7340 7455
7340 7195
7340 7417
7340 7284
7340 7322
7340 7225
7340 7385
7340 7347
7340 7458
7340 7219
7340 7369
7340 7310
7340 7435
7258 7443
7258 7304
7258 7465
7258 7230
7258 7387
7258 7274
7258 7240
7258 7192
7258 7282
7258 7324
7258 7231
7258 7290
7258 7455
7258 7195
7258 7417
7258 7411
7258 7459
7258 7295
7258 7322
7258 7355
7258 7323
7258 7353
7258 7252
7258 7273
7258 7232
7258 7435
7462 7333
7462 7341
7462 7227
7462 7419
7462 7325
7462 7208
7462 7416
7462 7278
7462 7282
7462 7217
7462 7446
7462 7459
7462 7427
7462 7348
7462 7262
7462 7368
7462 7191
7462 7310
7268 7190
7268 7301
7268 7274
7268 7419
7268 7222
7268 7233
7268 7226
7268 7375
7268 7236
7268 7421
7268 7344
7268 7300
7208 7321
7208 7339
7416 7395
7416 7215
7416 7344
7192 7205
7192 7465
7192 7447
7192 7281
7192 7416
7192 7272
7192 7250
7192 7445
7192 7289
7192 7262
7278 7426
7278 7293
7278 7285
7278 7309
7278 7274
7278 7240
7278 7419
7278 7305
7278 7188
7278 7208
7278 7416
7278 7233
7278 7337
7278 7231
7278 7417
7278 7284
7278 7283
7278 7459
7278 7295
7278 7427
7278 7431
7278 7253
7278 7442
7278 7273
7278 7393
7278 7396
7278 7339
7436 7187
7436 7190
7436 7341
7436 7280
7436 7342
7436 7217
7436 7225
7233 7395
7233 7453
7233 7184
7233 7450
7233 7270
7233 7188
7233 7273
7233 7339
7430 7309
7430 7395
7430 7333
7430 7408
7430 7251
7430 7345
7430 7305
7430 7292
7430 7433
7430 7342
7430 7195
7430 7417
7430 7284
7430 7446
7430 7291
7430 7221
7430 7349
7365 7230
7365 7375
7365 7231
7365 7361
7365 7207
7365 7284
7365 7411
7365 7315
7365 7194
7365 7298
7365 7323
7365 7201
7365 7250
7365 7385
7365 7451
7365 7339
7337 7190
7337 7465
7337 7345
7337 7419
7337 7218
7337 7356
7337 7407
7337 7267
7337 7409
7433 7227
7433 7270
7433 7406
7433 7402
7433 7250
7282 7304
7282 7450
7282 7280
7282 7306
7282 7278
7282 7290
7282 7261
7282 7446
7282 7413
7282 7201
7282 7329
7282 7253
7282 7457
7282 7422
7425 7426
7425 7403
7425 7226
7425 7272
7425 7231
7425 7247
7425 7283
7425 7357
7425 7267
7425 7291
7425 7253
7425 7260
7425 7262
7425 7232
7425 7435
7425 7199
7327 7187
7327 7186
7327 7402
7406 7424
7406 7293
7406 7190
7406 7309
7406 7223
7406 7197
7406 7272
7406 7334
7406 7322
7406 7323
7406 7257
7220 7227
7220 7368
7454 7196
7454 7465
7454 7408
7454 7345
7454 7294
7454 7214
7454 7282
7454 7272
7454 7195
7454 7206
7454 7315
7454 7252
7454 7253
7454 7451
7454 7457
7454 7393
7454 7396
7454 7369
7324 7215
7324 7351
7358 7285
7358 7186
7358 7463
7358 7280
7358 7343
7358 7185
7358 7384
7358 7427
7358 7363
7358 7257
7358 7369
7226 7293
7226 7196
7226 7333
7226 7184
7226 7345
7226 7280
7226 7188
7226 7220
7226 7231
7226 7247
7226 7394
7226 7265
7226 7291
7226 7434
7226 7451
7226 7262
7226 7204
7372 7293
7372 7285
7372 7412
7372 7306
7372 7226
7372 7291
7372 7421
7372 7250
7372 7367
7372 7219
7397 7187
7397 7285
7397 7395
7397 7450
7397 7280
7397 7337
7397 7406
7397 7454
7397 7215
7397 7238
7397 7357
7397 7291
7397 7363
7397 7348
7397 7253
7397 7232
7356 7190
7356 7184
7356 7460
7356 7197
7356 7419
7356 7268
7356 7226
7356 7215
7356 7375
7356 7247
7356 7295
7356 7225
7356 7367
7356 7396
7356 7369
7215 7412
7215 7453
7215 7279
7215 7380
7215 7218
7215 7278
7215 7402
7215 7291
7215 7421
7215 7458
7215 7200
7272 7408
7272 7287
7272 7359
7272 7224
7272 7340
7272 7258
7272 7330
7272 7407
7272 7266
7272 7211
7272 7335
7272 7423
7272 7289
7272 7286
7272 7440
7272 7444
7321 7426
7321 7223
7321 7216
7321 7222
7321 7299
7321 7291
7321 7200
7321 7429
7330 7321
7330 7392
7330 7290
7330 7394
7330 7315
7330 7265
7330 7429
7392 7308
7392 7263
7375 7318
7375 7453
7375 7302
7375 7450
7375 7387
7375 7397
7375 7195
7375 7185
7375 7411
7375 7363
7375 7210
7375 7232
7375 7369
7319 7412
7319 7333
7319 7227
7319 7288
7319 7437
7319 7270
7319 7325
7319 7218
7319 7306
7319 7394
7319 7236
7319 7283
7319 7185
7319 7354
7319 7201
7319 7353
7319 7300
7319 7257
7319 7310
7319 7422
7343 7341
7343 7216
7343 7270
7343 7218
7343 7247
7343 7411
7343 7348
7343 7390
7343 7245
7343 7300
7343 7368
7343 7191
7343 7352
7343 7232
7343 7339
7343 7429
7343 7317
7400 7277
7400 7304
7400 7318
7400 7302
7400 7408
7400 7270
7400 7197
7400 7274
7400 7419
7400 7377
7400 7188
7400 7208
7400 7433
7400 7327
7400 7392
7400 7261
7400 7217
7400 7354
7400 7442
7400 7434
7400 7300
7400 7367
7449 7318
7449 7270
7449 7419
7449 7222
7449 7416
7449 7406
7449 7321
7449 7217
7449 7402
7449 7265
7449 7445
7407 7426
7407 7301
7407 7197
7407 7419
7407 7222
7407 7330
7407 7206
7407 7354
7407 7250
7407 7225
7407 7445
7407 7300
7407 7367
7407 7393
7238 7293
7238 7333
7238 7274
7238 7419
7238 7362
7238 7280
7238 7188
7238 7222
7238 7418
7238 7454
7238 7321
7238 7231
7238 7261
7238 7283
7238 7357
7238 7354
7238 7201
7238 7348
7238 7191
7238 7396
7231 7187
7231 7227
7231 7216
7231 7206
7231 7299
7231 7344
7231 7348
7231 7393
7231 7429
7231 7448
7266 7196
7266 7318
7266 7412
7266 7395
7266 7453
7266 7341
7266 7343
7266 7247
7266 7229
7266 7402
7266 7265
7266 7390
7266 7232
7266 7339
7441 7426
7441 7187
7441 7190
7441 7371
7441 7419
7441 7220
7441 7283
7441 7354
7441 7323
7441 7262
7290 7187
7290 7285
7290 7408
7290 7188
7290 7416
7290 7337
7290 7320
7290 7459
7290 7355
7290 7348
7290 7390
7290 7367
7290 7393
7290 7263
7455 7318
7455 7223
7455 7450
7455 7389
7455 7218
7455 7306
7455 7188
7455 7278
7455 7454
7455 7330
7455 7392
7455 7194
7455 7291
7455 7442
7338 7304
7338 7270
7338 7380
7338 7256
7338 7392
7338 7394
7338 7283
7338 7402
7338 7348
7338 7300
7338 7457
7338 7191
7338 7204
7247 7223
7247 7375
7195 7424
7195 7304
7195 7230
7195 7197
7195 7325
7195 7377
7195 7305
7195 7188
7195 7340
7195 7324
7195 7226
7195 7215
7195 7407
7195 7290
7195 7357
7195 7295
7195 7409
7195 7322
7195 7349
7195 7367
7261 7437
7261 7274
7261 7218
7261 7222
7261 7215
7261 7407
7261 7417
7261 7354
7261 7315
7261 7299
7261 7291
7261 7368
7261 7396
7261 7422
7229 7187
7229 7383
7229 7186
7229 7333
7229 7302
7229 7274
7229 7240
7229 7325
7229 7359
7229 7392
7229 7261
7229 7334
7229 7236
7229 7357
7229 7354
7229 7384
7229 7299
7229 7322
7229 7434
7229 7200
7229 7393
7334 7293
7334 7285
7334 7395
7334 7186
7334 7419
7334 7337
7334 7247
7334 7354
7334 7427
7334 7300
7334 7393
7334 7339
7334 7374
7206 7280
7417 7216
7417 7445
7360 7465
7360 7230
7360 7226
7360 7247
7360 7417
7360 7299
7360 7322
7360 7363
7360 7250
7360 7275
7360 7225
7360 7396
7360 7435
7360 7422
7211 7395
7211 7465
7211 7280
7211 7192
7211 7226
7211 7247
7211 7446
7211 7427
7211 7291
7211 7298
7211 7300
7211 7347
7211 7435
7254 7318
7254 7412
7254 7333
7254 7223
7254 7341
7254 7227
7254 7437
7254 7419
7254 7380
7254 7278
7254 7394
7254 7236
7254 7194
7254 7291
7254 7300
7254 7347
7254 7262
7254 7191
7254 7271
7361 7288
