7361 7421
7207 7381
7207 7223
7207 7251
7207 7226
7207 7236
7207 7320
7207 7411
7207 7291
7207 7344
7394 7424
7394 7381
7394 7453
7394 7184
7394 7274
7394 7233
7394 7397
7394 7215
7394 7284
7394 7320
7394 7185
7394 7295
7394 7355
7394 7201
7394 7353
7394 7445
7394 7390
7394 7300
7394 7273
7394 7422
7236 7240
7236 7214
7236 7433
7236 7247
7236 7394
7236 7283
7236 7354
7236 7194
7236 7329
7236 7308
7236 7257
7236 7311
7284 7309
7284 7281
7284 7274
7284 7340
7284 7233
7284 7220
7284 7226
7284 7247
7284 7261
7284 7236
7284 7315
7284 7299
7284 7291
7284 7322
7284 7344
7284 7393
7284 7262
7284 7369
7217 7186
7217 7282
7217 7185
7217 7355
7217 7421
7217 7348
7297 7416
7297 7406
7297 7441
7297 7411
7297 7298
7297 7344
7297 7445
7297 7221
7297 7253
7297 7369
7446 7395
7446 7269
7446 7463
7446 7306
7446 7226
7446 7215
7446 7236
7446 7384
7446 7295
7446 7423
7446 7298
7446 7429
7446 7448
7413 7205
7413 7243
7413 7288
7413 7456
7413 7419
7413 7305
7413 7337
7413 7342
7413 7264
7413 7361
7413 7283
7413 7411
7413 7344
7413 7323
7413 7385
7413 7451
7413 7393
7413 7262
7413 7204
7413 7429
7320 7214
7320 7278
7320 7454
7320 7321
7320 7361
7320 7446
7320 7291
7320 7322
7320 7201
7320 7273
7320 7200
7283 7344
7185 7203
7185 7251
7185 7314
7185 7332
7185 7287
7185 7452
7185 7389
7185 7281
7185 7436
7185 7343
7185 7407
7185 7266
7185 7254
7185 7335
7185 7351
7185 7299
7185 7423
7185 7329
7185 7422
7185 7199
7411 7187
7411 7304
7411 7285
7411 7186
7411 7453
7411 7223
7411 7188
7411 7236
7411 7427
7411 7344
7411 7323
7411 7253
7411 7370
7411 7435
7459 7341
7459 7379
7459 7339
7459 7369
7357 7190
7357 7186
7357 7216
7357 7279
7357 7262
7357 7339
7335 7341
7335 7447
7335 7389
7335 7419
7335 7305
7335 7195
7335 7417
7335 7185
7335 7390
7335 7253
7335 7349
7335 7434
7335 7451
7335 7257
7335 7260
7335 7435
7354 7387
7351 7426
7351 7227
7351 7288
7351 7279
7351 7380
7351 7246
7351 7306
7351 7324
7351 7231
7351 7217
7351 7411
7351 7355
7351 7421
7351 7370
7315 7447
7315 7218
7315 7330
7315 7267
7315 7339
7402 7424
7402 7318
7402 7408
7402 7274
7402 7305
7402 7307
7402 7213
7402 7433
7402 7272
7402 7342
7402 7217
7402 7411
7402 7357
7402 7354
7402 7295
7402 7322
7402 7363
7402 7344
7402 7323
7402 7225
7402 7349
7402 7434
7402 7464
7402 7379
7402 7458
7402 7248
7402 7440
7402 7374
7402 7422
7384 7412
7384 7333
7384 7341
7384 7270
7384 7197
7384 7389
7384 7279
7384 7274
7384 7362
7384 7188
7384 7278
7384 7282
7384 7394
7384 7185
7384 7265
7384 7323
7384 7385
7384 7349
7384 7210
7295 7293
7295 7309
7295 7453
7295 7345
7295 7274
7295 7218
7295 7306
7295 7278
7295 7321
7295 7276
7295 7298
7295 7204
7295 7448
7299 7339
7276 7270
7276 7226
7276 7397
7276 7417
7276 7459
7276 7427
7276 7291
7276 7348
7276 7434
7276 7393
7276 7262
7276 7263
7276 7369
7382 7381
7382 7251
7382 7216
7382 7256
7382 7188
7382 7367
7382 7346
7382 7448
7259 7277
7259 7395
7259 7186
7259 7453
7259 7465
7259 7280
7259 7399
7259 7278
7259 7247
7259 7284
7259 7283
7259 7354
7259 7427
7259 7291
7259 7252
7267 7285
7267 7456
7267 7188
7267 7337
7267 7375
7267 7385
7267 7262
7267 7346
7427 7426
7427 7465
7427 7230
7427 7197
7427 7345
7427 7416
7427 7354
7427 7421
7427 7349
7427 7369
7194 7288
7194 7302
7194 7447
7194 7270
7194 7197
7194 7279
7194 7305
7194 7340
7194 7363
7194 7344
7194 7253
7194 7349
7194 7257
7194 7367
7296 7285
7296 7186
7296 7437
7296 7450
7296 7456
7296 7274
7296 7240
7296 7380
7296 7218
7296 7392
7296 7394
7296 7299
7296 7265
7296 7291
7296 7250
7296 7457
7265 7277
7265 7398
7265 7309
7265 7302
7265 7230
7265 7437
7265 7419
7265 7380
7265 7280
7265 7454
7265 7397
7265 7215
7265 7272
7265 7375
7265 7231
7265 7266
7265 7247
7265 7195
7265 7206
7265 7185
7265 7291
7265 7322
7265 7379
7265 7457
7265 7262
7265 7312
7291 7426
7291 7197
7291 7274
7291 7226
7291 7283
7291 7363
7291 7323
7291 7300
7291 7396
7409 7426
7409 7190
7409 7274
7409 7233
7409 7226
7409 7354
7409 7421
7409 7344
7409 7250
7409 7300
7409 7367
7409 7369
7423 7283
7423 7421
7423 7445
7423 7300
7423 7367
7423 7393
7322 7453
7322 7447
7322 7216
7322 7218
7322 7416
7322 7192
7355 7426
7355 7187
7355 7223
7355 7274
7355 7326
7355 7416
7355 7191
7355 7369
7421 7393
7421 7368
7421 7339
7298 7426
7298 7424
7298 7381
7298 7277
7298 7285
7298 7309
7298 7395
7298 7184
7298 7450
7298 7301
7298 7270
7298 7274
7298 7222
7298 7416
7298 7226
7298 7397
7298 7266
7298 7201
7298 7348
7298 7253
7298 7239
7298 7200
7298 7367
7298 7393
7298 7232
7298 7429
7363 7381
7363 7277
7363 7383
7363 7376
7363 7341
7363 7465
7363 7408
7363 7230
7363 7463
7363 7279
7363 7387
7363 7294
7363 7454
7363 7272
7363 7394
7363 7409
7363 7322
7363 7248
7344 7318
7344 7184
7344 7227
7344 7288
7344 7270
7344 7279
7344 7274
7344 7340
7344 7192
7344 7402
7344 7355
7344 7421
7323 7293
7323 7193
7323 7214
7323 7436
7323 7231
7323 7354
7323 7250
7323 7393
7201 7403
7201 7387
7201 7213
7201 7340
7201 7436
7201 7375
7201 7299
7201 7267
7201 7363
7201 7275
7201 7225
7201 7329
7201 7349
7201 7257
7201 7393
7201 7435
7348 7196
7348 7395
7348 7227
7348 7270
7348 7274
7348 7306
7348 7342
7348 7261
7348 7320
7348 7299
7348 7322
7348 7298
7348 7390
7250 7426
7250 7285
7250 7230
7250 7339
7404 7293
7404 7395
7404 7333
7404 7453
7404 7465
7404 7450
7404 7301
7404 7283
7404 7427
7404 7291
7404 7445
7404 7262
7275 7443
7275 7244
7275 7304
7275 7309
7275 7302
7275 7408
7275 7332
7275 7301
7275 7274
7275 7305
7275 7306
7275 7462
7275 7278
7275 7433
7275 7215
7275 7330
7275 7392
7275 7290
7275 7195
7275 7411
7275 7409
7275 7322
7275 7390
7275 7370
7275 7422
7189 7277
7189 7223
7189 7302
7189 7447
7189 7274
7189 7419
7189 7192
7189 7278
7189 7433
7189 7375
7189 7357
7189 7393
7189 7263
7189 7232
7189 7369
7189 7311
7252 7424
7252 7309
7252 7465
7252 7233
7252 7375
7252 7261
7252 7417
7252 7236
7252 7329
7252 7388
7252 7393
7252 7396
7225 7293
7225 7223
7225 7247
7385 7184
7385 7227
7385 7279
7385 7380
7385 7280
7385 7278
7385 7206
7385 7322
7385 7252
7385 7390
7385 7219
7385 7346
7385 7199
7445 7304
7445 7190
7445 7395
7445 7411
7445 7351
7329 7381
7329 7187
7329 7186
7329 7333
7329 7227
7329 7279
7329 7294
7329 7416
7329 7278
7329 7337
7329 7226
7329 7231
7329 7247
7329 7206
7329 7236
7329 7421
7329 7298
7329 7201
7329 7273
7414 7293
7414 7398
7414 7270
7414 7419
7414 7256
7414 7231
7414 7441
7414 7361
7414 7217
7414 7427
7414 7348
7414 7390
7414 7339
7431 7293
7431 7304
7431 7186
7431 7288
7431 7302
7431 7230
7431 7437
7431 7216
7431 7208
7431 7282
7431 7247
7431 7229
7431 7357
7431 7384
7431 7201
7431 7250
7431 7353
7431 7434
7431 7245
7431 7457
7431 7263
7431 7401
7308 7426
7308 7227
7308 7288
7308 7408
7308 7321
7308 7236
7308 7402
7308 7393
7388 7333
7388 7184
7388 7419
7388 7305
7388 7246
7388 7233
7388 7220
7388 7321
7388 7330
7388 7342
7388 7247
7388 7185
7388 7194
7388 7298
7388 7363
7388 7225
7388 7329
7388 7260
7388 7263
7390 7395
7390 7463
7390 7306
7390 7231
7390 7361
7253 7244
7253 7186
7253 7223
7253 7184
7253 7230
7253 7280
7253 7377
7253 7340
7253 7324
7253 7272
7253 7236
7253 7357
7253 7384
7253 7299
7253 7275
7253 7308
7253 7442
7253 7257
7253 7210
7253 7457
7253 7367
7349 7426
7349 7230
7349 7236
7349 7291
7349 7323
7349 7393
7349 7262
7442 7216
7442 7256
7442 7265
7434 7285
7434 7197
7434 7274
7434 7240
7434 7305
7434 7222
7434 7208
7434 7233
7434 7397
7434 7231
7434 7201
7434 7367
7289 7426
7289 7293
7289 7395
7289 7186
7289 7274
7289 7247
7289 7446
7289 7354
7289 7427
7289 7200
7439 7465
7439 7450
7439 7456
7439 7222
7439 7284
7439 7347
7439 7339
7439 7429
7464 7187
7464 7190
7464 7230
7464 7362
7464 7321
7464 7342
7464 7417
7464 7236
7464 7446
7464 7393
7464 7311
7245 7408
7245 7325
7245 7305
7245 7416
7245 7375
7245 7217
7245 7363
7245 7445
7379 7285
7379 7218
7379 7427
7379 7393
7379 7368
7300 7395
7347 7288
7347 7306
7347 7259
7347 7291
7347 7421
7347 7239
7347 7273
7347 7200
7347 7429
7347 7199
7370 7426
7370 7220
7370 7417
7370 7262
7370 7369
7451 7453
7451 7301
7451 7218
7451 7208
7451 7226
7451 7261
7451 7200
7451 7368
7451 7339
7451 7435
7239 7247
7239 7409
7239 7322
7239 7451
7239 7422
7458 7426
7458 7277
7458 7235
7458 7333
7458 7274
7458 7419
7458 7359
7458 7305
7458 7188
7458 7222
7458 7282
7458 7238
7458 7290
7458 7261
7458 7295
7458 7265
7458 7344
7458 7201
7458 7385
7458 7300
7458 7451
7458 7369
7458 7204
7458 7199
7257 7187
7257 7453
7257 7456
7257 7337
7257 7239
7257 7200
7257 7429
7260 7426
7260 7424
7260 7362
7260 7294
7260 7416
7260 7278
7260 7290
7260 7206
7260 7417
7260 7354
7260 7355
7260 7252
7260 7329
7260 7434
7260 7300
7260 7367
7260 7393
7260 7263
7260 7369
7260 7448
7210 7426
7210 7424
7210 7453
7210 7184
7210 7288
7210 7463
7210 7280
7210 7359
7210 7305
7210 7258
7210 7337
7210 7324
7210 7358
7210 7226
7210 7215
7210 7206
7210 7459
7210 7384
7210 7348
7210 7275
7210 7225
7210 7370
7210 7458
7210 7367
7210 7219
7457 7381
7457 7190
7457 7309
7457 7197
7457 7362
7457 7377
7457 7188
7457 7278
7457 7330
7457 7290
7457 7394
7457 7320
7457 7185
7457 7411
7457 7354
7457 7295
7457 7409
7457 7322
7457 7308
7457 7253
7457 7370
7457 7367
7273 7412
7273 7302
7273 7371
7273 7450
7273 7279
7273 7208
7273 7416
7273 7454
7273 7354
7273 7315
7273 7259
7273 7265
7273 7409
7273 7322
7273 7348
7273 7308
7273 7300
7273 7393
7273 7232
7273 7369
7273 7204
7200 7395
7200 7287
7200 7274
7200 7218
7200 7425
7200 7215
7200 7335
7200 7291
7200 7409
7200 7445
7200 7374
7367 7333
7367 7465
7367 7437
7367 7279
7367 7240
7367 7419
7367 7246
7367 7306
7367 7433
7367 7231
7367 7411
7367 7357
7367 7291
7367 7263
7367 7369
7367 7435
7286 7395
7286 7223
7286 7274
7286 7411
7286 7262
7219 7223
7219 7197
7219 7226
7219 7272
7219 7357
7393 7381
7393 7190
7393 7333
7393 7301
7393 7274
7393 7419
7393 7246
7393 7306
7393 7208
7393 7192
7393 7278
7393 7454
7393 7330
7393 7400
7393 7342
7393 7334
7393 7394
7393 7236
7393 7217
7393 7384
7393 7291
7393 7300
7393 7347
7393 7260
7393 7457
7393 7204
7393 7374
7393 7422
7391 7419
7391 7321
7391 7375
7391 7459
7391 7194
7391 7344
7391 7445
7391 7200
7391 7313
7391 7369
7262 7363
7262 7344
7242 7187
7242 7186
7242 7233
7242 7406
7242 7330
7242 7290
7242 7394
7242 7446
7368 7375
7368 7411
7440 7203
7440 7424
7440 7318
7440 7205
7440 7341
7440 7447
7440 7380
7440 7305
7440 7208
7440 7454
7440 7226
7440 7397
7440 7272
7440 7375
7440 7394
7440 7411
7440 7384
7440 7267
7440 7265
7440 7275
7440 7431
7440 7308
7440 7253
7440 7442
7440 7210
7440 7199
7313 7318
7313 7279
7313 7256
7313 7218
7313 7337
7313 7321
7313 7344
7313 7253
7313 7191
7313 7339
7191 7288
7191 7371
7191 7220
7191 7215
7191 7421
7263 7426
7263 7187
7263 7341
7263 7288
7263 7280
7263 7416
7263 7291
7263 7445
7263 7422
7396 7426
7396 7345
7396 7240
7396 7362
7396 7224
7396 7306
7396 7330
7396 7342
7396 7217
7396 7315
7396 7384
7396 7421
7396 7323
7396 7308
7396 7390
7396 7442
7396 7457
7396 7273
7396 7435
7352 7196
7352 7278
7352 7321
7352 7375
7352 7417
7352 7217
7352 7446
7352 7194
7352 7265
7352 7344
7352 7348
7352 7445
7352 7431
7352 7390
7352 7219
7352 7401
7352 7204
7352 7429
7415 7304
7415 7285
7415 7309
7415 7395
7415 7279
7415 7362
7415 7359
7415 7278
7415 7282
7415 7392
7415 7283
7415 7411
7415 7357
7415 7355
7415 7239
7415 7262
7415 7191
7415 7339
7415 7401
7415 7310
7232 7288
7232 7371
7232 7281
7232 7220
7232 7226
7232 7320
7232 7344
7232 7385
7232 7393
7346 7218
7346 7427
7346 7200
7346 7367
7346 7339
7339 7209
7339 7302
7339 7408
7339 7234
7339 7403
7339 7345
7339 7279
7339 7359
7339 7305
7339 7258
7339 7462
7339 7436
7339 7365
7339 7226
7339 7215
7339 7407
7339 7290
7339 7455
7339 7417
7339 7320
7339 7201
7339 7252
7339 7248
7369 7286
7369 7262
7401 7285
7401 7186
7401 7408
7401 7450
7401 7270
7401 7197
7401 7337
7401 7327
7401 7397
7401 7215
7401 7421
7401 7250
7401 7308
7401 7257
7401 7368
7204 7381
7204 7395
7204 7371
7204 7432
7204 7215
7204 7417
7204 7236
7204 7295
7204 7299
7204 7291
7204 7421
7204 7367
7271 7395
7271 7333
7271 7453
7271 7227
7271 7230
7271 7270
7271 7218
7271 7416
7271 7278
7271 7185
7271 7194
7271 7291
7271 7355
7271 7201
7271 7348
7310 7463
7310 7274
7310 7359
7310 7342
7310 7284
7310 7411
7310 7409
7310 7252
7310 7379
7310 7370
7310 7248
7461 7293
7461 7193
7461 7288
7461 7403
7461 7218
7461 7207
7461 7402
7374 7419
7374 7261
7374 7411
7429 7322
7429 7367
7429 7262
7429 7368
7429 7422
7435 7190
7435 7419
7435 7362
7312 7318
7312 7383
7312 7395
7312 7341
7312 7302
7312 7270
7312 7380
7312 7256
7312 7337
7312 7375
7312 7417
7312 7283
7312 7357
7312 7384
7312 7265
7312 7390
7312 7239
7448 7196
7448 7412
7448 7383
7448 7230
7448 7371
7448 7447
7448 7281
