7440 7190
7440 7333
7440 7332
7440 7432
7440 7301
7440 7197
7440 7274
7440 7377
7440 7433
7440 7321
7440 7330
7440 7283
7440 7185
7440 7335
7440 7291
7440 7348
7440 7250
7440 7445
7440 7300
7440 7367
7440 7369
7313 7227
7313 7431
7313 7312
7191 7456
7191 7368
7191 7339
7263 7395
7263 7222
7263 7421
7263 7339
7396 7293
7396 7309
7396 7333
7396 7465
7396 7456
7396 7380
7396 7280
7396 7416
7396 7185
7396 7402
7396 7298
7396 7348
7396 7385
7396 7300
7396 7257
7396 7263
7396 7448
7352 7306
7352 7406
7352 7441
7352 7298
7415 7344
7415 7448
7232 7456
7232 7368
7232 7339
7346 7320
7346 7451
7339 7196
7339 7187
7339 7395
7339 7387
7339 7280
7339 7256
7339 7192
7339 7282
7339 7195
7339 7236
7339 7217
7339 7384
7339 7291
7339 7355
7339 7421
7339 7363
7339 7348
7339 7275
7339 7225
7339 7457
7339 7367
7339 7191
7339 7263
7339 7435
7369 7285
7369 7341
7369 7393
7401 7288
7401 7216
7401 7394
7401 7446
7204 7187
7204 7186
7204 7456
7204 7192
7204 7337
7204 7220
7204 7427
7204 7250
7204 7445
7204 7200
7204 7262
7271 7462
7271 7321
7271 7441
7271 7455
7271 7402
7271 7421
7271 7250
7310 7318
7310 7412
7310 7333
7310 7341
7310 7227
7310 7437
7310 7270
7310 7389
7310 7279
7310 7419
7310 7362
7310 7380
7310 7280
7310 7188
7310 7375
7310 7394
7310 7446
7310 7427
7310 7194
7310 7291
7310 7344
7310 7201
7310 7385
7310 7308
7310 7253
7310 7300
7310 7368
7310 7232
7310 7204
7374 7218
7374 7416
7374 7247
7374 7445
7374 7393
7374 7339
7429 7395
7435 7445
7312 7426
7312 7305
7312 7306
7312 7406
7312 7441
7312 7361
7312 7194
7312 7421
7312 7352
7312 7369
7448 7426
7448 7187
7448 7341
7448 7227
7448 7302
7448 7450
7448 7270
7448 7345
7448 7419
7448 7280
7448 7218
7448 7222
7448 7208
7448 7282
7448 7406
7448 7321
7448 7441
7448 7334
7448 7297
7448 7357
7448 7355
7448 7201
7448 7248
7448 7440
7448 7204
7422 7426
7422 7285
7422 7395
7422 7186
7422 7230
7422 7222
7422 7231
7422 7290
7422 7402
7422 7298
7422 7348
7422 7390
7422 7339
7311 7395
7311 7186
7311 7270
7311 7188
7311 7337
7311 7361
7311 7446
7311 7354
7311 7385
7311 7329
7202 7216
7202 7456
7202 7218
7202 7262
7202 7368
7317 7426
7317 7304
7317 7398
7317 7227
7317 7305
7317 7406
7317 7321
7317 7375
7317 7266
7317 7441
7317 7361
7317 7459
7317 7421
7317 7298
7317 7253
7317 7239
7317 7339
7317 7204
7199 7406
7199 7321
7199 7385
7444 7256
