7337 7441
7337 7342
7337 7361
7337 7446
7337 7402
7337 7427
7337 7194
7337 7349
7337 7239
7337 7200
7337 7191
7337 7263
7337 7339
7337 7429
7337 7448
7433 7298
7282 7389
7282 7222
7282 7416
7282 7406
7282 7361
7282 7355
7282 7353
7282 7429
7425 7381
7425 7184
7425 7314
7425 7216
7425 7197
7425 7188
7425 7213
7425 7214
7425 7428
7425 7211
7425 7315
7425 7382
7425 7259
7425 7404
7425 7385
7425 7329
7425 7439
7425 7451
7425 7346
7406 7285
7406 7186
7406 7453
7406 7192
7406 7282
7406 7321
7406 7441
7406 7361
7406 7402
7406 7427
7406 7355
7406 7348
7406 7250
7406 7239
7406 7200
7406 7339
7406 7429
7454 7424
7454 7187
7454 7285
7454 7186
7454 7453
7454 7288
7454 7216
7454 7256
7454 7278
7454 7226
7454 7441
7454 7361
7454 7236
7454 7446
7454 7239
7454 7219
7454 7339
7454 7401
7454 7429
7324 7293
7324 7285
7324 7453
7324 7456
7324 7377
7324 7218
7324 7222
7324 7416
7324 7441
7324 7283
7324 7348
7324 7445
7324 7300
7324 7239
7324 7262
7324 7368
7324 7339
7324 7429
7358 7445
7226 7187
7226 7186
7226 7446
7372 7347
7397 7309
7397 7185
7397 7257
7356 7395
7356 7453
7356 7216
7356 7280
7356 7256
7356 7407
7356 7441
7356 7206
7356 7291
7356 7409
7356 7423
7356 7339
7228 7218
7228 7239
7215 7187
7215 7446
7272 7426
7272 7424
7272 7293
7272 7187
7272 7285
7272 7412
7272 7395
7272 7186
7272 7453
7272 7223
7272 7465
7272 7184
7272 7288
7272 7314
7272 7450
7272 7216
7272 7270
7272 7197
7272 7456
7272 7274
7272 7280
7272 7256
7272 7377
7272 7218
7272 7188
7272 7222
7272 7214
7272 7416
7272 7337
7272 7282
7272 7406
7272 7226
7272 7321
7272 7441
7272 7247
7272 7236
7272 7446
7272 7283
7272 7185
7272 7354
7272 7402
7272 7427
7272 7291
7272 7322
7272 7355
7272 7421
7272 7298
7272 7344
7272 7201
7272 7348
7272 7353
7272 7385
7272 7445
7272 7329
7272 7300
7272 7451
7272 7239
7272 7200
7272 7367
7272 7219
7272 7262
7272 7368
7272 7396
7272 7339
7272 7369
7272 7401
7272 7429
7272 7448
7330 7256
7330 7188
7330 7320
7375 7222
7319 7321
7400 7443
7400 7406
7400 7321
7400 7402
7400 7421
7400 7250
7400 7263
7449 7246
7449 7297
7407 7395
7407 7453
7407 7280
7407 7256
7407 7339
7238 7397
7238 7185
7231 7395
7231 7256
7231 7446
7231 7390
7231 7339
7266 7408
7266 7246
7266 7448
7441 7361
7441 7239
7342 7285
7342 7337
7342 7441
7342 7239
7342 7429
7455 7240
7455 7406
7455 7321
7455 7361
7455 7299
7455 7250
7455 7393
7455 7263
7455 7429
7338 7246
7338 7266
7338 7297
7338 7448
7366 7218
7366 7239
7195 7196
7195 7285
7195 7395
7195 7453
7195 7463
7195 7380
7195 7280
7195 7256
7195 7306
7195 7222
7195 7416
7195 7337
7195 7406
7195 7321
7195 7231
7195 7441
7195 7361
7195 7217
7195 7446
7195 7459
7195 7194
7195 7445
7195 7390
7195 7239
7195 7191
7195 7339
7195 7429
7261 7441
7261 7361
7261 7239
7261 7429
7229 7426
7229 7227
7229 7408
7229 7246
7229 7306
7229 7222
7229 7266
7229 7297
7229 7459
7229 7421
7229 7431
7229 7369
7229 7312
7229 7448
7334 7341
7417 7321
7417 7402
7360 7285
7360 7395
7360 7453
7360 7287
7360 7216
7360 7280
7360 7256
7360 7407
7360 7441
7360 7206
7360 7446
7360 7291
7360 7409
7360 7423
7360 7390
7360 7339
7360 7448
7264 7348
7211 7381
7211 7184
7211 7216
7211 7188
7211 7213
7211 7214
7211 7315
7211 7259
7211 7385
7211 7329
7211 7451
7211 7346
7254 7443
7254 7438
7254 7406
7207 7184
7207 7447
7207 7403
7207 7416
7207 7365
7207 7267
7207 7322
7207 7355
7207 7323
7207 7348
7207 7445
7207 7451
7394 7321
7394 7298
7236 7187
7236 7446
7284 7216
7284 7270
7284 7188
7284 7441
7284 7320
7284 7385
7284 7191
7413 7447
7413 7389
7413 7430
7413 7365
7413 7282
7413 7406
7413 7355
7413 7348
7413 7353
7320 7256
7283 7293
7283 7456
7283 7218
7283 7222
7283 7348
7283 7445
7283 7262
7283 7368
7283 7339
7185 7424
7185 7187
7185 7285
7185 7190
7185 7412
7185 7309
7185 7395
7185 7186
7185 7453
7185 7223
7185 7288
7185 7450
7185 7216
7185 7270
7185 7197
7185 7456
7185 7274
7185 7362
7185 7280
7185 7256
7185 7246
7185 7218
7185 7416
7185 7192
7185 7278
7185 7337
7185 7406
7185 7226
7185 7397
7185 7215
7185 7321
7185 7231
7185 7441
7185 7361
7185 7236
7185 7446
7185 7295
7185 7427
7185 7291
7185 7298
7185 7445
7185 7239
7185 7257
7185 7200
7185 7367
7185 7219
7185 7262
7185 7368
7185 7191
7185 7339
7185 7401
7185 7429
7185 7448
7411 7222
7411 7416
7411 7445
7459 7448
7335 7285
7335 7412
7335 7216
7335 7270
7335 7456
7335 7256
7335 7294
7335 7218
7335 7441
7335 7284
7335 7320
7335 7201
7335 7252
7335 7239
7335 7219
7335 7262
7335 7368
7335 7191
7335 7339
7335 7204
7354 7293
7354 7456
7354 7222
7354 7416
7354 7441
7354 7421
7354 7445
7354 7262
7354 7368
7354 7339
7351 7222
7351 7445
7315 7184
7315 7214
7315 7451
7402 7426
7402 7395
7402 7216
7402 7256
7402 7406
7402 7321
7402 7441
7402 7446
7402 7421
7402 7250
7402 7385
7402 7239
7402 7339
7402 7429
7402 7448
7384 7196
7384 7395
7384 7453
7384 7380
7384 7256
7384 7306
7384 7337
7384 7406
7384 7321
7384 7231
7384 7441
7384 7361
7384 7217
7384 7194
7384 7445
7384 7390
7384 7339
7384 7429
7276 7256
7382 7184
7259 7184
7259 7216
7259 7188
7259 7385
7259 7329
7259 7451
7427 7429
7194 7395
7194 7453
7194 7380
7194 7256
7194 7306
7194 7321
7194 7231
7194 7441
7194 7361
7194 7446
7194 7390
7194 7239
7194 7339
7296 7227
7296 7408
7296 7246
7296 7266
7296 7297
7296 7312
7296 7448
7265 7227
7265 7216
7265 7256
7265 7246
7265 7406
7265 7321
7265 7290
7265 7446
7265 7421
7265 7298
7265 7308
7265 7434
7291 7395
7291 7453
7291 7216
7291 7256
7291 7321
7291 7231
7291 7441
7291 7361
7291 7446
7291 7194
7291 7390
7291 7239
7291 7339
7409 7395
7409 7453
7409 7280
7409 7256
7409 7291
7409 7423
7409 7339
7423 7395
7423 7453
7423 7280
7423 7256
7423 7407
7423 7441
7423 7206
7423 7446
7423 7291
7423 7409
7423 7339
7355 7282
7355 7406
7355 7348
7355 7429
7363 7450
7363 7456
7363 7218
7363 7321
7363 7441
7363 7446
7363 7250
7363 7445
7363 7262
7363 7368
7363 7339
7344 7222
7323 7441
7323 7429
7201 7187
7201 7285
7201 7412
7201 7227
7201 7302
7201 7270
7201 7456
7201 7279
7201 7441
7201 7427
7201 7239
7201 7219
7201 7368
7201 7191
7201 7339
7201 7204
7201 7429
7348 7184
7348 7314
7348 7389
7348 7222