282 6768
5562 3611
5562 750
5829 5093
3314 3589
2059 305
3868 764
3652 5667
1088 4196
1088 5893
3331 6024
2708 2584
3600 3679
3600 3097
3600 7153
3600 3343
3624 3040
3624 4823
5547 3098
3913 808
179 4370
179 3476
179 5151
2185 1042
610 750
5618 3167
2938 6933
6516 6890
3406 6650
3406 4823
872 2064
5692 750
4308 2018
4308 4548
4308 5236
5269 2567
5 1604
58 2557
58 5069
58 1157
58 6590
58 6135
58 5572
58 4574
58 2393
58 4863
58 6909
58 2196
3653 6937
6282 3068
3016 1828
1390 1463
6754 3068
6815 517
4026 2034
18 3357
18 5503
4452 6054
4452 5220
535 1449
5255 3068
2025 230
6523 430
1633 1852
3911 282
5045 5830
5045 4908
5857 58
5857 5368
5857 1562
71 6650
71 6024
71 4823
4416 4360
4416 5710
1346 3167
1265 5394
2496 833
6149 4872
3937 4863
2948 4823
6166 2375
3891 2254
6169 4355
143 1562
1143 5885
5680 58
5680 6809
5680 1562
5680 4759
5680 6768
4820 58
4820 5368
4820 1562
4820 6768
47 3090
1559 1562
1559 3520
6150 7153
2905 2888
2905 5886
2681 3520
6714 916
5094 5712
236 6863
236 2388
2320 1562
3021 6650
3021 4823
3507 3943
3375 58
6351 6882
5712 3357
3379 2496
428 2567
3845 398
84 4471
480 2019
480 1974
7111 5914
1505 750
4134 3075
6530 58
1693 3000
6412 2870
6412 3357
6412 4846
6412 5164
2449 6514
1832 18
1832 4196
1832 3357
1832 2293
4469 6185
76 6885
4722 764
4722 1125
3589 3406
3589 5328
3589 4390
3589 6024
3589 3620
3589 4595
5368 58
5368 1562
5368 4863
7164 4428
7164 1953
3525 5886
6003 2888
6003 5886
6003 3920
6003 3943
6003 1240
218 5830
3631 4360
3631 4095
5049 5182
5049 5334
5049 4707
323 4196
323 5893
323 3068
2233 1604
6142 2818
6142 6244
6958 3090
4660 535
4660 5039
4660 1449
3554 4686
3651 1976
2035 6671
4972 5016
2028 750
5555 3357
5555 1635
192 6851
6371 5893
2150 3068
5953 575
2557 58
2557 6937
2847 4317
3846 5955
1359 2818
6946 2254
6946 723
6946 5200
2650 750
6682 764
3402 4863
46 6650
758 6493
758 5884
4398 3679
2615 1132
2615 3378
2615 774
6809 58
6809 1907
5393 4596
5328 6024
4196 6995
2663 5830
4028 3097
4321 473
6377 1725
6364 5389
6364 4390
5104 5653
3729 2888
3729 3943
956 1562
956 3520
5761 58
5379 5991
2870 5094
1157 58
1157 5368
1157 2557
1157 4574
3679 5442
2958 2449
2958 6514
2958 912
397 3068
5893 5994
5893 2468
5893 2121
5893 6051
5893 1182
5893 431
2083 6342
680 3342
1364 2463
1364 3068
3848 4652
3330 3600
3330 3679
3330 3097
3330 7153
5557 3560
7142 5893
4171 5857
5498 843
5498 184
2812 5019
6602 6650
6602 4823
4647 5955
6686 3040
6581 4355
4189 4471
624 275
624 3167
4737 6091
4737 342
4126 5510
1813 430
3784 3204
4143 2767
2868 541
1924 6809
430 1825
7010 4634
7010 2832
7010 556
2529 3090
3121 1808
3121 6584
1566 3204
617 4863
2468 5994
3357 18
3357 5712
3357 925
5834 5642
5803 6342
3342 769
3342 2656
3342 6229
4128 3274
1324 5601
5806 5937
4936 236
5798 4943
5798 6863
5798 2220
5798 3005
5798 5127
5798 2388
478 58
5475 3221
4598 2991
6328 4863
6911 3378
1905 4196
3373 6650
3373 3620
3373 4823
2992 3342
6985 4684
1650 1930
1650 7057
5503 1132
3129 1296
3129 4283
5973 2059
1275 6342
1275 418
1275 5241
5586 1562
4537 3357
4537 575
3140 1463
1783 210
1783 431
2818 7123
5182 5334
808 3913
6184 2351
479 398
2018 4308
1786 1604
1474 6909
2034 3342
4242 5017
3015 3562
2471 4872
4473 4863
2896 4182
2896 3167
2896 6352
5993 430
6423 5199
6423 1575
1493 1562
1493 1046
1493 1663
5605 2707
3648 6838
3648 7153
6652 4684
589 3058
6666 3040
6666 4823
2656 769
6603 5093
2609 58
6129 2888
6129 5886
6129 3943
6129 1240
5287 2728
1948 179
1948 5815
4456 5394
3716 6632
1856 3090
3756 5449
3756 3047
3756 3849
4704 3098
3976 5386
6590 3052
854 2463
6135 3052
6135 6909
1926 6947
5743 750
1913 5830
1913 4908
704 4596
5877 3011
5877 1822
5877 1677
125 4897
4324 4394
4548 3834
4548 174
340 5507
340 6024
804 6650
832 764
832 575
832 1125
3041 4709
860 5065
860 2413
5830 6054
5830 5045
5830 218
5830 2663
5830 1913
5830 3755
3957 3090
6288 5864
6917 6142
6917 5328
6917 6024
6917 3620
6023 7153
2208 826
6650 3589
6650 3959
378 5893
378 2463
378 3068
4905 3486
78 1059
685 3068
7053 4702
4108 3618
784 3725
5394 1141
5394 5280
5394 1126
5394 1803
5394 1324
5394 5601
5394 5127
5394 2447
5394 2388
1029 4295
3273 3357
2086 1687
2086 6819
3616 6768
1026 4471
1602 6342
3834 174
4770 6818
6018 3679
6667 3943
5662 5914
337 2475
6876 5093
2851 2553
3490 5642
3025 6177
2691 5045
1709 541
5019 2812
3878 3777
2126 4527
2126 857
609 1375
5724 4396
5724 4839
5724 171
5561 2035
5561 6671
5603 4569
2590 2818
3183 210
3708 2732
3708 6358
4746 2471
6901 4394
4646 6843
556 3849
1172 2496
1172 1586
877 517
3873 2463
1106 5642
5653 5019
303 3011
303 1822
303 1677
303 3125
1529 750
5988 3204
2156 58
5683 837
5257 6709
4674 236
1396 6342
4861 1562
6599 1604
4352 4823
3690 5667
2073 4196
3733 4655
1765 4527
1765 6709
4596 5556
634 2860
634 2463
2444 6514
3711 3719
3266 750
6361 3271
1562 4820
1562 6768
1562 3520
1180 1828
1180 325
1180 276
7128 3167
7128 6995
551 5642
551 3849
3167 4182
3167 275
4680 575
2578 430
2578 6463
4569 1828
4569 5603
4569 5158
387 6291
3387 5394
3098 4704
5398 3343
2802 1828
2802 276
4536 5955
4536 1488
4536 1776
353 6650
5231 91
2383 2888
2383 5886
341 2475
467 826
5022 3218
3011 6149
3011 2471
3011 5877
3011 1495
3011 1822
3011 1677
3011 4702
3011 5819
3011 3125
2130 6185
3166 6394
4990 4143
35 18
35 3357
35 2293
2417 4295
2417 750
649 1976
649 5334
4091 2463
4091 3068
6256 5900
6256 4592
6256 192
6256 4282
1008 58
5386 3204
5386 4095
3896 3000
3163 3090
2088 3068
4523 3913
723 2254
723 3908
417 6361
4042 849
1583 1974
1583 5864
358 3935
1013 3274
6279 5835
3674 2180
575 5535
575 5302
575 6947
575 4680
5202 5955
5202 1488
5202 1776
6965 1125
4046 5200
6227 764
6979 764
6437 1706
6437 6781
6437 5720
4724 5357
6244 4837
6244 7123
6244 2818
6244 5437
6244 1655
5614 2568
3611 750
3334 5864
2043 5695
2043 721
5223 5712
23 6776
2848 4596
15 2496
15 4527