4108 4745
4108 5180
4108 6424
4108 3450
4108 250
4108 2972
4108 2866
4108 4680
4108 5659
4108 1266
4108 1452
4108 4810
4108 4454
4108 4475
4108 1733
4108 1490
4108 4112
4108 5808
1330 5690
1330 3626
1330 2085
1330 2150
1330 4024
1330 3286
1330 1272
1330 5627
1330 7105
1330 3725
1330 4832
1330 1238
1330 6657
1330 6833
1330 3221
1330 5250
1330 6442
1330 3462
1330 6835
1330 3020
2375 3807
2375 3768
2375 6166
2375 3662
2375 212
2375 325
2375 1813
2375 2814
2375 430
2375 2247
2375 2222
2375 6425
2375 1825
2375 2803
2375 1029
2375 6140
2375 5683
2375 6105
2375 3935
2375 358
2375 1990
2375 5729
2375 5340
2375 6208
2375 101
516 4442
516 4154
516 3267
516 5390
516 874
4378 5885
4378 2577
4378 715
4378 892
4378 6796
4378 3381
4378 109
4378 5199
4378 6088
4378 5117
4378 4283
4378 6971
4378 6784
4378 2973
3886 1094
3886 627
3886 1390
3886 4756
3886 4541
3886 3414
3886 1909
3886 1901
3886 4850
3886 738
3886 1981
3886 36
3886 4024
3886 6911
3886 5503
3886 3140
3886 2066
3886 740
3886 4791
3886 3725
3886 836
3886 5216
3886 5426
3886 5773
3886 1851
3886 1068
3886 6972
3886 1025
3886 3378
3886 6161
3886 1727
3886 4611
3886 4751
3886 2528
3886 3870
3886 3486
3886 1463
3886 3568
3886 1819
3886 677
3886 3484
3886 4959
3886 1542
6180 5094
6180 1641
6180 6565
6180 2008
6180 479
6180 6534
6180 103
6180 6428
6180 4247
6180 5164
6180 2728
6180 4117
6180 4425
6180 3123
6180 1643
6180 396
6180 6455
1640 4215
1640 6412
1640 3884
1640 2847
1640 4504
1640 6665
1640 2008
1640 5287
1640 6534
1640 5799
1640 2430
1640 4846
1640 6115
1640 5223
1640 4454
1640 3271
1640 2654
1640 4247
1640 3037
1640 2728
1640 1125
1640 1643
1640 1690
1640 396
1640 6455
1640 1957
1640 3514
16 5044
16 4394
16 6744
16 115
16 3261
16 1942
16 4397
16 3689
16 5462
16 2449
16 1904
16 4659
16 192
16 201
16 824
16 4602
16 3776
16 3121
16 6
16 6494
16 4419
16 5453
16 3283
16 3834
16 6901
16 2607
16 6130
16 2508
16 3896
16 1295
16 4584
16 6514
16 6251
16 113
16 3984
16 485
16 6584
16 2865
16 1687
16 6851
16 3399
16 6223
16 5128
16 2131
16 3657
16 4022
16 6903
16 7062
16 3218
1039 5210
1039 4395
1039 4352
1039 353
705 5562
705 4152
705 1080
705 1494
705 454
705 2814
705 6655
705 1650
705 3385
705 506
705 6676
705 504
705 927
705 3834
705 1974
705 3711
705 2439
705 3611
705 5910
705 3548
705 5816
705 1085
705 5267
705 3927
1653 3296
1653 6556
1653 5907
1653 3646
1653 295
6864 231
6864 2605
6864 538
6864 5605
6864 1408
6864 4407
6864 3309
6864 2413
504 1512
504 4452
504 535
504 2025
504 4152
504 6414
504 3243
504 3044
504 5049
504 4660
504 2028
504 3141
504 5039
504 3401
504 484
504 1926
504 6078
504 2927
504 705
504 6195
504 6488
504 3611
504 7177
504 237
504 2556
504 2969
504 1449
504 2509
504 1857
2223 241
2223 426
2223 5970
2223 4308
2223 598
2223 1935
2223 5352
2223 6201
2223 6513
2223 3142
2223 5809
2223 1522
2223 6808
2223 2867
2223 3303
2223 957
2223 6839
2223 5951
2223 4303
2223 2248
2223 4082
2223 4511
2223 4203
2223 423
2277 1382
2277 7139
2277 3036
2277 5384
2277 5859
2277 7122
2277 3298
2277 4471
2277 6080
2277 1138
2277 5389
2277 6364
2277 3392
2277 5557
2277 4189
2277 5130
2277 3727
2277 1440
2277 6424
2277 7038
2277 7065
2277 1026
2277 1297
2277 4332
2277 2405
2277 5208
2277 6422
2277 2820
2277 1323
2277 4159
3127 4662
3127 6666
3127 4918
3127 5192
3127 2727
3127 1648
2950 1904
2950 4017
2950 201
2950 3286
2950 6
2950 4793
2950 6408
2950 3098
2950 6635
2950 6584
2950 1679
2950 6851
2950 2270
2950 4658
2950 6995
2950 4729
2950 32
3942 6412
3942 3752
3942 5049
3942 4196
3942 6485
3942 1855
3942 5182
3942 5100
3942 699
3942 1976
3942 4826
3942 4846
3942 4707
3942 4454
3942 6051
3942 431
3942 3514
1561 5290
1561 4289
1561 6149
1561 2684
1561 1693
1561 4298
1561 385
1561 3634
1561 5344
1561 5832
1561 3561
1561 2471
1561 1794
1561 3090
1561 3587
1561 1974
1561 6251
1561 3785
1561 485
1561 4872
1561 6584
1561 4297
1561 1348
1561 1677
1561 1445
1561 6040
1561 5790
1561 352
6739 5562
6739 1505
6739 430
6739 5201
4826 5547
4826 3299
4826 4026
4826 2805
4826 3633
4826 7016
4826 3752
4826 3687
4826 6278
4826 3377
4826 6911
4826 2034
4826 3047
4826 1493
4826 1132
4826 3766
4826 484
4826 2734
4826 3942
4826 5257
4826 1238
4826 2328
4826 3098
4826 4846
4826 4990
4826 6295
4826 1831
4826 3790
4826 4454
4826 3378
4826 774
4826 5989
4826 3275
4826 1675
4826 4102
4826 570
4826 3514
976 18
976 4370
976 6149
976 245
976 2936
976 1212
976 2225
976 4157
976 5157
976 6908
976 6235
976 5006
976 1
976 6586
976 6671
976 3357
976 5420
976 5503
976 2471
976 1493
976 1132
976 171
976 6606
976 3577
976 4905
976 2560
976 5561
976 2590
976 731
976 5683
976 6990
976 3398
976 2714
976 5193
976 3011
976 3166
976 6244
976 4530
976 1495
976 3186
976 297
976 6045
976 2293
976 6506
976 64
976 1273
976 2528
976 586
976 770
976 5151
976 2027
976 837
976 3359
976 3486
976 1192
976 5903
976 3068
976 4821
976 5131
2046 601
2046 4688
2046 5529
2046 2377
4796 1214
4796 5269
4796 6527
4796 3073
4796 4254
4796 599
4796 2566
4796 2339
4796 3226
4796 4196
4796 2675
4796 891
4796 7064
4796 5762
4796 6163
4796 671
4796 5143
4796 3759
4796 6108
4796 204
4796 7104
4796 6968
4796 135
4796 4824
4796 4013
4796 110
4796 2884
4796 239
6296 2762
6296 7162
6296 672
6296 3187
6296 5065
6296 3730
6296 1157
6296 4843
6296 2181
6296 478
6296 4372
6296 1839
6296 2020
6296 2932
6296 2982
6296 2800
6296 4402
6296 5754
6296 4574
6296 6618
6296 1907
6296 5881
6296 3319
6296 2249
6296 936
6296 5644
6296 1380
6296 283
6296 4882
539 4640
916 1056
916 3006
916 1367
916 6149
916 5280
916 5157
916 1750
916 4331
916 946
916 1511
916 2471
916 629
916 3272
916 2710
916 3398
916 5450
916 5193
916 2130
916 2993
916 3340
916 4430
916 563
916 1405
916 4358
916 6117
916 1273
916 3875
916 4963
916 586
916 4423
916 2194
916 3548
916 2255
916 5903
784 5262
784 2496
784 1936
784 2225
784 3651
784 4398
784 5120
784 1049
784 4816
784 2530
784 1560
784 6079
784 2560
784 1462
784 5377
784 15
784 1177
784 3895
784 1502
784 87
784 472
784 6178
784 6391
784 6743
6511 6552
6511 4291
6511 4925
6511 2936
6511 745
6511 5756
6511 3507
6511 6933
6511 4972
6511 3846
6511 6220
6511 4504
6511 5534
6511 5467
6511 4647
6511 5190
6511 1189
6511 1891
6511 1165
6511 6099
6511 2732
6511 754
6511 6460
6511 5947
6511 6799
6511 6129
6511 2683
6511 3976
6511 3506
6511 1560
6511 6008
6511 784
6511 887
6511 3025
6511 5961
6511 2301
6511 3708
6511 5988
6511 5442
6511 6343
6511 6361
6511 5194
6511 1096
6511 5260
6511 995
6511 5490
6511 417
6511 1270
6511 1617
6511 1952
6511 4530
6511 3667
6511 3494
6511 5996
6511 5212
6511 39
6511 1592
6511 590
6511 2378
6511 3875
6511 3352
6511 4963
6511 6177
6511 24
6511 2194
6511 2027
6511 5843
6511 6036
6511 4019
6511 1701
6511 3350
6511 6607
6511 1005
6664 4858
6664 5492
6664 6790
6664 6735
6664 1401
6664 894
6664 4450
6664 2736
6664 7027
6664 5721
6664 2596
6905 2185
6905 6976
6905 4452
6905 6349
6905 3010
6905 2278
6905 1750
6905 5927
6905 4936
6905 1493
6905 5122
6905 6443
6905 6750
6905 6830
6905 4841
6905 4674
6905 6639
6905 1120
6905 1118
6905 136
6905 3340
6905 4872
6905 1122
6905 6704
6905 6563
6905 1940
6905 6936
6905 6499
6905 6088
6905 6035
6905 1046
6905 1857
6905 1258
6905 3480
6905 4144
5012 1288
5012 1301
5012 601
5012 4452
5012 5098
5012 1674
5012 7161
5012 4490
5012 658
5012 79
3438 5210
3438 4023
3438 3021
3438 46
3438 4625
3438 3057
3438 1863
3438 653
3438 4352
3438 1934
3438 4088
3438 178
3438 5480
5575 964
5575 809
5575 6323
5575 688
5575 5261
5575 6896
5575 2086
5575 410
5575 2492
5575 5823
5575 485
5575 6372
5575 3394
5575 3399
5575 6040
1684 3990
1684 115
1684 4308
1684 1400
1684 5712
1684 1693
1684 1832
1684 4196
1684 5186
1684 6991
1684 4533
1684 1272
1684 4364
1684 450
1684 3561
1684 3549
1684 2018
1684 1926
1684 5381
1684 6448
1684 2086
1684 3834
1684 4340
1684 2160
1684 2607
1684 6357
1684 5315
1684 5316
1684 1295
1684 3663
1684 6250
1684 485
1684 4094
1684 4117
1684 2736
1684 4151
1684 1445
1684 1085
1684 6040
1684 174
1684 1259
1684 6835
1684 2973
1684 4639
3428 3173
3428 4818
3428 2828
3428 1221
3428 6433
3428 3659
3428 6466
3428 5898
3428 3518
3428 6965
3428 7082
3428 3217
5516 4874
5516 3850
5516 2028
5516 3385
5516 6590
5516 5743
5516 6676
5516 5308
5516 2709
5516 2969
5516 4297
5516 6326
5516 5790
5516 284
927 6196
927 5110
927 3947
927 675
927 4150
927 6041
927 188
927 4295
927 308
927 1740
927 7085
927 6326
927 790
5394 5885
5394 2660
5394 421
5394 5507
5394 1706
5394 4469
5394 3243
5394 4336
5394 6395
5394 1902
5394 4331
5394 7010
5394 1850
5394 524
5394 6008
5394 5171
5394 3403
5394 5284
5394 4908
5394 1136
5394 719
5394 3387
5394 2317
5394 1298
5394 1544
5394 6768
5394 6185
5394 555
5394 1405
5394 5930
5394 6539
5394 5495
5394 6971
5394 2784
5394 2500
5394 1497
4153 2025
4153 5319
4153 3342
4153 6897
4153 3015
4153 2656
4153 78
4153 2837
4153 4489
4153 3510
4153 4892
4153 3562
3262 1422
3262 2549
3262 3274
3262 4062
3262 1004
3262 268
3262 4039
3262 6030
3262 1573
3262 3336
3262 1615
3262 2782
3262 3603
4194 58
4194 6149
4194 2911
4194 2337
4194 2471
4194 2338
4194 6606
4194 1495
4194 4297
4194 2175
4194 1677
4194 3359
4194 5790
4194 5819
4194 101
4194 6912
1340 7110
1340 3306
1340 7169
1340 3921
1340 6925
1340 509
1340 2410
1340 1692
1340 1401
1340 6876
1340 1893
1340 1974
1340 1567
1340 4897
1340 5739
1340 2264
1340 2736
1340 4213
1340 1816
1340 2988
692 6744
692 3990
692 3000
692 1942
692 2903
692 5462
692 2449
692 192
692 1994
692 1673
692 3936
692 6494
692 5924
692 450
692 1926
692 6448
692 722
692 3834
692 3025
692 6130
692 5022
692 4827
692 395
692 4317
692 3984
692 5199
692 3754
692 1465
692 3874
692 6589
692 4092
692 4359
692 6832
692 6177
692 4117
692 3657
692 6784
692 565
692 7062
5008 4516
5008 7146
51 6660
51 17
51 6831
51 684
51 3290
51 1890
51 3426
51 1347
51 2801
2678 4598
2678 2493
2678 1692
2678 1401
2678 894
2678 1038
2678 4226
2678 7027
2678 2596
6749 4152
6749 5857
6749 1080
6749 672
6749 4621
6749 5491
6749 6809
6749 7072
6749 454
6749 1924
6749 1930
6749 1513
6749 1650
6749 4460
6749 506
6749 1974
6749 4827
6749 1583
6749 3334
6749 6541
6749 3045
6749 4903
6749 3777
6749 750
6749 4474
6749 1085
6749 3574
6749 3433
6749 1101
6749 6087
6749 1754
6749 2539
6749 148
6749 339
4803 260
4803 5642
4803 6349
4803 6905
4803 3247
4803 4997
4803 6639
4803 6499
522 2603
522 4533
522 5475
522 3549
522 4018
522 347
522 2160
522 6357
522 690
522 3894
522 6250
522 3654
522 3368
522 6484
522 3221
522 6835
522 2413
2348 6620
2759 4804
2759 903
2759 2068
2759 1668
2759 3339
103 6617
103 2811
103 2496
103 2322
103 5042
103 5094
103 3440
103 5723
103 6911
103 1229
103 1985
103 6534
103 2560
103 5799
103 1462
103 3790
103 15
103 301
103 3271
103 5681
103 3378
103 3037
103 2012
103 24
103 396
103 6455
6325 994
6325 2808
5170 134
5170 5471
5170 4170
5170 3575
5170 563
5170 3548
5170 5545
1029 4957
1029 1607
1029 1631
1029 1828
1029 3768
1029 2372
1029 6315
1029 212
1029 2807
1029 4335
1029 325
1029 2915
1029 2029
1029 3685
1029 2222
1029 5365
1029 2803
1029 5020
1029 6429
1029 6128
1029 438
1029 6105
1029 1442
1029 3935
1029 5590
1029 4510
1029 3136
1029 2296
1029 5729
1029 1677
1029 5340
1029 6208
1029 5114
1029 375
1029 3469
1029 3566
1029 6249
1029 5051
1029 1862
1029 2485
1029 6793
1029 5404
1029 4003
4591 899
4591 1538
4591 6430
4591 4215
4591 1928
4591 5055
4591 605
4591 6777
4591 4890
4591 3305
4591 3862
4591 210
4591 6201
4591 2786
4591 1783
4591 2114
4591 3015
4591 5287
4591 3025
4591 5799
4591 820
4591 6161
4591 3875
4591 3486
4591 6047
4591 6894
4591 3562
6713 2106
6713 6919
6713 7081
6713 4518
6713 1623
6713 4295
6713 2624
6713 6553
6713 5603
6713 237
6713 1871
6713 6927
3703 5353
3703 4471
3703 5953
3703 3076
3703 4189
3703 3618
3703 1403
3703 4537
3703 4745
3703 2193
3703 3450
3703 250
3703 4108
3703 4680
3703 4292
3703 5808
3273 4599
3273 2812
3273 808
3273 2732
3273 2545
3273 2301
3273 1456
3273 3708
3273 5653
3273 3992
3273 61
3273 649
3273 4523
3273 6987
3273 6589
3273 5349
3273 2368
3273 3875
3273 2012
3273 6177
3273 2194
3273 1690
3273 3988
3273 1604
4677 4858
4677 4226
4677 2211
2086 5804
2086 5985
2086 2752
2086 2540
2086 224
2086 2716
2086 561
2086 480
2086 3850
2086 4659
2086 5709
2086 4559
2086 6323
2086 688
2086 3121
2086 4069
2086 5344
2086 4573
2086 4793
2086 6034
2086 4078
2086 4018
2086 2676
2086 4601
2086 3783
2086 6590
2086 2632
2086 5453
2086 1744
2086 16
2086 5575
2086 701
2086 410
2086 6901
2086 5196
2086 5754
2086 5315
2086 2508
2086 5316
2086 1248
2086 3896
2086 6295
2086 5741
2086 3105
2086 5797
2086 6540
2086 3874
2086 4465
2086 3394
2086 2353
2086 5558
2086 2270
2086 5128
2086 2482
2086 1085
2086 3396
2086 1003
2086 1496
2086 3908
2086 7143
2086 5200
2086 2973
2086 4639
2086 5346
3616 1939
3616 5968
3616 3526
3616 6919
3616 2051
3616 7081
3616 5270
3616 1674
3616 1354
3616 6984
3616 1478
3616 222
3616 1740
3616 6553
3616 2889
3616 5603
3616 438
3616 3011
3616 3935
3616 358
3616 37
3616 237
3616 1871
3616 5199
3616 6927
3616 4161
3616 3268
3616 1575
3616 3113
3616 3527
3616 5819
3616 4147
798 3150
798 123
798 4351
798 793
798 6320
798 5834
798 6186
798 308
798 4205
798 6992
798 4569
798 1632
798 6326
798 5374
798 5776
798 4494
798 4622
798 2575
2980 657
2980 1440
2980 1653
2980 6038
2980 3646
2980 4806
6079 3626
6079 5094
6079 4938
6079 4504
6079 4816
6079 4348
6079 4042
6079 6753
6079 2600
6079 6442
6079 1690
6079 3462
6079 6178
4636 4858
4636 6579
4636 5613
4636 2211
1026 6347
1026 1088
1026 5163
1026 5817
1026 5859
1026 7122
1026 6258
1026 1030
1026 1955
1026 5096
1026 3589
1026 3884
1026 3076
1026 4769
1026 3392
1026 3918
1026 10
1026 6031
1026 1969
1026 5840
1026 5130
1026 1403
1026 603
1026 1331
1026 1905
1026 5694
1026 4537
1026 6424
1026 7038
1026 2972
1026 6917
1026 6898
1026 2277
1026 5524
1026 3873
1026 3560
1026 634
1026 4680
1026 5659
1026 2204
1026 2405
1026 575
1026 4992
1026 447
1026 2239
1026 4454
1026 186
1026 292
1026 3078
1026 3132
1026 3812
1026 5617
1026 1733
1026 2737
1026 1490
1026 822
1026 7125
1026 4112
1026 4921
1026 459
1026 1252
1026 4099
1026 974
1026 4771
1026 775
1026 4937
1026 5808
1026 1524