7260 7390
7260 7257
7260 7204
7260 7310
7210 7381
7210 7196
7210 7277
7210 7383
7210 7333
7210 7341
7210 7465
7210 7302
7210 7197
7210 7240
7210 7188
7210 7278
7210 7282
7210 7327
7210 7220
7210 7290
7210 7295
7210 7298
7210 7252
7210 7308
7210 7390
7210 7347
7210 7260
7210 7200
7210 7435
7457 7424
7457 7304
7457 7333
7457 7184
7457 7302
7457 7287
7457 7403
7457 7389
7457 7325
7457 7305
7457 7340
7457 7433
7457 7272
7457 7407
7457 7323
7457 7201
7457 7225
7457 7379
7457 7257
7457 7210
7457 7396
7457 7435
7273 7443
7273 7424
7273 7255
7273 7251
7273 7332
7273 7197
7273 7274
7273 7240
7273 7380
7273 7246
7273 7222
7273 7337
7273 7433
7273 7226
7273 7397
7273 7392
7273 7375
7273 7417
7273 7283
7273 7185
7273 7357
7273 7295
7273 7299
7273 7353
7273 7445
7273 7388
7273 7439
7273 7451
7273 7200
7273 7367
7273 7440
7273 7346
7200 7424
7200 7293
7200 7364
7200 7205
7200 7341
7200 7184
7200 7447
7200 7432
7200 7325
7200 7326
7200 7188
7200 7213
7200 7428
7200 7340
7200 7436
7200 7365
7200 7226
7200 7375
7200 7211
7200 7413
7200 7283
7200 7411
7200 7315
7200 7299
7200 7267
7200 7423
7200 7322
7200 7250
7200 7404
7200 7385
7200 7329
7200 7439
7200 7379
7200 7300
7200 7461
7200 7311
7200 7202
7367 7196
7367 7309
7367 7450
7367 7362
7367 7380
7367 7278
7367 7330
7367 7195
7367 7394
7367 7284
7367 7320
7367 7185
7367 7459
7367 7267
7367 7250
7367 7253
7286 7437
7286 7216
7286 7197
7286 7280
7286 7192
7286 7226
7286 7397
7286 7261
7286 7236
7286 7291
7286 7344
7286 7458
7286 7374
7286 7422
7219 7426
7219 7293
7219 7285
7219 7432
7219 7345
7219 7456
7219 7218
7219 7222
7219 7416
7219 7342
7219 7261
7219 7283
7219 7295
7219 7385
7219 7370
7219 7262
7219 7369
7219 7429
7393 7293
7393 7187
7393 7277
7393 7184
7393 7234
7393 7389
7393 7362
7393 7307
7393 7233
7393 7365
7393 7327
7393 7220
7393 7392
7393 7290
7393 7247
7393 7195
7393 7206
7393 7284
7393 7283
7393 7276
7393 7265
7393 7409
7393 7298
7393 7363
7393 7323
7393 7201
7393 7434
7393 7379
7393 7458
7393 7257
7393 7273
7393 7367
7393 7286
7393 7401
7391 7293
7391 7383
7391 7395
7391 7453
7391 7450
7391 7380
7391 7325
7391 7218
7391 7416
7391 7231
7391 7441
7391 7338
7391 7283
7391 7185
7391 7402
7391 7363
7391 7232
7391 7339
7262 7325
7262 7375
7262 7335
7262 7210
7262 7440
7242 7227
7242 7288
7242 7270
7242 7246
7242 7188
7242 7337
7242 7372
7242 7392
7242 7441
7242 7320
7242 7402
7242 7427
7242 7421
7242 7385
7242 7308
7242 7442
7242 7444
7368 7419
7368 7363
7368 7275
7440 7443
7440 7304
7440 7398
7440 7309
7440 7410
7440 7465
7440 7314
7440 7230
7440 7452
7440 7389
7440 7359
7440 7214
7440 7340
7440 7436
7440 7327
7440 7392
7440 7290
7440 7455
7440 7417
7440 7217
7440 7404
7440 7289
7440 7457
7440 7286
7440 7346
7440 7444
7313 7293
7313 7304
7313 7285
7313 7395
7313 7341
7313 7216
7313 7270
7313 7362
7313 7278
7313 7417
7313 7217
7313 7427
7313 7265
7313 7308
7313 7390
7313 7442
7313 7300
7313 7347
7313 7239
7313 7232
7313 7429
7191 7293
7191 7190
7191 7184
7191 7432
7191 7281
7191 7274
7191 7320
7191 7335
7191 7291
7191 7250
7191 7385
7191 7367
7191 7393
7191 7440
7191 7369
7263 7456
7263 7274
7263 7325
7263 7218
7263 7226
7263 7247
7263 7295
7263 7286
7263 7396
7396 7381
7396 7255
7396 7373
7396 7408
7396 7301
7396 7403
7396 7463
7396 7389
7396 7419
7396 7325
7396 7377
7396 7214
7396 7340
7396 7375
7396 7407
7396 7417
7396 7284
7396 7459
7396 7267
7396 7409
7396 7363
7396 7189
7396 7252
7396 7225
7396 7393
7396 7346
7396 7369
7352 7293
7352 7186
7352 7333
7352 7230
7352 7437
7352 7216
7352 7463
7352 7208
7352 7416
7352 7433
7352 7392
7352 7290
7352 7261
7352 7229
7352 7283
7352 7411
7352 7357
7352 7384
7352 7291
7352 7308
7352 7253
7352 7300
7352 7248
7352 7286
7415 7190
7415 7412
7415 7333
7415 7453
7415 7302
7415 7216
7415 7274
7415 7380
7415 7280
7415 7340
7415 7337
7415 7397
7415 7266
7415 7394
7415 7354
7415 7427
7415 7291
7415 7250
7415 7275
7415 7390
7415 7245
7415 7370
7415 7257
7415 7368
7415 7232
7415 7429
7415 7312
7415 7317
7232 7381
7232 7395
7232 7465
7232 7184
7232 7403
7232 7274
7232 7416
7232 7233
7232 7375
7232 7342
7232 7247
7232 7261
7232 7417
7232 7322
7232 7445
7232 7289
7232 7440
7346 7277
7346 7285
7346 7395
7346 7186
7346 7465
7346 7302
7346 7301
7346 7270
7346 7197
7346 7456
7346 7330
7346 7361
7346 7446
7346 7323
7346 7347
7346 7429
7346 7448
7339 7424
7339 7249
7339 7341
7339 7410
7339 7465
7339 7269
7339 7314
7339 7230
7339 7240
7339 7188
7339 7342
7339 7334
7339 7206
7339 7360
7339 7394
7339 7459
7339 7299
7339 7431
7339 7349
7339 7289
7339 7347
7339 7458
7339 7260
7339 7286
7339 7396
7339 7422
7339 7311
7369 7437
7369 7216
7369 7345
7369 7274
7369 7280
7369 7342
7369 7247
7369 7261
7369 7354
7369 7267
7369 7300
7369 7367
7401 7293
7401 7412
7401 7309
7401 7395
7401 7465
7401 7227
7401 7305
7401 7218
7401 7306
7401 7188
7401 7416
7401 7233
7401 7406
7401 7272
7401 7330
7401 7266
7401 7284
7401 7320
7401 7283
7401 7459
7401 7354
7401 7458
7401 7248
7401 7200
7401 7367
7401 7286
7401 7393
7401 7369
7401 7204
7401 7429
7204 7424
7204 7190
7204 7309
7204 7341
7204 7184
7204 7197
7204 7403
7204 7387
7204 7274
7204 7419
7204 7280
7204 7436
7204 7233
7204 7397
7204 7330
7204 7342
7204 7320
7204 7335
7204 7354
7204 7315
7204 7322
7204 7225
7204 7329
7204 7349
7204 7289
7204 7458
7204 7257
7204 7210
7204 7422
7271 7244
7271 7187
7271 7277
7271 7186
7271 7223
7271 7387
7271 7324
7271 7375
7271 7231
7271 7394
7271 7446
7271 7320
7271 7427
7271 7265
7271 7363
7271 7344
7271 7353
7271 7445
7271 7253
7271 7300
7271 7347
7271 7257
7271 7368
7271 7401
7310 7309
7310 7465
7310 7332
7310 7447
7310 7234
7310 7294
7310 7305
7310 7246
7310 7340
7310 7327
7310 7324
7310 7226
7310 7215
7310 7407
7310 7357
7310 7351
7310 7295
7310 7276
7310 7275
7310 7189
7310 7225
7310 7329
7310 7431
7310 7464
7310 7458
7310 7210
7310 7286
7310 7435
7461 7453
7461 7243
7461 7184
7461 7302
7461 7345
7461 7361
7461 7421
7461 7200
7461 7368
7461 7369
7461 7429
7461 7435
7374 7187
7374 7223
7374 7288
7374 7280
7374 7375
7374 7291
7374 7367
7429 7293
7429 7184
7429 7197
7429 7274
7429 7325
7429 7218
7429 7188
7429 7365
7429 7272
7429 7407
7429 7206
7429 7323
7429 7445
7429 7300
7429 7311
7435 7395
7312 7293
7312 7196
7312 7285
7312 7412
7312 7288
7312 7450
7312 7216
7312 7274
7312 7240
7312 7278
7312 7343
7312 7290
7312 7247
7312 7394
7312 7236
7312 7299
7312 7427
7312 7344
7312 7201
7312 7348
7312 7353
7312 7368
7448 7277
7448 7318
7448 7223
7448 7249
7448 7303
7448 7198
7448 7332
7448 7437
7448 7240
7448 7362
7448 7380
7448 7325
7448 7359
7448 7386
7448 7377
7448 7292
7448 7268
7448 7436
7448 7358
7448 7449
7448 7407
7448 7342
7448 7217
7448 7315
7448 7384
7448 7295
7448 7259
7448 7296
7448 7252
7448 7414
7448 7370
7448 7210
7448 7391
7448 7313
7448 7263
7448 7461
7448 7429
7448 7422
7448 7199
7422 7187
7422 7318
7422 7184
7422 7288
7422 7408
7422 7419
7422 7362
7422 7307
7422 7340
7422 7208
7422 7433
7422 7454
7422 7330
7422 7392
7422 7375
7422 7319
7422 7455
7422 7236
7422 7284
7422 7354
7422 7384
7422 7322
7422 7201
7422 7434
7422 7248
7311 7255
7311 7196
7311 7190
7311 7309
7311 7251
7311 7447
7311 7397
7311 7290
7311 7195
7311 7217
7311 7351
7311 7225
7311 7442
7311 7347
7311 7457
7311 7232
7202 7184
7202 7460
7202 7197
7202 7226
7202 7375
7202 7322
7202 7300
7202 7367
7317 7187
7317 7309
7317 7186
7317 7333
7317 7376
7317 7341
7317 7184
7317 7240
7317 7362
7317 7258
7317 7208
7317 7327
7317 7324
7317 7358
7317 7392
7317 7290
7317 7455
7317 7299
7317 7265
7317 7250
7317 7308
7317 7434
7317 7458
7317 7248
7317 7219
7317 7396
7317 7310
7317 7435
7199 7443
7199 7424
7199 7293
7199 7412
7199 7453
7199 7376
7199 7301
7199 7197
7199 7274
7199 7362
7199 7218
7199 7337
7199 7397
7199 7195
7199 7185
7199 7295
7199 7427
7199 7265
7199 7348
7199 7252
7199 7239
7199 7257
7199 7200
7199 7367
7444 7395
7444 7246
7444 7233
7444 7406
7444 7441
7444 7299
7444 7308
7444 7219
7444 7401
