342 1934
4875 1438
3334 5093
3334 5943
2121 2468
136 179
136 1948
136 3247
136 3166
136 6499
2043 6088
2848 4588
612 1711
1111 3834
1111 174
1111 666
7036 1372
4450 4598
6133 5
6133 2233
5590 375
4510 535
251 2577
4355 3736
4355 2103
4355 5741
5244 5038
3894 4152
3894 1565
3894 2958
3894 1562
3894 912
3894 1253
3290 551
1544 2474
1544 7098
1544 5199
1544 1273
3281 3263
3340 58
3340 551
3340 2187
3340 3771
3340 1408
3340 1701
3340 1253
6536 5787
2220 6843
7156 166
4986 2053
1397 3793
1397 4411
1952 3976
1890 5959
1890 6843
5917 2448
6134 2888
4603 1296
2016 5319
2016 6485
2016 2779
3663 2899
3468 1339
3075 1536
3075 6086
3075 3339
5664 5970
5664 2669
5664 957
5158 325
5158 2216
4530 2903
4530 7123
4530 1994
4530 297
4530 6589
4530 3486
7095 4142
1657 6468
6548 6768
6548 3520
401 4793
401 6851
401 4411
6768 3185
6768 3120
6768 4242
6768 3290
6768 473
6768 5545
1655 3314
1655 4823
3 4714
37 3662
37 1029
37 280
4881 5522
4489 1078
4489 5253
4489 3690
6514 2577
820 2044
5375 5819
4170 6132
5741 2577
5741 6585
5741 2973
447 3873
4880 969
1495 6259
1495 4739
1495 5357
1495 6710
1495 6117
1495 1061
6250 4945
2971 974
4581 4115
3667 3025
3667 6177
2717 4154
3083 1928
5228 5742
4907 7115
4907 5108
4907 2978
4907 1339
4316 3066
6251 4196
6251 6995
4455 5848
4455 1025
4455 2293
4455 4287
424 3475
3929 3152
3186 4660
4574 1658
4574 6768
3961 5108
3961 4092
3961 4117
7079 535
237 4569
237 4176
237 1871
2623 1912
615 1000
3575 6435
297 5503
5836 7031
5836 5787
2627 619
2627 297
2627 6024
2627 6589
5303 2060
5303 1428
5303 4512
5303 518
3501 6201
3501 3497
119 2044
119 4695
6185 4837
6185 5396
6185 5834
6185 4423
6929 2669
6929 6201
3757 5787
3757 40
7086 3943
2387 1348
2387 2428
3888 5994
6030 3679
491 186
395 5994
3627 3476
3627 3959
6638 1088
6638 4999
1871 4569
1871 2171
3302 479
1025 1889
4044 4196
4044 204
4044 2568
988 4283
3785 7001
3785 1445
3785 6835
4954 4938
4954 1926
4954 4892
725 6159
725 5061
3920 2475
6179 4104
1669 1324
5999 6278
5999 570
6375 1214
6375 1088
6375 2816
4420 3990
4420 4389
4420 2219
4420 1182
4420 3668
4420 1635
4653 1562
4653 6768
6924 3968
6924 6754
3928 891
7050 43
7050 198
5548 4024
5548 2430
1249 1506
1399 5220
2044 323
2044 447
2044 5243
485 2085
485 3283
1304 3061
1990 6463
1177 4536
4650 3698
6978 1882
4872 2471
94 3247
94 3272
6510 4739
6457 5337
6457 4925
6439 4450
2556 1926
2556 950
2978 6564
6704 2278
6704 3849
2187 4848
2187 2279
2187 3075
2187 1182
2187 3681
2187 3068
2187 431
5133 4490
5133 68
5133 5151
5133 79
5133 1258
5729 6128
5199 669
5199 3040
518 5398
3856 1905
3856 5243
1811 1928
69 3291
3335 6995
3754 2789
3754 4317
3754 5268
3754 1701
6005 535
6005 3340
6005 4989
2293 5278
2293 4196
2293 3663
1436 4396
1436 5378
6337 199
5119 1012
6918 6883
5815 2993
2340 2889
2340 1622
6584 6995
5681 6911
1465 5169
3378 4276
3378 2767
3378 6768
3378 4317
3378 3875
3993 4888
1573 3679
3212 3517
3212 1598
2816 323
2816 4316
1320 6921
1320 143
1320 4072
1320 4433
1320 7156
3874 4548
3874 4468
1845 1876
5327 3708
6086 4848
6086 2068
6086 2212
6086 3245
6086 6051
6086 5405
2568 296
1095 3414
1095 5426
5959 5129
5959 3735
2003 1028
6024 3913
6024 887
6024 1655
6024 3627
6024 6589
6024 79
6024 1005
3895 6517
3895 5016
6945 454
6945 1650
5198 5253
2248 6176
2248 4282
2248 106
2248 2618
2248 4637
3926 323
3926 397
3005 7090
2969 5405
2969 4684
6715 2185
5937 1468
2506 4403
2506 284
2865 2720
4619 1489
1117 2998
6000 5278
6000 769
6000 5178
6000 3401
6000 2901
6000 1025
1907 6618
7153 1560
7153 5016
3771 5039
5943 4272
6506 5819
728 3185
138 4355
895 4954
895 5655
924 2789
924 5563
924 1942
924 1701
4768 4505
6589 7175
6589 649
6589 925
2289 5563
2289 2968
2298 1928
2298 3312
774 3357
6531 6897
4586 5809
4586 3068
4586 431
4534 4559
4534 1258
2360 184
1894 6135
7092 7113
875 4360
875 6765
875 4339
3849 6750
796 1928
796 6096
2343 5332
6752 2516
6752 4300
1031 3357
1347 236
1347 6660
1347 6831
6138 2064
2398 4410
2398 5664
2398 3890
3498 3274
6085 3100
6085 987
691 3725
691 5016
691 3089
1592 6838
3147 6427
3291 6655
4082 426
4082 4196
1065 6729
1036 4397
1036 44
1036 174
6851 3657
1812 5683
1812 837
6274 6564
6274 4907
2600 1931
2600 6178
4297 4739
4297 2175
4092 6243
4956 6553
3078 974
4511 4355
4172 4858
7171 7161
7171 347
1968 1976
1968 3568
5487 6917
5487 3560
5487 1240
1328 6676
1328 927
1328 6463
4655 6108
4655 3183
4655 2646
5164 1701
3775 6937
6529 925
4358 4311
4358 6911
6563 6185
1940 5041
1940 3007
1348 1445
5142 534
5142 5755
5142 4951
6240 985
2570 4389
6117 2471
6117 5122
1206 3991
1206 1538
1206 871
1206 5587
4612 4104
1000 1641
7176 580
590 6526
434 4739
5650 1126
64 5006
64 2471
1273 6499
6829 6096
6829 957
7022 5903
3939 2830
2553 1070
2553 7153
2553 3875
2175 6909
3399 1272
3399 3561
3399 1978
5313 4360
1677 2936
1677 2351
1677 3486
4342 5712
6301 3135
4945 2449
4945 967
2353 4196
2353 6995
5508 4358
5679 2131
741 1468
3368 2018
3368 2685
1369 4837
1369 2080
4094 2468
4094 1182
145 2472
145 5228
5444 5504
5444 6320
5444 5041
5444 2575
55 666
7011 958
1182 6768
6936 2310
6936 2447
3547 3506
3193 2991
3193 1468
3806 1348
6352 5853
3681 7182
3681 2359
1439 3659
2475 3600
5311 6937
950 18
950 3357
4359 3098
3931 1635
2272 3848
2738 5038
2864 872
2864 454
2864 3573
2864 1816
2347 6015
3875 6464
3875 6586
3875 808
3875 7023
4579 3435
3221 538
7099 2888
5240 5603
5299 5405
6499 2180
6539 524
6539 3212
1973 1020
5617 3856
5558 2540
5558 2019
5558 2709
709 6727
6304 5498
4578 342
3352 619
97 5462
97 4924
5892 6506
6358 4972
963 3193
5003 341
1076 2884
921 556
921 5650
5835 1604
1733 4471
4203 106
6088 1354
6088 68
6088 2845
2934 3061
5358 1902
5358 4566
5358 3883
4117 5994
4117 1926
4117 395
4117 4094
4117 5078
6223 924
6223 3218
3100 6293
3100 1562
6229 4878
7007 575
6035 5988
3814 6843
4265 3100
1490 6885
1490 4769
1490 3965
1490 5694
1490 3078
3520 3916
3520 2826
2736 2428
2270 6595
2270 3335
5905 4836
5905 6590
2432 2529
2432 3549
1171 4569
5388 4471
871 5547
5128 5089
5128 3283
5128 2508
5128 6251
3855 3381
3855 6784
953 69
1537 5135
1406 3784
1406 6008
3628 5310
423 4082
3432 1513
770 4821
5151 3285
5151 5309
5151 5695
3343 6933
3343 6464
3343 3390
3343 722
3343 5260
3343 5398
4161 4403
4283 68
2228 7110
2228 480
2228 2343
2228 4953
1339 3468
6360 3163
6360 3806
1449 5903
2146 2556
6479 1463
4608 4660
4608 5683
4608 7036
2194 5398
607 58
607 6135
3086 4425
5286 7062
5371 1345
2648 4894
1675 18
1675 846
1675 3116
1675 1120
2359 3129
4658 4196
4658 6251
4753 7170
4753 3318
4753 1130
4753 6501
398 5447
398 5164
1046 1408
1046 1701
2334 5858
132 1522
4852 4486
4852 2978
6058 534
3858 4051
3858 1438
3696 3528
3696 171
3696 3690
3696 1339
4293 3163
4293 570
5016 3600
5016 3025
5016 5398
5016 3667
5016 3875
6350 6591
6463 5860
6463 6742
6463 4136
5395 764
3510 6096
3510 6947
67 3275
1074 6909
1608 3525
2952 1588
2952 1816
5243 6777
5243 1174
5243 2044
5243 3856
276 3935
4730 3144
5816 2106
5816 1740
5816 358
4951 5665
4102 4747
4102 1025
4102 6531
3797 5621
3987 2044
4953 480
4953 4432
750 5877
750 2614
3012 5379
6971 1674
3099 4843
3099 6978
1995 2568
1995 2970
5588 529
5588 6313
5588 2737
5573 6088
5647 5065
4213 6876
2176 4505
3593 5100
3593 5426
7077 4196
2131 6251
5667 4747
5667 230
837 1053
837 5877
837 7176
5757 5470
5757 5996
3734 1165
3734 5349
4116 4938
4116 2419
6211 843
6211 5456
6211 3568
1408 3689
1408 4584
1408 3663
1408 4729
128 3007
1876 529
1876 2044
1876 2568
1876 1000
1876 1182
2065 1926
5626 3272
1329 1465
1124 7015
1124 6301
1124 5236
5417 3429
5417 1547
5417 4489
2428 1773
2428 4533
2428 3246
2428 3793
2428 1124
2428 1259
2428 3309
6501 4932
6709 1765
2010 2855
3294 58
6822 3685
1635 2404
1635 924
1635 6948
6468 782
6468 3175
3959 6662
3959 1423
3959 3627
4315 1783
4315 3183
682 275
5874 3401
5874 6947
5874 2556
5874 1339
6478 6320
2784 3604
2784 2310
6249 430
3416 2830
5519 3294
5519 3001
2255 3378
3486 3862
3486 6799
2330 5886
6040 581
6040 2738
6040 666
1663 4549
1663 2626
1663 555
6036 4536
6036 1240
3899 4285
6869 383
6647 1856
4817 5505
4817 6128
4817 4569
4817 3935
4219 5242
4219 1565
4219 1494
4219 6130
1059 3690
570 4534
3553 3373
3553 4595
3553 4823
7158 5898
4114 2802
6784 5573
174 3265
1292 4140
62 7123
62 6185
3007 3881
3007 4837
3007 1940
3007 3099
3007 1153
4863 6590
4863 5902
4863 6062
6643 2767
3174 2034
2447 116
6487 2805
6487 436
4494 1376
4494 2351
4494 6184
4494 5877
167 5218
167 4858
167 5806
1003 5453
3040 3144
4022 2132
6742 1825
6742 6676
6742 1344
1463 3066
6269 1650
6680 6554
1646 3832
974 2549
3027 3274
5790 4660
2196 6809
2196 1562
1224 634
2516 5280
2516 6142
2516 5127
2516 6752
2516 3735
1647 5405
4672 5680
4672 6809
666 658
4892 6897
4892 4420
2591 2022
2591 3553
2696 1958
4407 538
4407 1562
4407 1046
967 5633
967 5119
472 2967
79 3627
79 2826
7093 3040
7093 4823
1061 6427
6260 3111
6260 2472
391 534
391 4010
2514 5368
1914 7153
4055 1463
6894 2615
6894 4149
6894 6178
6472 4912
5005 6464
1816 6135
1816 5790
4684 3116
4684 3281
4684 5405
4684 3339
3908 534
6246 2067
558 4959
5549 1751
5549 4759
6818 4240
923 6087
5009 2118
5009 4859
2358 2849
2358 2401
2649 3275
1497 1014
5219 1024
5219 5666
6692 551
5477 1951
5477 4951
806 6187
1575 355
759 4863
203 5053
203 5268
203 5564
4037 2489
5903 1354
5903 487
5903 2843
6390 4763
983 6838
983 2530
2485 6463
7082 575
3562 3690
