4163 2991
1536 5994
1536 4875
1536 3075
1536 1182
1536 5405
1361 5439
1361 5102
1361 1426
1361 3263
4410 4308
4410 1832
4410 5330
4410 4196
4410 5893
4410 957
4410 6051
4410 1644
1723 3687
1723 1238
1723 5999
1723 967
6142 846
6142 1655
6142 4300
3179 3464
5058 1455
5058 5178
5058 1508
5058 2119
2499 6779
5007 58
5007 430
5007 5201
5007 5017
5007 2614
5007 3340
5007 3075
5007 837
5007 3915
6958 5044
6958 1024
6958 5093
6958 7052
6958 5615
6958 3105
6958 1348
870 2236
4660 4930
4660 6426
4660 1489
4660 5683
4660 6510
4660 2340
4660 1065
4660 2078
4660 4608
4660 5903
3422 5368
4330 3219
4330 1293
3554 422
2339 6338
2339 2672
2339 3928
7107 58
7107 3579
7107 4518
7107 2029
7107 4295
7107 1441
7107 438
7107 1562
7107 4176
6286 5605
6286 5647
4890 3913
4890 3004
4890 1641
4890 5725
4890 6996
4890 230
4890 4707
4890 1888
1960 2839
3126 91
3200 2567
3651 3195
3651 1889
3651 4747
3651 4889
3651 4583
3651 7105
3651 417
3651 1968
1037 4837
1037 1423
1037 7123
1037 3025
1037 3069
541 6443
2035 3161
2035 5954
2035 4717
5952 7107
5952 237
6781 5955
6781 5996
6781 2553
6562 4119
6562 4692
1901 6564
1901 5059
1901 4907
1901 2978
1901 6722
1901 984
6433 3659
6433 5152
6433 1439
5425 925
763 4196
763 3960
763 3098
763 4407
2483 4860
1198 120
2768 5712
2768 3274
1376 4180
1376 6259
1376 3730
1376 4872
1376 6510
1376 5211
1376 4494
4972 6517
4972 518
4356 3554
2888 4190
2888 3728
2888 6511
2888 142
2888 2595
2888 2245
2888 2599
2888 1616
2888 5487
848 3247
2186 5330
2186 3066
2186 171
2186 985
2186 4420
2186 6753
2186 6240
2186 6229
2186 1339
2186 3696
2186 3068
2186 6696
6565 5712
6565 2654
6565 4247
6565 2728
3579 1825
3579 6128
3579 2139
3579 375
3579 5109
3208 5334
3440 3004
3440 7023
2581 6768
4432 58
4432 2472
4432 6542
4432 4932
4747 843
4747 5466
4747 184
4747 2899
4747 4890
4747 5893
4747 5498
4747 4839
4747 5724
4747 5334
4747 6051
4747 3568
4739 2936
4739 4181
4739 3486
5731 3274
6010 5503
1100 4862
1100 5579
1100 1320
1100 166
2351 4370
2351 2635
2351 355
2351 2744
2351 6423
2351 1493
2351 5877
2351 916
2351 1495
2351 1622
2351 1677
2351 5989
2351 6088
2351 1675
2351 2608
3052 4836
3052 2991
3052 5069
3052 6590
3052 6909
3052 6260
6268 6008
2028 610
2028 248
2028 3385
2028 5295
2028 7177
2028 4041
2028 4161
2028 1344
2028 6767
2028 284
4518 430
4518 1825
4518 4569
4518 2171
4518 1871
4518 3294
2169 1901
2169 5059
2169 4055
3285 2635
3285 1354
3285 5877
3285 1449
3285 4703
1732 5122
5555 6885
5555 2680
5555 4071
5555 3514
192 6711
192 5745
192 3368
192 5226
192 6995
4910 5115
4910 6517
4910 4596
3595 5886
3595 1609
2067 1459
2067 1828
2067 2915
2067 5158
2791 4730
2791 1438
2150 1387
2150 6201
5953 3918
5953 3618
2557 3439
2557 6288
2557 198
2557 1562
2557 1008
2557 3611
2557 1907
2557 5943
2557 799
2557 3777
2557 3433
2557 6087
6824 1042
4294 1121
4685 3704
2847 1563
2847 740
2847 722
2847 1617
2847 4924
2847 5681
2847 2967
2847 3536
2847 3734
2847 1028
1803 1126
6846 2015
6846 5216
6846 1831
3846 6838
1360 6195
1360 4717
1360 837
5278 2468
3076 3618
6908 6518
6908 2767
6908 1192
1681 3913
1681 855
1681 7023
1852 1633
1852 6439
1852 2959
4673 6518
4673 6244
4567 523
3904 187
3904 2685
3904 3874
3904 1329
2824 3298
2824 4471
2824 3873
2824 119
6946 4196
6946 5226
4336 5507
5711 3589
5711 6888
5711 4595
5711 2462
5711 2135
4006 6320
4006 4143
4006 1324
4006 4936
4006 2575
6689 3913
6689 7023
6885 7069
6885 4471
6885 1138
6885 76
6885 4769
6885 5787
6885 931
6885 3159
6885 2277
6885 3067
6885 7125
3447 58
5914 6282
5914 2246
5914 4859
5914 4081
5914 3482
5914 2737
5914 2379
781 1685
781 629
781 6244
781 3033
781 1192
781 2516
781 3735
1809 4938
1809 5787
3607 723
3607 3275
5578 6835
2053 2339
2053 6348
2053 6032
6396 3150
6396 358
2525 6650
2525 353
5671 5233
6220 6511
6220 3537
6220 2553
6220 2475
715 3913
4351 6992
992 1088
992 854
992 4928
992 820
992 2044
5424 1397
5424 145
2416 5535
4025 276
3979 996
3979 5197
66 6551
66 2080
5987 5100
5987 1765
738 1889
738 6564
738 1797
738 7175
738 3429
738 3401
738 5724
738 3705
738 2902
4977 6004
6682 5712
6682 6115
3402 5572
254 4160
254 1042
254 3007
4769 6347
4769 5494
231 2638
231 5218
231 4598
231 609
231 167
46 4395
46 4199
5069 4843
5069 4276
5069 538
5069 4895
5069 3548
5069 4219
201 568
201 5522
201 4219
2832 4461
2832 3421
2832 4531
2832 4300
54 5633
54 5994
54 2279
54 5743
54 2139
54 2187
3305 3991
3305 1983
3305 7128
3305 3391
6403 5334
6403 2902
1623 2051
1623 1813
1623 1825
1623 2171
1623 1990
6432 2393
1455 3990
1455 18
1455 5466
1455 2116
1455 4747
1455 1731
1455 6897
1455 2103
1455 6996
1455 3528
1455 1926
1455 6794
1455 78
1455 6947
1455 859
1455 5378
1455 4455
1455 4420
1455 2556
1455 2293
1455 6161
1455 4092
1455 5169
4617 758
4617 629
4617 6843
4617 3814
4617 2255
4706 10
4706 3159
4706 854
4706 3873
4706 447
4706 2044
5218 6847
5218 350
5218 175
5218 4373
5218 2387
5218 1348
4313 1711
5065 6351
5065 5069
5065 1930
5065 6590
5065 506
5065 3041
5065 3720
5065 5797
5065 2428
5065 3309
2060 2994
1316 5094
1316 2507
1316 2430
1316 24
1316 1690
4165 3652
4165 3068
6616 3090
6616 2212
6616 5902
6616 1074
6616 4863
918 3321
918 4093
5410 205
5410 3553
5410 2135
758 7164
3204 2510
3204 6271
3204 5757
3204 2309
3204 6356
4889 184
4889 5055
4889 3098
4889 2298
4889 3890
3141 5692
3141 318
5389 5328
1581 3152
991 4569
821 6320
821 1106
821 1940
821 2575
2004 2022
2004 4107
2004 3620
2004 3553
4398 6838
4398 1070
4398 1645
4398 3343
3730 7110
2524 2293
2524 398
2524 4959
2350 3403
4858 2605
4858 5605
4858 3957
4858 1692
4858 2160
4858 3098
4858 35
4858 1408
4858 4407
3584 6958
3584 1856
5491 143
5491 5368
5491 6288
5491 3221
2522 4863
4486 1455
4486 4396
4486 1436
3972 7142
2615 6772
2615 916
2615 1339
4442 3356
4628 2700
1146 3040
3862 4938
3862 2545
3862 3875
14 1070
14 619
14 2457
14 3352
6809 1495
4457 691
6464 109
6235 6589
6002 6863
6002 2898
5939 3339
7072 5093
7072 5530
7072 5943
7072 5103
5328 1655
2642 4837
2642 4131
2642 1042
2642 1781
2642 629
2642 6789
2642 3007
2642 6890
1994 5535
1994 6494
1994 5573
6828 4948
6828 4410
6828 1111
5006 2027
2230 1088
3744 5386
3744 5835
4196 58
4196 2513
4196 5049
4196 1132
4196 1401
4196 2293
4196 5905
4196 4951
4196 4863
4196 4279
2262 3215
2262 5394
2262 5747
2262 2801
210 899
210 6777
210 7165
210 378
210 4928
210 820
210 2044
210 4651
49 5924
49 6071
49 3429
49 3192
49 3167
49 1528
49 5018
49 6243
49 985
49 3984
49 5169
49 5005
49 6995
1587 1729
1587 3175
793 1376
793 1677
4150 782
4150 1825
4150 6463
5787 2198
5787 80
5787 1931
5787 6536
5787 4954
5787 895
5787 6529
5787 4264
5787 3510
5787 5655
5787 677
6779 1132
6779 4966
2663 6908
2663 1663
2261 1103
885 1832
885 4196
885 5809
885 621
885 5905
885 3068
5714 5061
4028 3330
4028 3506
4028 2627
2675 323
2675 4687
2675 135
2675 3928
5186 1272
5186 1687
5186 4411
2412 899
2412 4315
5889 4394
5889 4016
5889 1684
5889 9
5889 1380
2472 1930
2472 2709
2472 1675
2472 4589
4321 5085
4321 5102
4321 1426
5551 4122
6377 5055
6377 1641
6377 6882
6377 5071
6377 1111
6377 2003
6377 97
6364 655
6364 4823
6636 1288
6636 6725
6636 3883
6636 2187
6636 79
3729 4073
3729 3833
3729 1566
3729 3080
3729 5292
3729 5043
3729 3563
6293 6530
6293 2576
6293 4861
6293 6543
6293 6541
6293 6393
6293 4265
2659 1324
5570 3648
1922 3155
350 1272
350 2605
350 4373
350 5228
350 1348
350 2413
956 388
956 5436
956 5408
3390 1891
3390 6990
2015 4719
2015 7175
2015 5503
2015 2430
2015 1646
5761 3447
4396 3990
4396 5140
4396 1889
4396 18
4396 5319
4396 1641
4396 6677
4396 6897
4396 6794
4396 4389
4396 5334
4396 4420
4396 4287
4396 4068
4396 3696
4396 1635
4387 5973
3511 4858
1935 4308
4311 4300
6877 556
6877 1890
6877 2801
5811 831
3833 1566
5270 5110
5270 4518
5270 6425
5270 5158
5270 1871
6838 3913
6838 5262
6838 5534
6838 1189
6838 1891
6838 7047
6838 5260
6838 5490
6838 118
6838 3494
6838 5681
6838 691
6838 2378
6838 5843
6838 1914
5379 5017
5379 1677
5379 5819
2870 3329
2870 417
2870 24
111 6091
111 2022
111 3553
1705 5680
1673 5462
1673 3218
4508 6945
4508 2864
4508 2228
6923 6306
10 3873
10 119
10 3856
1157 672
1157 5077
1157 4953
1160 1346
1160 6176
1160 4282
1160 2618
1160 2248
1160 871
1731 1641
1731 4890
1731 3888
1731 2041
1731 6161
1731 4094
1731 5667
3679 3845
3679 4024
3679 3357
3679 1150
3679 1640
1686 6091
5433 90
2958 282
2958 5069
2958 3936
2958 4633
2958 2558
2958 1012
2958 2428
2958 1258
2958 229
4712 3284
4142 529
2661 3040
5332 6590
5332 6296
5332 1253
469 1088
469 210
469 1905
469 4796
2841 6885
4657 3069
4657 5102
4657 789
4657 5695
4657 3263
397 1166
397 5531
397 1905
397 6163
397 615
397 4695
397 5734
3329 5042
3329 4972
3329 2870
3329 6358
3329 3343
3329 3089
3329 1280
7034 538
7034 4421
7034 5613
7034 2736
7034 1408
7034 4407
764 2615
764 4143
764 740
764 1493
764 3273
764 774
764 5989
764 5151
6579 6847
6579 763
6579 4196
6579 3098
6579 3221
6579 2413
5709 207
6346 6662
6346 3911
6346 6275
6346 3627
6346 5133
1024 3887
1024 5219
3346 2489
5814 5720
6991 6726
5281 6575
5423 5411
5423 4541
5423 1909
5423 1976
5423 5426
5423 5035
5423 3761
5423 6211
5423 925
6031 6424
6031 3812
6014 3730
6533 3913
6533 3734
1494 538
1494 608
1494 453
1494 5095
325 2157
325 5521
5893 6245
5893 2513
5893 5673
5893 1528
5893 2393
5893 1074
5893 6909
737 5786
1870 3894
1870 2413
1870 4932
2507 1690
3349 3251
4481 4499
4499 4134
4499 3044
4499 54
4499 4717
4499 1449
2022 46
2022 5410
2022 111
2022 3596
2022 6602
2022 4854
2022 1934
2022 3876
2022 1721
2022 2591
2022 5002
2167 1662
6485 4719
6485 1832
6485 3752
6485 1635
299 2851
299 3096
299 6752
299 2553
299 2475
299 5843
299 1604
2031 3974
3435 5339
3435 4796
3435 6951
5396 2225
5396 1931
5396 887
5534 6838
5534 1891
5534 1428
5534 5080
3115 3221
3115 4407
5153 575
4709 5069
4709 2472
4709 5415
4709 6135
4709 3720
4709 1562
4709 789
4709 7015
4709 3520
4709 6909
4709 1246
2083 7066
2083 3576
2083 1396
2083 5650
1969 3873
382 4261
382 1911
382 316
4991 6275
4991 555
4991 6086
2592 6351
2592 4845
2592 5686
2592 3340
2592 2393
2592 4863
2592 1438
4831 723
4831 5142
782 5110
782 7081
782 6676
782 927
782 6927
782 5206
782 790
1518 260
1518 4622
494 6577
494 3547
494 5016
680 738
680 5899
680 5216
680 1727
680 2902
680 2570
3459 5368
3459 6393
4533 6627
4533 6616
4533 3155
4533 3957
4533 5741
4533 1408
3377 4875
3377 1253
996 3342
996 3429
996 985
5720 3507
5720 6220
5720 6838
5720 5865
5720 6129
5720 2683
5720 5442
5720 5310
5720 5260
5720 118
5720 5212
5720 7153
5720 691
5720 5487
5720 5016
5720 5080
5720 5468
458 5857
458 6288
1364 854
1364 4316
1364 6051
2576 1559
2576 2942
2576 5408
3848 2004
3848 1636
3848 5002
3848 495
5352 5547
1 6216
1 4143
1 4545
891 4196
891 7117
891 7095
3330 3913
3330 5262
3330 5337
3330 6781
3330 4398
3330 6464
3330 2261
3330 4028
3330 6838
3330 808
3330 1103
3330 887
3330 2301
3330 3708
3330 5442
3330 2739
3330 4523
3330 6133
3330 4963
1981 5100
5471 6909
3822 479
1195 449
5557 5328
5557 4823
4668 5845
1941 3190
7142 6282
7142 6338
7142 397
7142 891
7142 2161
7142 3928
1260 6918
3723 323
6201 5547
6201 2899
6201 4889
6201 4396
6201 5893
6201 4182
6201 5724
6201 6727
6201 621
6201 4824
6201 7095
6201 3501
6201 138
6201 871
6201 3068
857 745
857 2126
4867 1346
4867 1160
4867 5150
4867 1330
2779 5319
2779 4747
2779 3357
2779 6071
2779 1132
2779 6275
2779 4907
2779 2556
2779 2293
2779 2219
2779 4068
2779 5874
2779 2869
2779 6903
2779 6696
2779 7062
3289 2325
3289 2248
5492 4598
5492 4079
2977 3243
2977 1376
2977 120
2977 4283
2977 1449
6167 3702
1797 1889
1797 3538
1797 1909
1797 6589
1797 3593
1797 3486
1725 6590
1725 6882
1725 4117
3055 6467
3055 6809
3055 3573
3055 1785
3055 2413
6513 2543
6513 4348
6513 6568
6605 1320
1750 3755
6317 241
6317 1538
6317 4182
6317 4548
6317 4355
6317 3501
896 4363
1072 6686
2777 5436
2589 179
2589 5504
2589 3063
2589 5122
2589 3166
3776 6744
3776 326
3776 187
5225 1357
4171 4460
4171 1113
4171 3012
4171 148
5498 1976
5498 575
5498 1646
5498 3484
7087 4360
7087 6765
7087 6860
2474 5045
2474 1425
2474 2626
6852 5680
6852 6768
6852 6618
2812 1786
2812 4666
2812 5784
2812 6890
6215 1024
1070 5262
1070 4028
1070 5570
1070 7047
1070 5260
1070 518
1070 5681
1070 2012
1070 1914
3162 5988
6602 1039
6602 353
4647 5720
4647 3784
4647 2553
2998 4299
2998 6135
2998 3548
6686 7093
6686 1749
4016 6744
4016 3904
4016 3286
4016 453
4016 113
4016 5797
4016 5522
4016 3368
4016 5117
6581 6209
6581 4410
6581 4889
6581 2018
6581 109
6323 1687
6323 3399
1042 758
4189 4769
4189 2841
4189 854
4189 3873
4189 119
624 4308
624 6377
624 1725
624 3192
624 4725
6665 1563
6665 6361
688 2492
688 485
688 6040
2954 355
2954 805
3529 3862
3529 2732
3529 6170
3529 6244
3529 2255
2253 4389
2253 6531
3635 1296
5190 3846
5190 6838
5448 5886
5448 3920
6320 981
5174 6135
5174 4863
5174 6909
2549 4983
2549 3965
4126 3175
4126 3939
1813 3385
1813 2139
6392 1320
4188 2488
4188 4143
4188 3011
4188 1495
3719 5936
3719 4134
3719 1536
3719 430
3719 4875
3719 2139
3719 3915
5415 7110
5415 4498
5415 4709
5415 4474
5415 1085
5415 4932
552 2567
3317 1214
3317 899
3317 3856
4406 4308
4939 3589
4939 556
4939 878
4939 7040
1189 6838
1189 5720
1189 2851
1189 2475
2767 5280
2767 2615
2767 5801
2767 1857
2561 2911
2561 2471
3784 5955
3784 1624
3784 5470
3784 340
3784 2528
946 6636
946 1750
946 1493
4760 5835
454 4490
454 3894
454 3520
454 6909
454 1430
4244 3152
5593 6087
3120 6909
59 5394
59 2310
5865 3790
5865 1735
5865 5548
5865 3378
5865 2935
5865 5932
5865 5770
405 538
405 574
1574 903
4633 2603
4633 6616
4633 7182
4633 4534
4633 6995
4024 18
4024 5042
4024 4938
4024 1316
4024 6911
4024 2786
4024 5182
4024 784
4024 230
4024 24
4024 1690
4024 1701
4024 5296
2182 535
2182 4660
2182 5039
2182 6646
2182 1065
2182 1449
1674 3323
1674 6275
1674 5220
1354 6427
1354 3243
1354 355
1354 5877
1354 916
1354 2560
1354 6882
1354 5683
1354 5858
1354 4872
1354 1677
2814 3935
2814 358
2814 2139
1500 5712
1500 925
6796 6464
6796 3129
6796 6132
6796 6275
3286 4308
1078 6430
1078 1797
1078 5253
1078 6600
7098 4549
7098 2180
7098 2474
7098 3577
7098 2626
7098 1544
2806 2175
5253 1174
5253 1805
5253 1547
5253 6274
5253 356
4143 179
4143 4634
4143 3006
4143 6054
4143 4549
4143 2663
4143 6772
4143 1913
4143 5601
4143 556
4143 4908
4143 4872
4143 5127
4143 3819
4143 42
5991 4607
5991 1536
5991 6768
5991 6005
5991 3339
5293 6518
5293 6142
5293 2818
5293 6244
355 2936
355 7123
355 1132
355 6799
355 5795
1891 6679
1891 3600
1891 3440
1891 3025
1891 2885
2868 6443
430 1587
430 5860
430 3175
430 1328
1272 3000
1272 1080
1272 1870
1272 3840
1272 4078
1272 877
1272 5228
1272 3654
1272 4670
1272 3368
1272 1085
5627 6201
5627 2568
3618 1403
7010 2690
7010 3063
2529 47
2529 3549
2529 347
2529 1568
2529 690
2529 69
2529 2432
2529 4293
2529 3900
2529 570
3121 5063
2221 4442
2221 4971
2221 3267
2221 5390
2221 874
2247 903
2247 5017
2247 3075
4848 2018
3517 6642
3517 2054
3517 3212
5840 2277
5840 3560
6436 4901
3381 6662
3381 68
3381 5199
3381 6088
970 5453
965 3183
965 4651
422 3936
422 831
1598 573
1598 3212
1598 5959
4225 4024
4225 5899
4225 5447
2468 326
2468 5809
2468 4725
2468 3663
2468 5405
2664 1838
1535 5837
1535 4908
1535 5199
1535 6088
1535 915
3155 5633
3155 2958
3155 347
3155 5686
5120 2301
2181 4581
6629 7072
2147 1394
2068 6054
2068 4848
2068 2479
2068 5220
2068 2187
2068 6086
6096 3736
6096 3378
1403 1026
1403 670
4364 2413
7068 179
7068 6933
7068 4131
7068 5019
7068 6789
7068 5784
6322 1062
6322 4854
2008 4527
2008 3832
2008 6455
311 2468
3002 6260
2855 3736
2855 764
2855 3357
2855 5503
2855 1330
2855 2293
5786 3205
1425 5148
1425 2474
1425 2744
1425 2585
1425 6973
1425 3819
6671 1053
6671 3044
6671 7036
6671 1651
6671 3857
6671 5267
3522 1937
3522 6178
3357 3702
3357 4349
5834 6714
5834 6276
5834 17
5834 6606
5834 3849
1035 5925
1035 1372
1035 1426
1035 3638
5803 1275
5803 6660
5803 3576
5638 6423
5638 6088
408 6665
408 6361
408 548
408 5139
5420 7123
5420 5799
5420 6093
5420 4872
3342 5715
3342 2034
3342 3015
3342 5493
3342 3696
3342 2119
3252 392
3252 1394
445 3715
2703 3379
2703 5257
2703 1765
4128 3884
4128 6853
4128 922
4128 3603
2744 1493
2744 6358
5582 1751
6438 4242
602 6149
602 3290
4309 2486
4930 4604
4930 4660
4930 6423
4930 484
4930 4619
4930 4423
4930 1449
3063 4837
3063 5396
3063 3166
3063 6185
3063 94
3063 858
3063 2890
1488 3212
7175 6911
7175 61
7175 5334
7175 4707
7175 3486
5344 4196
5344 6251
5344 6995
3659 2828
3659 6965
3659 5685
3659 6350
2605 3052
2605 3002
2605 6549
2605 3246
2605 5093
2605 3291
2605 1408
5762 3138
5762 2622
4375 4131
4375 6890
769 3695
769 5493
769 4489
769 962
2748 1240
5806 4152
5806 2152
5806 5065
5806 3730
5806 2472
5806 1468
5806 2745
5806 3193
6 5535
6 3536
4936 1437
4936 1118
4936 136
4936 5508
4936 1014
578 1635
5798 4428
5798 4646
5798 6639
5798 6715
5798 3143
5798 2255
5798 1953
6489 1088
6489 1019
6489 2186
6489 2463
6489 1810
6489 4316
6489 615
6489 2667
2029 222
478 5943
478 799
478 339
5750 3330
3840 6278
3840 538
3840 2413
1165 3600
1165 6665
1165 887
1165 6361
1165 548
1165 4314
1165 2967
1165 3734
531 5547
531 682
5449 6976
5449 669
5449 916
5449 555
1950 61
6655 3655
6655 3730
6655 608
6655 3090
6655 6913
6655 6594
6655 6130
6655 6514
6655 4976
2776 6642
2776 5959
6721 3378
6549 6590
6549 2429
6549 6094
6549 2393
6549 1074
6549 6909
6549 6748
4694 2503
2254 1255
2254 1846
2254 32
6466 3296
6466 3217
6197 487
6197 6086
6775 5633
6775 6351
6775 4848
6775 2121
6775 2187
1010 916
1010 5520
1010 3166
6189 1622
296 4948
296 2669
296 6201
296 2568
5475 4397
5475 3689
5475 1684
5475 5741
6554 5094
6554 184
6554 3725
934 275
934 6540
934 1837
934 2205
4598 6122
4598 5144
4598 4556
4598 1038
4598 2745
4598 3671
4598 145
4598 6366
4372 3055
4372 6138
4372 4953
4615 5470
4615 3854
4615 6008
4615 6589
4615 1776
1331 6003
1331 2888
1331 1680
1839 5069
1839 538
1839 2444
1839 6514
5039 2661
5039 7098
5039 1425
5039 2691
5039 2560
5039 4841
5039 3040
3066 6564
3066 1455
3066 6188
3232 4152
7005 568
7005 4119
7005 6995
1830 1376
6911 6142
6911 1042
6911 774
6911 2255
6911 2872
3246 145
3246 2205
780 5905
780 4863
780 4505
4766 1285
4766 7033
4766 6750
4696 6666
6257 5629
6257 4229
1905 5762
1905 2118
1905 5588
5634 5524
5634 4771
5634 1962
191 523
191 4913
191 6375
4705 5441
5571 3757
2992 5319
2992 1455
2992 1926
2992 5302
2992 6947
2992 6531
2992 796
2992 3510
5925 1372
5925 731
5925 5405
6985 4660
6985 5039
6985 4242
6985 1322
6985 484
6985 2019
6985 3548
6985 5790
6985 2843
1650 5039
1650 2709
1650 6945
1650 2864
1650 1085
1650 2428
5503 846
5503 1168
5503 2767
5503 1855
5503 740
5503 5258
5503 722
5503 4826
5503 6093
5503 3875
5503 1339
5503 3486
5503 858
5503 7058
1511 6149
1511 3011
1511 3849
6426 1065
3129 3004
3129 6187
3129 6787
3129 5573
3142 296
2786 2847
2786 3529
2786 5799
4101 4471
6870 1635
6772 2560
6772 1562
6772 3674
6772 4589
4388 3204
4388 4190
4388 1223
1275 2767
1275 462
1275 1118
1275 1192
5586 6590
5586 6288
5586 4861
5470 5486
5470 71
5470 4615
5470 1776
5383 3057
6452 1655
2757 6098
5848 3695
5848 4878
3140 4110
3140 1455
3140 5724
3140 5773
3140 6188
3140 2978
3140 6722
5746 3132
1049 1466
1783 1174
1783 378
1783 3690
1783 820
1783 4907
1783 615
1783 6110
1783 2667
1783 1292
1783 1224
1783 3562
1783 984
1783 1345
3274 4983
3274 6853
3274 3262
3274 7178
3274 6529
3274 5273
3274 7125
6774 5562
6774 1754
671 323
671 4196
671 2675
671 1845
2818 4300
4329 1277
538 4397
538 1885
538 6514
538 1085
6897 2025
3685 2961
3685 280
3685 4562
1229 6846
1229 3725
1048 6322
808 2789
808 6494
808 4078
808 692
808 768
808 4317
808 2012
808 5286
808 5005
4521 591
4521 4489
4521 4907
4521 3068
4460 4836
4460 5065
4460 4508
