3424 4536
3424 1776
3135 4581
4524 6015
260 6320
260 5927
260 1324
260 4326
3968 6282
3968 6754
3968 397
3968 1364
3968 378
3968 1810
3968 2667
282 5885
282 2068
282 538
282 6927
282 6971
282 3001
6453 3212
1083 3926
5562 4060
5562 6774
5562 3385
5562 504
5562 3175
5562 3266
5562 3011
5562 2139
5562 3340
5562 6927
5562 4161
5562 4684
5242 5633
5242 4559
5242 1684
5242 2354
5242 1258
5885 6976
5885 1333
5885 6787
5885 4841
5885 1296
5885 988
5885 555
5885 5499
5885 3548
5885 5005
2891 3809
2891 3768
2891 3567
2891 2324
2891 1632
4167 4394
4167 3657
6118 58
6118 3447
6118 4863
4960 2393
4960 4863
4960 6909
6209 1387
6209 6996
1979 5886
6617 1125
2707 4533
2707 5605
5829 5615
5829 5631
5829 2428
5829 1769
5829 6062
1214 2622
5486 6792
5633 1536
5633 2958
5633 4848
5633 7161
5633 580
4211 4517
4211 5712
4211 3274
4211 1912
4211 3428
5290 4109
3314 2724
3314 6686
3314 3146
3314 4912
6347 3357
5748 1931
5748 6753
2059 355
6552 2015
6552 2114
6552 1280
1748 5197
1066 1437
1066 541
1066 2832
1066 1014
1066 3480
7031 5888
7031 4541
7031 6856
7031 3812
7031 925
90 4280
826 2098
826 3048
826 2339
826 6015
826 2118
826 4472
826 102
4719 5503
4719 3378
5135 6575
7110 58
7110 1080
7110 5332
7110 1930
7110 3573
7110 6296
7110 4109
7110 3711
7110 2343
7110 3520
7110 5790
7110 4702
5994 2465
5994 5712
5994 6071
5994 1528
5994 4875
5994 6243
5994 4117
5994 3294
5994 3419
5994 2973
1854 1562
3868 5503
388 6543
388 987
388 2730
2260 5480
3652 2116
3652 4747
3652 4707
3652 3043
3673 1786
3036 386
3036 6112
3036 6885
3036 5524
7056 6275
7056 3040
4111 6650
1088 6691
1088 6564
1088 10
1088 1783
1088 6108
1088 3873
1088 634
1088 4913
1088 6375
1088 2929
1088 5855
1088 1876
1088 2667
2789 5707
2789 5314
2789 6890
3331 5507
3331 340
1089 58
1089 2431
1089 1494
1089 4309
1089 6655
1089 4573
1089 2558
1089 6135
1089 2019
1089 4724
1089 3105
1089 3291
1089 1837
1089 2393
1089 6909
5642 6976
5642 3721
5642 6306
5642 6877
5642 1493
5642 5122
5642 6660
5642 3490
5642 3272
5642 3019
5642 6499
5642 62
5642 858
5044 5065
5044 2472
5044 621
5116 4734
5116 1502
241 296
241 6882
241 3883
241 666
3736 5827
3736 2869
3600 6552
3600 5337
3600 4837
3600 3390
3600 5120
3600 1919
3600 3648
3600 2301
3600 3272
3600 2457
3600 2993
3600 4523
3600 7023
3600 2475
3600 4098
3600 6358
3600 770
3600 1867
3600 5626
3600 1005
4394 1254
4394 2685
4394 3874
4394 3368
4394 4468
584 3424
584 6279
584 3212
663 1559
663 5491
663 2441
4289 6259
4289 5819
415 535
3624 2831
3624 5192
3173 2828
3173 3659
3173 5152
3173 1439
6744 5535
6744 2577
6744 4645
6744 3904
6744 538
6744 187
6744 2685
6744 5347
6744 5522
6744 912
6744 1329
6744 4407
6744 565
5888 6529
5888 3812
4675 375
6029 3866
6029 4082
426 5970
426 3478
426 5197
426 3866
426 3658
852 3525
852 1240
5955 4647
5955 1020
5547 4152
5547 6201
5547 2855
5547 1493
5547 1238
5547 6851
5547 1253
3913 715
3913 892
3913 5611
3913 3544
3913 2607
3913 4565
3913 3816
3913 4317
3913 2012
3913 5005
2660 5122
4103 860
4275 5171
869 4498
869 2205
673 1455
6092 1359
6092 5449
6092 4990
6092 1940
6092 586
2005 6652
1662 3048
1662 3930
1662 534
1662 1506
1662 3908
2185 4160
2185 1126
2185 7010
2185 1275
2185 7033
2185 4646
2185 7090
2185 1622
2185 94
2185 5199
2185 2784
7183 2301
7183 3097
1301 601
3807 1029
3807 4176
6559 805
3523 2814
3523 5860
4948 6209
4948 605
4948 6317
4948 3890
4836 473
4836 4334
5089 3061
3990 1942
3990 4305
3990 575
3990 460
3990 398
3990 5078
610 2028
610 1825
610 6471
610 6937
610 5822
5970 5893
5970 3142
5970 7117
5163 6885
5163 5840
4193 260
4193 5642
4193 6320
4193 6830
4193 1822
4193 1677
4862 6139
4862 2240
4862 273
4950 3048
4950 5914
1141 5241
843 3379
843 3357
843 5334
6216 6940
4784 6908
6516 2789
6516 3913
6516 4093
964 698
964 5728
964 701
964 4408
964 581
964 1736
964 4692
5339 992
5339 854
5339 2044
6976 6714
6976 1575
3715 1711
3715 3190
568 5482
3475 1409
3475 5666
3475 1334
3406 1934
3406 6024
3406 4912
3406 5480
1631 325
1631 5051
5595 1561
2106 7081
2106 839
2106 750
115 5065
115 4407
115 2413
115 4932
3261 2577
3261 1684
3261 6130
756 5065
872 1925
872 3730
872 5332
872 1567
872 2343
872 2864
872 5909
5283 1088
5283 4091
6402 2299
6402 1525
6402 5816
4063 2022
4063 6081
3991 2189
3991 4548
3991 3192
3991 174
4517 7158
5981 4360
5981 4064
627 7116
627 3414
627 1909
627 2066
627 2902
627 1345
5690 4793
5690 975
5690 5670
5690 4982
5690 1937
5690 3890
3004 3736
3004 5535
3004 2577
3004 892
3004 5117
501 1262
6055 6260
5563 2041
6662 3129
6662 3072
6662 6094
6662 3627
6662 1465
6662 2359
6662 1258
5692 5954
5692 4660
5692 3141
5692 5201
5692 4717
5692 5683
5692 5077
5692 2974
5692 837
4818 6265
1053 1569
3195 843
3195 5498
3195 5334
3195 230
3195 4935
3195 2902
3195 398
1789 1346
1789 5722
1789 709
1789 163
4227 5503
4227 6891
4720 1825
4720 750
1476 1089
1476 4994
1476 5093
1476 5647
1476 1408
1476 2413
214 2428
214 1688
5456 1928
5456 4425
3355 5150
6863 758
4308 5970
4308 1387
4308 5055
4308 6581
4308 538
4308 1983
4308 1330
4308 1684
4308 109
4308 7128
4308 957
4308 6458
4308 3916
4308 6574
4308 2568
4308 2003
4308 6829
4308 97
4308 3858
6263 5135
6263 1847
6263 99
6263 4082
6263 4203
6263 1537
3299 4026
3299 5094
3299 5278
3299 7175
3299 2034
3299 3725
3299 4826
3299 1727
3000 2396
3000 4729
5269 323
5269 3723
5269 135
5269 2740
5269 6051
1828 782
5867 6863
5867 116
5867 7066
5867 2310
5867 2388
5 2767
5 2071
5 2553
5 5468
1056 6714
1056 3047
1056 1495
5859 1030
5859 6885
5859 822
4634 4143
4634 7010
4634 5122
4634 5199
4634 3421
4634 6088
4634 62
4634 4300
7122 6885
6050 260
6050 6320
6050 1324
6050 17
6050 2575
5411 2066
5411 2034
5411 5724
58 1779
58 3470
58 4694
58 5088
58 4334
58 1075
2997 6567
2997 2452
2997 2615
2997 2507
2997 4024
2997 2023
2997 3725
2997 103
2997 5548
2997 2587
2997 1502
7067 450
7067 1926
3653 6809
3653 1513
505 3946
505 5728
2752 2508
2752 3221
5262 4398
5262 1070
5262 6511
5262 2301
6282 1905
6282 615
4073 3427
4073 2602
3016 6402
3016 6147
3016 3768
3016 5350
3016 5505
3016 6128
3016 4569
3016 375
1390 1019
1390 2186
1390 3429
3481 5379
3481 1674
3481 6884
2404 6458
2404 4924
2404 958
6754 3928
6754 7042
5263 2855
4065 7107
4065 5603
6815 5065
6815 1870
6815 3840
6815 877
6815 5625
6815 35
6815 2248
6815 2413
6815 4932
1864 1126
1864 2575
1889 4100
1889 3538
1889 2899
1889 6201
1889 6096
1889 6677
1889 6448
1889 859
1889 3468
1889 1806
1889 2298
1889 3568
1889 7058
6310 6719
6310 6181
3458 5039
3458 1449
4575 388
4575 956
4575 5645
4575 1911
4575 6331
4575 5752
2604 7125
1779 5572
4026 2734
4026 4826
4026 3510
4026 4892
3809 535
3809 5350
3809 4660
3809 3011
3809 6506
899 1214
899 6754
899 1364
899 1783
899 3934
899 2989
2308 969
1099 3215
1099 1014
6147 5350
6147 3820
6147 308
6147 6468
3925 5436
3925 4861
3925 1911
6338 323
6338 6481
6338 1364
6338 4796
6338 3183
1570 7024
1570 350
1570 2605
1570 6260
3383 4465
3383 3908
4452 6187
6641 6765
3259 6671
3259 5877
3259 3147
3259 4703
3259 2040
3060 673
4370 5801
3321 3554
3321 3816
535 1198
535 5903
1703 3561
1703 1794
1703 6200
1015 2015
5255 685
255 2899
255 4747
255 5893
255 5071
255 7117
3053 2640
2603 4281
2603 1565
2603 5598
2603 2129
2603 3681
3835 5503
3835 3217
3768 535
3768 54
3768 2247
3768 5181
3768 1677
3768 5776
2025 3626
2025 5712
2025 4698
2025 2728
4230 3662
4230 5603
4230 37
5115 3600
5115 5503
5115 619
5115 2112
5115 2457
5115 5398
5115 518
5115 5327
5115 6358
5115 1005
1367 1582
1367 3007
116 2447
1199 6008
1199 4854
1199 5988
1199 5480
1988 1330
3415 5970
3415 296
3415 6417
3415 5614
3415 4355
3415 954
5397 2013
1516 2964
1371 4959
3567 2805
3567 1354
3567 5546
3567 580
3567 5877
3567 1632
3567 5125
3567 4703
3567 898
6560 4228
4435 2340
286 6854
286 1751
286 4759
286 5549
1538 4410
1538 1983
1538 6829
4152 58
4152 5069
4152 3047
4152 1744
4152 3281
4152 3771
4152 1408
4152 6909
4152 3309
5632 3192
2297 7031
2297 4541
2297 6115
2297 1851
2297 4264
2297 677
2297 3514
542 1954
3614 4461
3614 6088
5436 5972
5436 6543
5436 6393
5172 4405
4428 6858
4428 2453
6921 273
6921 7156
6921 6087
3946 5200
6054 3006
6054 6518
6054 1750
6054 4143
6054 669
6054 916
6054 1675
6054 5405
5452 1283
5452 4763
5452 6250
5452 3520
5452 4245
5452 229
3721 2801
6022 5886
1633 2959
5535 5741
5535 2973
3911 3135
3911 6241
6498 916
1676 6275
1676 555
1676 290
5700 255
5700 4938
5700 6794
5700 4287
5700 3068
6259 2936
6259 5420
6259 2471
6259 7053
6259 3247
6259 6499
7132 1711
7132 3190
6591 3835
6591 5503
6591 3274
6591 5898
2465 6518
2465 2068
2465 2279
2465 5017
2465 3075
2465 2249
2465 6241
5045 5039
5045 64
5045 290
1939 6992
1939 6768
1939 284
264 6726
264 5613
264 2736
264 2211
2049 2829
6349 260
6349 848
5082 4360
5082 3704
5857 5379
5857 2020
5857 6488
71 5486
71 4360
71 5955
71 781
71 1598
71 4615
71 5470
71 340
71 6008
71 1952
71 6860
71 1776
3010 976
3010 916
3010 4841
3010 551
3010 774
4416 6765
4416 5328
4416 3517
2390 2539
2024 5113
2024 5741
2024 2544
1346 2254
1346 3989
1346 5196
1346 4691
1346 709
1346 2981
5827 1387
5827 5319
5827 3538
5827 3312
5827 605
5827 6464
5827 6317
5827 6996
5827 4707
5827 1465
5827 4092
5827 6600
5827 2424
1166 826
1166 1088
1166 6163
4604 1676
4604 5877
4604 487
4604 6646
2805 1
2805 4841
2805 3674
2805 6768
2805 1449
2224 4835
2224 1910
2772 1125
319 1387
319 5614
319 954
6854 4759
5466 1797
5466 1078
5466 5725
5466 3690
5466 230
5466 1465
5466 5667
4527 1919
4527 4368
4527 1280
4925 6244
2152 4103
2152 4163
2152 3418
2152 406
2152 706
2152 4084
6414 6187
6414 575
6414 6978
6414 2556
3626 4024
3626 3725
3626 3790
3626 3378
3626 1701
3626 6121
4549 1
4549 3166
4549 5220
5162 4469
5162 3756
5350 793
5350 1556
5350 5298
5350 4494
5350 2188
349 5711
349 3553
349 2462
3804 3195
2567 2675
2567 891
3298 6885
6149 6714
6149 2635
6149 2225
6149 7053
6149 916
6149 303
6149 1796
6149 1622
6149 1822
6149 3268
6149 1575
6149 4702
6527 3138
6527 4859
3937 6087
5042 184
5042 691
1437 1042
1437 4622
4031 6616
4031 3090
5176 1604
2577 575
2577 5741
2577 6243
2577 1465
2577 174
2577 565
2948 3936
2948 6911
2948 780
2948 64
2948 5989
4471 2224
4471 2841
4471 5225
4471 3873
4471 447
4471 2044
4471 92
2278 541
2278 551
2278 5508
2278 3480
2991 7170
2991 6351
2991 4163
2991 3111
2991 2529
2991 2605
2991 4373
2991 3340
2991 6260
2991 6366
7066 2659
5895 5955
5895 1267
6166 1828
6166 3662
6166 1933
6166 6553
4146 330
698 701
2116 5994
245 297
1283 5633
1283 4534
1283 4245
3891 3383
2758 7081
1942 2789
1942 5053
1942 5400
1942 5214
1942 2041
1942 203
1942 5564
3219 2946
6169 1832
6169 5334
6169 4707
2657 5441
2657 1130
2657 3193
6804 3747
6430 3004
6430 6464
6430 4024
1308 18
1308 3357
1308 6911
1308 5334
1308 2293
1308 1701
5933 3562
4160 2642
4160 3007
143 6293
143 5586
143 1974
143 1583
143 3221
7170 4152
1143 3129
1143 3072
1143 4283
1143 3548
1387 1538
1387 3252
1387 3142
1387 6794
1387 5482
1387 1321
4100 5452
4100 1078
4100 7115
4100 2607
4100 800
4100 1339
5507 1685
5507 537
5507 5988
5507 5386
5507 1655
357 6891
2372 237
521 58
5680 6488
1520 624
1520 682
1520 2981
4397 1684
4397 692
4397 113
4397 3536
2937 49
2937 2041
2937 2219
2937 2761
3881 6142
3881 2818
3881 6883
3881 5653
1151 2529
1151 522
1151 3318
1151 1408
1151 570
6083 1765
6427 2805
6427 5546
6427 2614
6427 5199
6427 2843
5110 4977
5110 5603
5110 3136
1016 2911
2540 6920
2540 4781
2540 5558
4804 2479
80 3538
80 1641
80 4747
80 2066
80 836
80 3761
80 3593
80 4959
4837 916
4837 2080
6091 5711
6091 111
6091 2591
3824 6542
4645 3904
4645 3776
4645 113
4645 5117
6060 6523
6060 430
6060 4041
7024 1151
7024 0
7024 3193
3662 2584
1400 3730
5676 6882
5676 5405
2828 2754
2828 5685
6258 2277
4632 2430
4632 1158
6493 4122
6493 629
6493 5310
6493 2115
6691 4878
47 4533
47 6920
47 5615
47 3785
47 3806
47 5037
1559 388
1559 6505
1559 6543
1559 6541
1559 1911
1559 1479
1559 1320
1559 3100
5968 237
3161 3294
4110 1088
4110 6564
4110 2186
4110 3429
4110 2667
6308 90
6308 6621
4215 3862
4215 5216
543 710
1713 1024
1713 5219
1002 3109
5319 6564
5319 5278
5319 3429
5319 3401
5319 6448
5319 5302
5319 2545
5319 5334
5319 7062
5319 1838
4763 4533
5900 538
5900 4078
5900 1248
5900 5522
5900 3221
5900 6995
5900 1258
1030 6364
1030 6917
1030 2277
1030 5886
1030 186
2936 2225
2936 2180
6315 358
6315 3136
2681 4763
2681 5220
2681 555
2681 1399
2681 5199
2681 2236
2681 3548
2681 229
4498 4152
4498 1567
4498 4932
7001 3894
6714 2615
6714 5396
6714 1
6714 5973
6714 6423
6714 6799
6714 2710
6714 3378
6714 64
6714 1273
6714 4423
3526 5782
5954 4660
5954 248
5954 6195
5954 731
5954 4608
224 3906
6769 3894
6769 4407
1138 6885
3689 7067
3689 5535
3689 187
3689 1528
3689 6585
3689 6832
3689 5117
1936 2967
2994 142
2917 3899
2917 5219
1185 3273
1185 7008
1185 575
3434 6427
3434 1354
3434 5039
3434 1822
3434 4703
3434 1417
3434 3125
1729 3175
1729 3300
3633 5278
3633 1797
3633 5426
3633 3510
4281 3245
4281 3894
4281 6768
4281 5902
4281 1074
4281 1408
4281 4863
4281 1258
1464 4820
2903 3440
3802 3561
3802 4793
3802 1445
5094 3329
5094 6167
5094 1976
5094 784
5094 61
5094 417
5094 691
5094 2587
5094 925
5094 1646
5094 1957
6645 6544
3810 5098
3810 4379
3810 1750
3810 2187
745 5094
745 6361
184 1928
184 5712
184 845
184 649
236 17
236 2220
236 2255
3559 1100
3369 4823
4023 1863
4023 4854
2320 5586
3145 4960
3145 5379
3145 504
3145 1974
3145 4297
3145 33
554 148
1577 902
1577 414
2513 2393
2513 6909
2021 5761
6139 7156
6139 3597
3021 2525
3021 4854
3021 1934
3021 4088
3021 4578
3021 178
3323 3006
560 3040
3702 843
3702 5712
3702 3357
6694 5720
2063 3784
7016 985
19 4471
5280 4428
5280 4311
5280 5394
5280 4990
5280 6752
2085 5985
2085 2018
2085 6901
2085 4333
2085 1295
2085 485
2085 174
3507 3600
3507 6838
3507 3679
3507 1070
3507 7153
3507 2553
3507 2475
3507 3251
3507 5080
463 5269
463 210
463 1783
463 2044
463 1000
3229 1359
3229 2739
4894 1449
4599 1891
4599 887
4599 5019
1928 2114
1928 2430
4789 1199
4789 3976
4789 6008
4789 5988
4789 342
1212 6093
6111 1446
2635 2891
2635 4351
2635 4205
2635 3011
2635 4494
3255 1604
6587 5948
6587 1292
1019 1088
1019 171
2396 4424
2396 4584
2396 2738
2396 4729
1411 5425
1411 5555
1411 2824
1411 10
1411 3337
5066 5955
5066 5996
5066 5212
3375 663
3375 4401
3375 2689
614 3357
1126 2115
3538 282
3538 5994
3538 3786
3538 2942
3538 929
3538 2826
6351 5633
2225 5525
2225 6178
5462 2545
5462 6458
5462 6223
5712 2430
5712 691
3379 843
3379 1919
3379 5100
3379 1976
3379 4846
3379 691
3379 3514
2669 241
2669 3068
2098 2672
2098 4986
2098 5061
6919 3016
6919 6147
6919 5952
6919 4518
6919 2814
6919 6590
6919 5505
6919 4916
6919 358
6919 5158
6919 276
6919 5816
6919 3001
6595 201
6595 6
6595 4078
6595 3894
6871 3554
6871 1838
3592 899
3592 3183
3592 3856
428 6373
428 6051
1933 1990
1933 2296
855 3913
855 1942
855 1681
6176 115
6176 1160
6176 1522
6176 6727
6176 709
6176 4911
6176 2981
622 2351
6672 4360
6672 199
6672 6860
6297 6883
647 3399
3541 4863
6878 541
6878 4916
6878 1014
3845 5503
3845 4094
4938 5094
4938 7016
4938 2615
4938 4024
4938 5503
4938 7105
4938 849
4938 2293
4938 3378
4938 2869
5055 255
5055 4196
5055 1983
5055 5482
5055 6727
5055 5071
5055 4119
4592 5804
4592 5595
4592 6815
4592 6176
4592 192
4592 4573
4592 1522
4592 4359
3172 3916
3172 2345
2051 58
2051 7107
2051 1562
2051 5519
84 4189
84 830
4688 5864
3414 1889
3414 80
3414 5319
3414 4165
3414 7175
3414 6554
3414 4420
480 5489
480 4845
480 5332
480 3377
480 7053
480 1561
480 2343
480 4702
7111 4196
7111 4986
7111 1506
7111 4655
3821 5085
3821 5069
3821 5102
3821 6909
3821 3263
7081 6463
7081 1344
7081 284
7081 3527
326 1760
326 6170
326 5707
326 6243
326 5169
1505 430
1505 248
1505 1825
1505 580
1505 6463
1505 837
1505 3339
3361 275
903 2068
903 2651
3312 5827
3312 6677
7123 2080
7123 4300
2690 2314
2690 4300
4134 903
4134 1182
4134 5405
6306 4925
6306 5336
6306 1359
6306 3247
6306 136
6306 6185
6306 1663
6306 1192
6306 2890
572 6917
4994 1476
2314 2690
2314 5122
1909 3299
1909 2862
1909 3401
1909 836
1909 5216
1909 2556
1909 2570
6530 143
6530 6288
6530 273
6530 1320
2911 4660
2911 355
2911 3011
2911 1495
2911 4181
2911 3113
6974 6091
6627 1565
6627 5615
6627 6514
6627 4534
6627 4407
6627 2364
6627 2413
1693 964
1693 1080
1693 5186
1693 5533
1693 4573
1693 7181
1693 1794
1693 534
1693 401
1693 6251
1693 4951
1693 3908
1693 352
1903 2842
1903 1052
1903 1583
1903 5943
1903 5103
605 3991
605 2025
605 6096
605 2593
605 4355
605 2943
605 5587
640 6567
640 3271
2488 6149
2488 848
2488 976
2488 5858
2488 1622
2488 681
223 1677
223 5312
223 5405
1814 6171
6637 3360
4254 5970
4254 1832
4254 6481
4254 6201
4254 4104
4254 5664
4254 4913
4254 2568
4254 2622
4254 5588
3242 3190
3439 5680
7113 4072
1563 408
1563 6428
1563 6361
1563 2967
6412 3379
6412 2023
2449 7161
2449 621
2449 575
2724 6092
2724 2767
2724 5127
1925 1408
3692 1051
5185 5368
1832 49
1832 7112
1832 2103
1832 3192
1832 1238
1832 5334
1832 3961
1832 6051
1832 5905
1832 4863
1832 6909
4469 3010
4469 6714
4469 5396
2860 992
2860 5253
2860 854
2860 4928
2860 2044
76 7069
76 578
76 5494
76 3612
3243 1065
3243 1369
3044 5936
3044 4660
3044 5379
3044 4499
3044 2479
3044 3711
3044 1562
3044 3011
3695 5827
3695 2116
3695 5178
3695 7115
3695 5108
3695 4707
3695 4092
3695 3068
4722 3273
4722 186
4260 5368
3947 3939
3947 1525
3947 6468
1904 3561
1904 3283
1904 4951
2778 2106
2778 3947
2778 2102
2778 6463
2778 5816
2778 3927
3589 1030
3589 1072
3589 6686
3589 2277
3589 1655
3589 4912
4662 252
368 7082
5368 1376
5368 3187
5368 6590
5368 6768
2206 6550
2206 3499
1080 5242
1080 561
1080 3850
1080 2932
1080 4548
1080 5308
1080 2354
1080 6301
1080 2509
1080 1816
6518 3285
6518 1493
6518 3476
6518 6185
6518 5989
6518 5151
6518 1675
6518 2908
2370 5171
6517 479
6933 4599
6933 722
3752 1832
3752 4196
1181 4471
3525 1240
6397 3290
6397 5747
1565 282
1565 5069
1565 966
1565 6913
1565 6296
1565 7052
1565 1148
1565 3894
1565 6768
1565 6514
1565 3221
1565 4115
1565 1258
1565 4505
1140 3219
1140 3048
1140 5009
6805 2998
6805 3120
6805 6135
6805 5170
6805 4989
5004 3261
5004 1476
5004 145
5004 2413
1611 605
1611 99
1611 138
1611 1206
1546 6149
1546 2488
1546 4660
1546 2471
1546 916
1546 1796
1546 3268
1546 3113
6003 2525
6003 1331
6003 767
6003 1616
6003 5487
4718 1428
4718 3343
5744 6485
5744 4420
2143 2814
2639 5158
3048 2118
3048 5009
2090 723
3786 5994
3786 3652
3786 6464
3786 3690
3786 1182
3786 5078
4298 1561
5504 5444
218 2889
123 6992
2180 6306
2180 5122
2180 887
2180 2710
2180 3627
2180 3819
2180 1192
2180 1701
446 843
446 1832
446 1727
3655 3000
3655 4945
3732 4396
3732 4839
3732 2943
6225 2567
141 1088
141 6818
6342 4634
6342 5394
6342 6298
6342 1347
6342 921
2899 6794
2899 1845
4659 2508
4659 6584
6276 6606
6276 4328
2399 6605
2399 1320
3631 71
3631 4615
385 1476
385 1693
385 1445
1230 6135
1230 6094
1230 621
1230 6514
1230 6935
6765 71
6765 6142
6765 1566
6765 3854
6765 2448
6765 6244
6765 6860
6765 2516
5274 4569
2775 3846
2775 1222
3306 3232
3306 2064
3306 1816
6564 5319
6564 7016
6564 5330
6564 2779
6564 3066
6564 2978
1991 6945
1991 2864
1991 5600
331 3061
1641 5452
1641 892
1641 4848
1641 1845
2431 2393
4093 5811
4093 3093
672 5368
5300 670
5300 974
5376 6365
5376 7107
5376 222
3687 4167
3687 5889
5969 669
323 1214
323 854
323 2463
323 2246
323 6375
323 3856
323 2816
323 1876
323 5734
6284 3190
127 3132
1217 1854
1217 5368
1217 6541
1217 1320
1217 3520
2233 5
2233 2812
2233 2071
2233 629
2233 3661
2233 3620
2233 3007
2233 5468
6777 5253
6777 4240
6777 378
6777 78
6777 1806
6777 5667
6777 5417
6278 4167
6278 5889
6278 2354
6278 4761
6278 2413
5845 6472
1470 6754
1470 1630
1470 397
1470 378
4847 3597
4847 1320
4847 166
