4729 6250
4729 1465
4729 2738
4729 5905
4729 4468
4729 2364
4729 5346
2494 1319
2494 3876
2494 5986
2494 3553
2494 495
6356 5621
648 5794
648 4491
648 464
648 5270
648 2814
648 222
648 5158
648 237
648 2477
4550 4902
4550 3973
4550 4758
5703 1026
3263 535
3263 3821
3263 4299
3263 4321
3263 1902
3263 6725
3263 5439
3263 728
3263 1113
3263 3130
3263 4863
1921 1548
1921 318
1921 3186
2782 6885
2782 3274
2782 922
1430 5633
1430 1283
1430 1930
4676 3589
4676 1062
4676 6917
4676 4823
163 5618
163 1641
163 6562
163 3246
163 1522
163 5665
163 2164
163 3989
163 534
163 6049
163 2618
163 1846
163 6540
163 1837
4147 58
4147 991
4147 2814
4147 6590
4147 1029
4147 1562
4147 4176
4147 5158
4147 37
4147 5519
4147 2477
4147 6872
721 1354
721 4300
468 1283
468 201
468 6432
468 4605
468 5522
1776 3424
1776 4536
1776 5043
1776 5757
2596 2745
5808 4745
5808 4680
3649 6364
3649 3162
3649 4390
3649 5518
3649 6319
3649 4413
3119 2160
3119 1468
7058 1675
7040 2083
7040 6660
7040 556
7040 1347
7040 5650
6819 2752
6819 5186
6819 5038
6819 1684
6819 3587
6819 1238
6819 3894
6819 4691
6819 1445
6819 666
6819 1496
1438 4308
1438 2465
1438 2468
1438 2279
1438 1562
1438 4094
1438 5405
1438 3068
431 843
431 58
431 184
431 2513
431 6721
431 4329
431 1277
431 5673
431 6135
431 3942
431 7117
431 4824
431 4875
431 5902
431 5905
431 2393
431 1074
431 5588
431 1876
431 6909
2575 2832
2575 6320
2575 3756
2575 655
674 3894
674 3221
2357 4722
1688 5004
1688 5065
1688 2472
1688 5605
1688 5941
2108 3665
2461 2557
5545 1212
5545 2180
5545 2474
5545 1474
5545 5170
5545 1120
1075 5572
4823 1792
4823 3093
4823 6223
4823 4560
238 7175
238 2545
238 548
1999 3517
1999 4064
1999 3151
1999 6820
40 5423
40 3540
40 4980
40 4590
6121 4719
6121 6911
6121 3476
6121 3790
6366 2152
6366 4598
6366 1540
6366 5984
6366 3193
6366 1375
364 6888
6522 2022
6522 4107
6522 4578
4959 1308
4959 3487
4959 1928
4959 3414
4959 3651
4959 1797
4959 4024
4959 2066
4959 836
4959 2430
4959 4777
4959 5334
4959 3486
4959 3568
5468 4673
5468 5407
5468 2516
3514 3965
3514 137
3514 6632
3514 2360
3514 2490
3514 2872
984 1901
984 5278
984 4396
984 2779
984 6489
984 171
984 2246
984 5035
984 3966
984 2016
984 4316
984 615
984 356
984 1339
984 3068
984 6696
2454 3768
2454 325
2454 3566
32 5665
32 534
32 889
32 4691
32 2131
32 1432
32 4729
1461 3274
1461 3745
6234 4277
6234 4218
4505 58
4505 7161
4505 44
4505 608
4505 4490
4505 5797
4505 6387
4505 2359
4505 2393
4505 3437
3260 4628
3260 2700
3260 3953
7062 4397
7062 5319
7062 3689
7062 4747
7062 6779
7062 4396
7062 6485
7062 2779
7062 2664
7062 1926
7062 4389
7062 3650
7062 4924
7062 6903
7062 2455
101 58
101 535
101 4660
101 6809
101 3377
101 5991
101 6655
101 5039
101 504
101 5799
101 2509
101 2428
101 5819
3339 4607
3339 6805
3339 4299
3339 3120
3339 4242
3339 3205
3339 473
1153 1864
1153 2832
1153 6528
1153 629
1153 3756
1153 5394
1153 6750
1153 6244
1153 94
1153 1940
1153 3628
1153 3007
1153 2516
6231 3048
6231 3698
6231 211
6231 6724
6231 3482
6231 5009
6231 2379
5296 2025
5296 6721
5296 575
5296 2219
3735 3314
3735 6092
3735 5
3735 1126
3735 4469
3735 6142
3735 2832
3735 1685
3735 6528
3735 6008
3735 6750
3735 1940
3735 2255
3735 3007
3735 1192
3437 6662
3437 3470
3437 6346
3437 3245
3437 3599
3437 3575
3437 5309
3437 2236
3437 2359
3437 3959
3437 6784
3437 79
3437 6435
6748 4379
6748 4709
6748 4863
5103 6288
5103 1583
5103 3334
2107 1942
2107 2903
2107 4602
2107 5022
2107 2865
2107 6223
2107 2720
2107 7062
4404 6054
4404 2068
4404 2444
6062 3850
6062 1750
6062 6655
6062 3980
6062 5686
6062 3090
6062 2429
6062 789
6062 5771
6062 6849
6062 4474
6062 4219
6062 79
6062 4560
3218 5535
3218 2577
3218 2903
3218 2847
3218 1994
3218 6494
3218 6187
3218 5214
3218 4317
3218 5117
3218 3536
3218 806
3218 2107
6912 6149
6912 2635
6912 2911
6912 2351
6912 6184
6912 1556
6912 2471
6912 6186
6912 3630
6912 3281
6912 1822
6912 1677
6912 5521
6912 2188
495 5711
495 5410
495 111
495 6257
495 205
495 1319
495 1363
495 6024
495 4595
495 2462
6206 4878
6206 3068
696 2832
696 2241
696 556
696 2885
696 3272
696 1940
696 5444
696 2575
696 1153
6792 5955
6792 5470
6792 6271
2730 388
2730 6293
2688 6284
2688 1711
1542 4024
1542 6554
1542 5216
4932 5937
4932 4203
4932 1989
6241 2932
6241 2429
6241 2356
6241 4581
148 1314
148 1113
1524 6885
1524 7125
4179 6946
4179 3607
4179 4196
4179 6842
4179 4075
4179 1846
4179 5755
339 5692
339 2390
339 1505
339 3838
339 4402
339 2139
339 3045
339 799
339 284
4882 6296
4882 2064
4882 3910
4882 888
6254 214
6254 2329
6254 5424
6254 2605
6254 6603
6254 5077
6254 6618
6254 6087
3499 5379
3499 6772
3499 6005
256 5056
256 3212
3125 4193
3125 2488
3125 3285
3125 325
3125 2814
3125 6606
3125 4569
3125 358
3125 94
3125 3849
3125 4161
3125 5776
4220 899
4220 1805
4220 1806
4220 3757
4220 2044
4220 2978
4220 5667
4220 3562
3169 5621
3169 6320
3169 3976
3169 1602
3169 5988
3169 6843
4136 282
4136 610
4136 2106
4136 4060
4136 3145
4136 4150
4136 4508
4136 4460
4136 3385
4136 6874
4136 5860
4136 6676
4136 5541
4136 927
4136 4717
4136 1529
4136 2171
4136 5158
4136 5294
4136 4161
4136 861
4136 4953
4136 6468
4136 797
4136 6742
4136 4528
4136 1816
4136 1754
5785 6976
5785 3434
5785 2180
5785 2661
5785 2474
5785 355
5785 3129
5785 338
5785 5877
5785 669
5785 3116
5785 2885
5785 4841
5785 1296
5785 3674
5785 5220
5785 1544
5785 1822
5785 1065
5785 1677
5785 1369
5785 2648
5785 1663
5785 858
3196 5197
687 4498
687 5786
687 381
3020 2119
3020 3068
1838 3990
1838 4452
1838 6485
1838 2664
1838 5010
1838 7115
1838 3650
1838 4420
1838 6088
1838 1635
1838 3040
1838 2608
5734 1905
5734 4907
5734 615
5734 1000
5734 2667
4855 4821
4692 6711
4692 5804
4692 5595
4692 1693
4692 192
4692 5186
4692 4018
4692 4324
4692 6901
4692 6920
4692 5307
4692 3399
4692 2270
1345 463
1345 469
1345 5423
1345 78
1345 5689
1345 3690
1345 2044
1345 2978
1345 4651
1345 5667
1345 3562
1345 984
7426 7288
7426 7371
7426 7216
7426 7403
7426 7345
7426 7325
7426 7188
7426 7226
7426 7397
7426 7247
7426 7261
7426 7334
7426 7236
7426 7283
7426 7185
7426 7267
7426 7291
7426 7322
7426 7300
7426 7458
7426 7257
7426 7367
7443 7203
7443 7209
7443 7303
7443 7410
7443 7371
7443 7452
7443 7447
7443 7234
7443 7197
7443 7294
7443 7305
7443 7356
7443 7407
7443 7247
7443 7334
7443 7411
7443 7384
7443 7276
7443 7259
7443 7267
7443 7409
7443 7423
7443 7323
7443 7252
7443 7431
7443 7289
7443 7464
7443 7210
7443 7242
7443 7440
7443 7374
7443 7435
7443 7311
7443 7199
7203 7424
7203 7277
7203 7193
7203 7243
7203 7341
7203 7410
7203 7227
7203 7251
7203 7332
7203 7230
7203 7301
7203 7279
7203 7326
7203 7294
7203 7399
7203 7340
7203 7430
7203 7425
7203 7220
7203 7397
7203 7272
7203 7330
7203 7290
7203 7206
7203 7417
7203 7211
7203 7207
7203 7413
7203 7185
7203 7459
7203 7295
7203 7299
7203 7265
7203 7409
7203 7298
7203 7253
7203 7289
7203 7370
7203 7257
7203 7210
7203 7457
7203 7273
7203 7286
7203 7393
7203 7232
7203 7346
7203 7369
7203 7401
7203 7461
7203 7422
7424 7426
7424 7196
7424 7333
7424 7453
7424 7223
7424 7303
7424 7465
7424 7227
7424 7336
7424 7212
7424 7230
7424 7216
7424 7362
7424 7280
7424 7294
7424 7305
7424 7246
7424 7218
7424 7306
7424 7340
7424 7258
7424 7192
7424 7327
7424 7397
7424 7321
7424 7407
7424 7238
7424 7231
7424 7441
7424 7342
7424 7290
7424 7247
7424 7261
7424 7361
7424 7394
7424 7284
7424 7295
7424 7265
7424 7291
7424 7409
7424 7421
7424 7363
7424 7404
7424 7275
7424 7252
7424 7308
7424 7300
7424 7347
7424 7451
7424 7248
7424 7257
7424 7260
7424 7457
7424 7200
7424 7232
7424 7369
7424 7204
7424 7311
7424 7199
7293 7244
7293 7304
7293 7371
7293 7387
7293 7281
7293 7325
7293 7340
7293 7320
7293 7363
7293 7440
7381 7255
7381 7196
7381 7285
7381 7190
7381 7309
7381 7223
7381 7302
7381 7314
7381 7332
7381 7456
7381 7281
7381 7294
7381 7399
7381 7306
7381 7428
7381 7192
7381 7433
7381 7425
7381 7397
7381 7392
7381 7231
7381 7455
7381 7217
7381 7185
7381 7276
7381 7194
7381 7409
7381 7423
7381 7322
7381 7201
7381 7275
7381 7329
7381 7442
7381 7239
7381 7257
7381 7200
7381 7393
7381 7440
7381 7191
7381 7232
7381 7401
7381 7204
7381 7429
7381 7422
7244 7381
7244 7277
7244 7376
7244 7341
7244 7303
7244 7465
7244 7184
7244 7302
7244 7269
7244 7437
7244 7447
7244 7270
7244 7240
7244 7359
7244 7188
7244 7258
7244 7192
7244 7365
7244 7433
7244 7327
7244 7226
7244 7215
7244 7272
7244 7343
7244 7400
7244 7266
7244 7290
7244 7455
7244 7334
7244 7417
7244 7254
7244 7236
7244 7284
7244 7357
7244 7295
7244 7299
7244 7427
7244 7265
7244 7291
7244 7322
7244 7225
7244 7221
7244 7431
7244 7289
7244 7260
7244 7273
7244 7200
7244 7219
7244 7396
7244 7415
7244 7401
7244 7310
7244 7435
7255 7424
7255 7205
7255 7341
7255 7251
7255 7230
7255 7331
7255 7419
7255 7280
7255 7325
7255 7214
7255 7258
7255 7220
7255 7215
7255 7272
7255 7375
7255 7342
7255 7299
7255 7291
7255 7363
7255 7349
7255 7439
7255 7379
7255 7286
7255 7422
7196 7424
7196 7381
7196 7190
7196 7309
7196 7333
7196 7465
7196 7251
7196 7314
7196 7230
7196 7287
7196 7301
7196 7197
7196 7419
7196 7362
7196 7325
7196 7377
7196 7305
7196 7340
7196 7278
7196 7433
7196 7327
7196 7324
7196 7397
7196 7356
7196 7215
7196 7272
7196 7229
7196 7334
7196 7357
7196 7351
7196 7295
7196 7265
7196 7322
7196 7363
7196 7323
7196 7201
7196 7370
7196 7257
7196 7367
7196 7286
7196 7232
7196 7374
7196 7435
7196 7311
7187 7426
7187 7285
7187 7412
7187 7303
7187 7465
7187 7227
7187 7371
7187 7432
7187 7216
7187 7403
7187 7456
7187 7279
7187 7240
7187 7380
7187 7280
7187 7246
7187 7218
7187 7306
7187 7222
7187 7340
7187 7433
7187 7372
7187 7397
7187 7231
7187 7441
7187 7342
7187 7195
7187 7261
7187 7206
7187 7217
7187 7283
7187 7459
7187 7357
7187 7194
7187 7291
7187 7322
7187 7250
7187 7189
7187 7388
7187 7390
7187 7253
7187 7300
7187 7347
7187 7451
7187 7458
7187 7248
7187 7260
7187 7457
7187 7191
7187 7263
7187 7346
7187 7369
7187 7429
7187 7422
7187 7311
7187 7199
7277 7443
7277 7424
7277 7293
7277 7255
7277 7309
7277 7227
7277 7288
7277 7314
7277 7332
7277 7197
7277 7463
7277 7240
7277 7380
7277 7378
7277 7213
7277 7214
7277 7428
7277 7258
7277 7208
7277 7416
7277 7337
7277 7433
7277 7327
7277 7324
7277 7215
7277 7407
7277 7247
7277 7261
7277 7211
7277 7217
7277 7185
7277 7335
7277 7354
7277 7382
7277 7259
7277 7427
7277 7265
7277 7344
7277 7323
7277 7250
7277 7189
7277 7308
7277 7370
7277 7257
7277 7457
7277 7367
7277 7440
7277 7263
7277 7396
7277 7346
7277 7204
7304 7426
7304 7244
7304 7196
7304 7187
7304 7190
7304 7398
7304 7309
7304 7186
7304 7376
7304 7465
7304 7302
7304 7437
7304 7216
7304 7362
7304 7305
7304 7188
7304 7327
7304 7226
7304 7397
7304 7272
7304 7343
7304 7266
7304 7455
7304 7195
7304 7206
7304 7417
7304 7236
7304 7284
7304 7217
7304 7459
7304 7384
7304 7427
7304 7291
7304 7323
7304 7250
7304 7275
7304 7252
7304 7458
7304 7210
7304 7457
7304 7367
7304 7286
7304 7352
7304 7232
7304 7310
7285 7187
7285 7364
7285 7223
7285 7341
7285 7447
7285 7216
7285 7345
7285 7274
7285 7362
7285 7226
7285 7356
7285 7407
7285 7247
7285 7335
7285 7354
7285 7295
7285 7267
7285 7250
7285 7385
7285 7445
7285 7329
7285 7300
7285 7286
7285 7374
7318 7443
7318 7438
7318 7398
7318 7186
7318 7333
7318 7205
7318 7341
7318 7316
7318 7465
7318 7184
7318 7332
7318 7452
7318 7437
7318 7447
7318 7345
7318 7389
7318 7377
7318 7188
7318 7213
7318 7462
7318 7208
7318 7192
7318 7278
7318 7233
7318 7433
7318 7327
7318 7226
7318 7215
7318 7392
7318 7400
7318 7238
7318 7266
7318 7261
7318 7334
7318 7206
7318 7254
7318 7320
7318 7299
7318 7265
7318 7250
7318 7442
7318 7289
7318 7464
7318 7200
7318 7219
7318 7263
7318 7352
7318 7401
7318 7374
7318 7312
7318 7422
7438 7203
7438 7293
7438 7244
7438 7196
7438 7304
7438 7318
7438 7373
7438 7309
7438 7205
7438 7465
7438 7184
7438 7314
7438 7371
7438 7452
7438 7234
7438 7403
7438 7279
7438 7274
7438 7359
7438 7377
7438 7246
7438 7418
7438 7233
7438 7324
7438 7215
7438 7272
7438 7407
7438 7238
7438 7247
7438 7195
7438 7334
7438 7206
7438 7207
7438 7236
7438 7284
7438 7411
7438 7384
7438 7267
7438 7409
7438 7423
7438 7252
7438 7225
7438 7329
7438 7431
7438 7349
7438 7442
7438 7370
7438 7458
7438 7257
7438 7260
7438 7210
7438 7457
7438 7273
7438 7367
7438 7219
7438 7396
7235 7203
7235 7244
7235 7304
7235 7438
7235 7376
7235 7410
7235 7447
7235 7389
7235 7279
7235 7359
7235 7377
7235 7258
7235 7282
7235 7324
7235 7272
7235 7330
7235 7342
7235 7290
7235 7195
7235 7206
7235 7211
7235 7217
7235 7411
7235 7459
7235 7335
7235 7315
7235 7267
7235 7265
7235 7409
7235 7355
7235 7421
7235 7323
7235 7353
7235 7252
7235 7225
7235 7308
7235 7390
7235 7349
7235 7442
7235 7370
7235 7451
7235 7273
7235 7393
7235 7346
7235 7369
7235 7310
7235 7435
7190 7244
7190 7255
7190 7196
7190 7277
7190 7438
7190 7235
7190 7383
7190 7364
7190 7205
7190 7209
7190 7376
7190 7303
7190 7316
7190 7408
7190 7332
7190 7230
7190 7331
7190 7287
7190 7371
7190 7452
7190 7234
7190 7345
7190 7463
7190 7389
7190 7281
7190 7359
7190 7224
7190 7462
7190 7278
7190 7436
7190 7365
7190 7220
7190 7215
7190 7272
7190 7343
7190 7400
7190 7238
7190 7266
7190 7342
7190 7455
7190 7335
7190 7351
7190 7295
7190 7299
7190 7265
7190 7439
7190 7464
7190 7451
7190 7346
7190 7401
7190 7271
7190 7374
7190 7199
7373 7443
7373 7424
7373 7293
7373 7381
7373 7255
7373 7277
7373 7304
7373 7318
7373 7184
7373 7301
7373 7279
7373 7387
7373 7274
7373 7419
7373 7340
7373 7258
7373 7416
7373 7278
7373 7433
7373 7282
7373 7226
7373 7321
7373 7392
7373 7238
7373 7455
7373 7261
7373 7284
7373 7283
7373 7411
7373 7459
7373 7354
7373 7384
7373 7194
7373 7291
7373 7322
7373 7355
7373 7421
7373 7250
7373 7225
7373 7253
7373 7434
7373 7300
7373 7347
7373 7451
7373 7239
7373 7367
7373 7393
7373 7263
7373 7310
7373 7429
7373 7422
7193 7381
7193 7196
7193 7223
7193 7288
7193 7437
7193 7419
7193 7380
7193 7280
7193 7192
7193 7375
7193 7361
7193 7236
7193 7320
7193 7411
7193 7354
7193 7291
7193 7344
7193 7385
7193 7393
7412 7244
7412 7249
7412 7432
7412 7387
7412 7281
7412 7188
7412 7258
7412 7220
7412 7330
7412 7320
7412 7344
7412 7225
7412 7388
7412 7210
7383 7443
7383 7203
7383 7187
7383 7285
7383 7190
7383 7333
7383 7205
7383 7376
7383 7341
7383 7303
7383 7184
7383 7198
7383 7314
7383 7437
7383 7270
7383 7197
7383 7463
7383 7274
7383 7240
7383 7280
7383 7359
7383 7386
7383 7294
7383 7224
7383 7377
7383 7433
7383 7327
7383 7226
7383 7397
7383 7392
7383 7455
7383 7261
7383 7229
7383 7334
7383 7417
7383 7254
7383 7394
7383 7236
7383 7297
7383 7357
7383 7351
7383 7315
7383 7267
7383 7291
7383 7322
7383 7323
7383 7250
7383 7252
7383 7385
7383 7308
7383 7442
7383 7464
7383 7248
7383 7210
7383 7200
7383 7219
7383 7393
7383 7263
7383 7396
7383 7435
7398 7255
7398 7190
7398 7383
7398 7186
7398 7205
7398 7410
7398 7287
7398 7371
7398 7450
7398 7403
7398 7389
7398 7386
7398 7294
7398 7377
7398 7188
7398 7258
7398 7365
7398 7454
7398 7397
7398 7215
7398 7261
7398 7334
7398 7206
7398 7284
7398 7297
7398 7320
7398 7185
7398 7354
7398 7351
7398 7295
7398 7267
7398 7296
7398 7409
7398 7363
7398 7323
7398 7252
7398 7225
7398 7385
7398 7414
7398 7245
7398 7273
7398 7367
7398 7286
7398 7393
7398 7391
7398 7263
7398 7415
7398 7374
7398 7317
7309 7381
7309 7318
7309 7333
7309 7465
7309 7227
7309 7230
7309 7197
7309 7419
7309 7380
7309 7280
7309 7325
7309 7305
7309 7246
7309 7222
7309 7208
7309 7282
7309 7454
7309 7375
7309 7238
7309 7231
7309 7261
7309 7236
7309 7217
7309 7320
7309 7283
7309 7295
7309 7427
7309 7298
7309 7363
7309 7344
7309 7201
7309 7348
7309 7353
7309 7225
7309 7445
7309 7253
7309 7464
7309 7300
7309 7347
7309 7457
7309 7393
7309 7191
7309 7369
7309 7401
7395 7426
7395 7424
7395 7293
7395 7381
7395 7412
7395 7364
7395 7333
7395 7184
7395 7288
7395 7287
7395 7197
7395 7456
7395 7387
7395 7419
7395 7362
7395 7188
7395 7226
7395 7215
7395 7330
7395 7290
7395 7261
7395 7206
7395 7236
7395 7217
7395 7320
7395 7299
7395 7427
7395 7421
7395 7298
7395 7344
7395 7348
7395 7250
7395 7308
7395 7349
7395 7347
7395 7367
7395 7191
7395 7396
7395 7232
7395 7401
7364 7424
7364 7465
7364 7230
7364 7460
7364 7387
7364 7222
7364 7268
7364 7247
7364 7334
7364 7417
7364 7315
7364 7295
7364 7299
7364 7421
7364 7363
7364 7250
7364 7225
7364 7451
7364 7210
7364 7396
7364 7346
7364 7435
7186 7244
7186 7190
7186 7364
7186 7223
7186 7205
7186 7341
7186 7251
7186 7371
7186 7432
7186 7403
7186 7387
7186 7281
7186 7362
7186 7359
7186 7213
7186 7214
7186 7258
7186 7220
7186 7356
7186 7375
7186 7407
7186 7320
7186 7411
7186 7299
7186 7259
7186 7267
7186 7409
7186 7423
7186 7189
7186 7385
7186 7329
7186 7221
7186 7439
7186 7451
7186 7210
7186 7440
7186 7346
7186 7311
7186 7202
7333 7318
7333 7373
7333 7303
7333 7332
7333 7437
7333 7456
7333 7389
7333 7419
7333 7280
7333 7377
7333 7214
7333 7208
7333 7192
7333 7397
7333 7375
7333 7195
7333 7283
7333 7357
7333 7354
7333 7315
7333 7384
7333 7276
7333 7259
7333 7194
7333 7291
7333 7355
7333 7275
7333 7353
7333 7252
7333 7445
7333 7464
7333 7300
7333 7451
7333 7458
7333 7457
7333 7273
7333 7286
7333 7440
7333 7352
7333 7346
7333 7422
7333 7199
7453 7426
7453 7424
7453 7381
7453 7190
7453 7395
7453 7223
7453 7288
7453 7230
7453 7287
7453 7456
7453 7419
7453 7362
7453 7222
7453 7416
7453 7220
7453 7226
7453 7356
7453 7342
7453 7334
7453 7206
7453 7417
7453 7236
7453 7320
7453 7421
7453 7344
7453 7323
7453 7385
7453 7445
7453 7289
7453 7464
7453 7262
7453 7440
7453 7369
7453 7422
7453 7202
7223 7426
7223 7443
7223 7244
7223 7255
7223 7383
7223 7205
7223 7209
7223 7249
7223 7341
7223 7303
7223 7465
7223 7269
7223 7314
7223 7331
7223 7371
7223 7452
7223 7345
7223 7389
7223 7306
7223 7214
7223 7192
7223 7430
7223 7272
7223 7238
7223 7455
7223 7334
7223 7254
7223 7335
7223 7351
7223 7315
7223 7276
7223 7250
7223 7385
7223 7329
7223 7431
7223 7439
7223 7464
7223 7379
7223 7248
7223 7260
7223 7457
7223 7286
7223 7263
7223 7396
7223 7346
7223 7310
7223 7422
7223 7311
7223 7199
7205 7453
7205 7184
7205 7188
7205 7436
7205 7337
7205 7361
7205 7322
7205 7429
7209 7424
7209 7244
7209 7196
7209 7304
7209 7371
7209 7325
7209 7399
7209 7213
7209 7428
7209 7425
7209 7407
7209 7211
7209 7335
7209 7404
7209 7275
7209 7286
7249 7381
7249 7277
7249 7318
7249 7186
7249 7333
7249 7184
7249 7227
7249 7288
7249 7389
7249 7279
7249 7240
7249 7419
7249 7294
7249 7377
7249 7305
7249 7188
7249 7340
7249 7233
7249 7337
7249 7433
7249 7282
7249 7215
7249 7321
7249 7407
7249 7290
7249 7247
7249 7195
7249 7261
7249 7284
7249 7217
7249 7315
7249 7402
7249 7322
7249 7355
7249 7298
7249 7363
7249 7344
7249 7323
7249 7252
7249 7329
7249 7390
7249 7253
7249 7347
7249 7239
7249 7260
7249 7210
7249 7457
7249 7367
7249 7286
7249 7393
7249 7440
7249 7401
7249 7310
7376 7424
7376 7255
7376 7383
7376 7205
7376 7303
7376 7184
7376 7336
7376 7287
7376 7371
7376 7452
7376 7234
7376 7197
7376 7403
7376 7359
7376 7294
7376 7213
7376 7430
7376 7425
7376 7324
7376 7226
7376 7343
7376 7407
7376 7266
7376 7413
7376 7283
7376 7357
7376 7315
7376 7276
7376 7409
7376 7423
7376 7189
7376 7252
7376 7225
7376 7329
7376 7289
7376 7458
7376 7273
7376 7440
7376 7317
7243 7285
7243 7193
7243 7453
7243 7184
7243 7302
7243 7403
7243 7274
7243 7416
7243 7436
7243 7337
7243 7247
7243 7207
7243 7236
7243 7357
7243 7354
7243 7402
7243 7322
7243 7421
7243 7200
7243 7262
7243 7429
7341 7293
7341 7187
7341 7395
7341 7186
7341 7437
7341 7274
7341 7192
7341 7337
7341 7375
7341 7236
7341 7427
7341 7344
7341 7286
7341 7435
7341 7422
7420 7426
7420 7293
7420 7223
7420 7184
7420 7227
7420 7288
7420 7216
7420 7345
7420 7456
7420 7274
7420 7208
7420 7436
7420 7321
7420 7441
7420 7361
7420 7411
7420 7315
7420 7402
7420 7194
7420 7421
7420 7323
7420 7250
7420 7329
7420 7289
7420 7200
7420 7367
7420 7339
7420 7429
7420 7435
7303 7203
7303 7244
7303 7255
7303 7304
7303 7376
7303 7341
7303 7410
7303 7465
7303 7408
7303 7314
7303 7332
7303 7371
7303 7437
7303 7301
7303 7403
7303 7387
7303 7359
7303 7326
7303 7294
7303 7305
7303 7306
7303 7213
7303 7282
7303 7358
7303 7392
7303 7290
7303 7195
7303 7417
7303 7413
7303 7315
7303 7384
7303 7299
7303 7409
7303 7355
7303 7275
7303 7189
7303 7329
7303 7431
7303 7308
7303 7390
7303 7442
7303 7439
7303 7370
7303 7260
7303 7457
7303 7273
7303 7440
7303 7232
7303 7435
7303 7422
7350 7443
7350 7424
7350 7318
7350 7190
7350 7373
7350 7395
7350 7453
7350 7376
7350 7419
7350 7380
7350 7256
7350 7340
7350 7416
7350 7278
7350 7282
7350 7406
7350 7226
7350 7321
7350 7238
7350 7290
7350 7236
7350 7354
7350 7402
7350 7427
7350 7421
7350 7363
7350 7344
7350 7445
7350 7308
7350 7253
7350 7300
7350 7239
7350 7260
7350 7200
7350 7393
7350 7262
7350 7396
7350 7448
7410 7244
7410 7255
7410 7277
7410 7318
7410 7193
7410 7205
7410 7341
7410 7302
7410 7251
7410 7371
7410 7387
7410 7281
7410 7325
7410 7359
7410 7305
7410 7428
7410 7340
7410 7233
7410 7425
7410 7327
7410 7330
7410 7238
7410 7342
7410 7455
7410 7334
7410 7207
7410 7297
7410 7335
7410 7299
7410 7423
7410 7363
7410 7404
7410 7275
7410 7221
7410 7431
7410 7390
7410 7434
7410 7458
7410 7260
7410 7210
7410 7393
7410 7440
7410 7374
7410 7444
7316 7203
7316 7381
7316 7244
7316 7255
7316 7187
7316 7277
7316 7304
7316 7383
7316 7309
7316 7465
7316 7184
7316 7408
7316 7336
7316 7345
7316 7463
7316 7274
7316 7359
7316 7294
7316 7377
7316 7246
7316 7418
7316 7258
7316 7233
7316 7365
7316 7324
7316 7226
7316 7397
7316 7247
7316 7411
7316 7357
7316 7335
7316 7354
7316 7384
7316 7409
7316 7275
7316 7431
7316 7349
7316 7442
7316 7434
7316 7289
7316 7458
7316 7248
7316 7257
7316 7260
7316 7210
7316 7457
7316 7273
7316 7286
7316 7219
7316 7396
7465 7443
7465 7244
7465 7277
7465 7304
7465 7318
7465 7303
7465 7408
7465 7332
7465 7432
7465 7301
7465 7403
7465 7463
7465 7281
7465 7325
7465 7359
7465 7294
7465 7224
7465 7213
7465 7428
7465 7340
7465 7327
7465 7407
7465 7342
7465 7334
7465 7417
7465 7254
7465 7335
7465 7351
7465 7384
7465 7299
7465 7259
7465 7409
7465 7363
7465 7404
7465 7189
7465 7390
7465 7253
7465 7442
7465 7289
7465 7248
7465 7260
7465 7440
7465 7422
7184 7187
7184 7186
7184 7453
7184 7251
7184 7450
7184 7301
7184 7216
7184 7270
7184 7197
7184 7188
7184 7222
7184 7416
7184 7272
7184 7321
7184 7441
7184 7361
7184 7236
7184 7446
7184 7283
7184 7267
7184 7427
7184 7323
7184 7445
7184 7300
7184 7260
7184 7429
7198 7293
7198 7196
7198 7304
7198 7318
7198 7223
7198 7341
7198 7288
7198 7302
7198 7437
7198 7197
7198 7456
7198 7279
7198 7274
7198 7380
7198 7325
7198 7188
7198 7278
7198 7337
7198 7433
7198 7321
7198 7247
7198 7394
7198 7236
7198 7284
7198 7446
7198 7411
7198 7402
7198 7427
7198 7296
7198 7265
7198 7322
7198 7344
7198 7308
7198 7300
7198 7239
7198 7210
7198 7457
7198 7393
7198 7232
7198 7339
7198 7429
7227 7190
7227 7205
7227 7465
7227 7371
7227 7447
7227 7432
7227 7197
7227 7403
7227 7362
7227 7280
7227 7340
7227 7436
7227 7233
7227 7272
7227 7375
7227 7342
7227 7247
7227 7229
7227 7417
7227 7185
7227 7411
7227 7335
7227 7354
7227 7315
7227 7295
7227 7299
7227 7267
7227 7291
7227 7225
7227 7388
7227 7300
7227 7458
7227 7257
7227 7286
7227 7393
7227 7435
7288 7381
7288 7255
7288 7196
7288 7304
7288 7303
7288 7408
7288 7371
7288 7437
7288 7447
7288 7294
7288 7305
7288 7246
7288 7213
7288 7428
7288 7327
7288 7455
7288 7206
7288 7284
7288 7459
7288 7335
7288 7259
7288 7267
7288 7423
7288 7363
7288 7323
7288 7189
7288 7225
7288 7434
7288 7289
7288 7370
7288 7458
7288 7260
7288 7210
7288 7457
7288 7440
7288 7346
7288 7204
7288 7435
7288 7199
7302 7381
7302 7395
7302 7341
7302 7184
7302 7331
7302 7432
7302 7419
7302 7188
7302 7214
7302 7192
7302 7220
7302 7375
7302 7247
7302 7261
7302 7283
7302 7411
7302 7335
7302 7267
7302 7189
7302 7385
7302 7221
7302 7388
7302 7300
7302 7367
7302 7262
7302 7346
7302 7422
7408 7196
7408 7304
7408 7285
7408 7190
7408 7383
7408 7186
7408 7223
7408 7376
7408 7316
7408 7184
7408 7437
7408 7450
7408 7447
7408 7216
7408 7274
7408 7280
7408 7325
7408 7386
7408 7340
7408 7258
7408 7208
7408 7337
7408 7282
7408 7324
7408 7226
7408 7343
7408 7290
7408 7455
7408 7247
7408 7261
7408 7334
7408 7217
7408 7283
7408 7185
7408 7411
7408 7354
7408 7315
7408 7427
7408 7322
7408 7355
7408 7201
7408 7250
7408 7252
7408 7385
7408 7414
7408 7442
7408 7248
7408 7210
7408 7286
7408 7219
7408 7393
7408 7262
7408 7263
7408 7204
7408 7429
7269 7443
7269 7371
7269 7301
7269 7279
7269 7325
7269 7399
7269 7305
7269 7292
7269 7418
7269 7340
7269 7425
7269 7330
7269 7343
7269 7407
7269 7266
7269 7195
7269 7334
7269 7211
7269 7357
7269 7423
7269 7275
7269 7225
7269 7221
7269 7308
7269 7434
7269 7260
7269 7210
7269 7273
7269 7286
7269 7219
7269 7346
7269 7271
7269 7310
7269 7199
7251 7293
7251 7187
7251 7285
7251 7395
7251 7186
7251 7453
7251 7227
7251 7447
7251 7301
7251 7270
7251 7197
7251 7456
7251 7222
7251 7233
7251 7321
7251 7284
7251 7446
7251 7320
7251 7267
7251 7427
7251 7445
7251 7300
7251 7347
7251 7273
7251 7367
7251 7219
7251 7191
7251 7339
7336 7341
7336 7465
7336 7184
7336 7230
7336 7450
7336 7301
7336 7345
7336 7463
7336 7456
7336 7240
7336 7419
7336 7380
7336 7280
7336 7294
7336 7218
7336 7306
7336 7214
7336 7416
7336 7454
7336 7215
7336 7272
7336 7334
7336 7417
7336 7217
7336 7283
7336 7185
7336 7315
7336 7295
7336 7194
7336 7409
7336 7355
7336 7323
7336 7348
7336 7353
7336 7252
7336 7445
7336 7329
7336 7300
7336 7451
7336 7257
7336 7210
7336 7367
7336 7286
7336 7262
7336 7440
7336 7191
7336 7396
7336 7204
7336 7444
7314 7196
7314 7227
7314 7408
7314 7332
7314 7331
7314 7240
7314 7325
7314 7306
7314 7307
7314 7208
7314 7233
7314 7433
7314 7215
7314 7290
7314 7195
7314 7417
7314 7394
7314 7236
7314 7411
7314 7459
7314 7295
7314 7409
7314 7363
7314 7201
7314 7275
7314 7252
7314 7253
7314 7349
7314 7260
7314 7219
7314 7393
7314 7440
7314 7204
7314 7199
7332 7255
7332 7304
7332 7309
7332 7251
7332 7230
7332 7447
7332 7403
7332 7281
7332 7325
7332 7213
7332 7214
7332 7340
7332 7327
7332 7220
7332 7397
7332 7215
7332 7272
7332 7315
7332 7363
7332 7221
7332 7289
7332 7370
7332 7458
7332 7286
7332 7396
7332 7346
7332 7435
7332 7422
7332 7311
7212 7196
7212 7190
7212 7398
7212 7309
7212 7341
7212 7465
7212 7332
7212 7371
7212 7419
7212 7362
7212 7380
7212 7282
7212 7324
7212 7266
7212 7195
7212 7261
7212 7206
7212 7217
7212 7283
7212 7357
7212 7354
7212 7315
7212 7299
7212 7409
7212 7322
7212 7323
7212 7353
7212 7445
7212 7329
7212 7253
7212 7451
7212 7367
7212 7440
7212 7263
7212 7422
7212 7199
7230 7293
7230 7437
7230 7416
7230 7192
7230 7337
7230 7261
7230 7334
7230 7379
7230 7200
7230 7339
7230 7374
7230 7429
7331 7293
7331 7395
7331 7186
7331 7453
7331 7205
7331 7184
7331 7447
7331 7403
7331 7274
7331 7218
7331 7222
7331 7214
7331 7436
7331 7342
7331 7247
7331 7361
7331 7283
7331 7315
7331 7427
7331 7445
7331 7289
7331 7451
7331 7339
7331 7435
7287 7424
7287 7304
7287 7465
7287 7345
7287 7419
7287 7359
7287 7378
7287 7233
7287 7215
7287 7272
7287 7375
7287 7247
7287 7417
7287 7295
7287 7299
7287 7259
7287 7322
7287 7421
7287 7363
7287 7323
7287 7250
7287 7275
7287 7225
7287 7445
7287 7379
7287 7396
7371 7304
7371 7318
7371 7398
7371 7205
7371 7209
7371 7303
7371 7251
7371 7314
7371 7230
7371 7345
7371 7389
7371 7387
7371 7359
7371 7378
7371 7292
7371 7258
7371 7436
7371 7365
7371 7327
7371 7372
7371 7392
7371 7266
7371 7455
7371 7206
7371 7417
7371 7413
7371 7351
7371 7384
7371 7265
7371 7404
7371 7221
7371 7349
7371 7379
7371 7458
7371 7346
7371 7374
7371 7422
7371 7311
7452 7443
7452 7424
7452 7381
7452 7196
7452 7190
7452 7309
7452 7341
7452 7465
7452 7227
7452 7288
7452 7251
7452 7230
7452 7447
7452 7281
7452 7362
7452 7325
7452 7218
7452 7306
7452 7213
7452 7340
7452 7278
7452 7436
7452 7327
7452 7454
7452 7272
7452 7392
7452 7375
7452 7266
7452 7455
7452 7195
7452 7206
7452 7417
7452 7394
7452 7284
7452 7411
7452 7459
7452 7354
7452 7351
7452 7315
7452 7384
7452 7295
7452 7299
7452 7259
7452 7265
7452 7291
7452 7322
7452 7344
7452 7201
7452 7250
7452 7404
7452 7275
7452 7253
7452 7257
7452 7210
7452 7367
7452 7440
7452 7396
7452 7232
7452 7369
7452 7401
7452 7204
7452 7435
7328 7453
7328 7205
7328 7465
7328 7230
7328 7246
7328 7436
7328 7413
7328 7322
7328 7344
7328 7323
7328 7329
7328 7289
7328 7451
7328 7262
7328 7461
7328 7448
7437 7190
7437 7364
7437 7223
7437 7465
7437 7331
7437 7371
7437 7197
7437 7345
7437 7325
7437 7356
7437 7215
7437 7375
7437 7407
7437 7206
7437 7236
7437 7335
7437 7267
7437 7322
7437 7379
7437 7451
7437 7286
7437 7262
7437 7396
7437 7422
7437 7202
7450 7364
7450 7249
7450 7336
7450 7331
7450 7287
7450 7234
7450 7399
7450 7224
7450 7378
7450 7214
7450 7418
7450 7436
7450 7430
7450 7365
7450 7220
7450 7358
7450 7238
7450 7334
7450 7360
7450 7211
7450 7254
7450 7413
7450 7351
7450 7221
7450 7464
7450 7245
7450 7379
7450 7458
7450 7248
7450 7396
7450 7271
7450 7461
7450 7374
7450 7202
7450 7317
7450 7444
7447 7424
7447 7196
7447 7190
7447 7341
7447 7301
7447 7345
7447 7387
7447 7281
7447 7213
7447 7428
7447 7208
7447 7215
7447 7334
7447 7206
7447 7417
7447 7217
7447 7335
7447 7351
7447 7384
7447 7259
7447 7409
7447 7404
7447 7189
7447 7225
7447 7390
7447 7457
7447 7396
7447 7422
7432 7443
7432 7203
7432 7196
7432 7318
7432 7309
7432 7376
7432 7410
7432 7316
7432 7251
7432 7314
7432 7331
7432 7234
7432 7345
7432 7359
7432 7213
7432 7214
7432 7340
7432 7462
7432 7365
7432 7327
7432 7372
7432 7392
7432 7266
7432 7342
7432 7290
7432 7394
7432 7413
7432 7411
7432 7259
7432 7275
7432 7221
7432 7308
7432 7349
7432 7210
7432 7346
7432 7310
7432 7374
7432 7422
7432 7311
7432 7199
7460 7381
7460 7184
7460 7288
7460 7301
7460 7197
7460 7274
7460 7419
7460 7416
7460 7226
7460 7330
7460 7375
7460 7236
7460 7283
7460 7354
7460 7299
7460 7322
7460 7421
7460 7323
7460 7250
7460 7329
7460 7393
7460 7369
7301 7426
7301 7203
7301 7255
7301 7196
7301 7302
7301 7251
7301 7332
7301 7287
7301 7371
7301 7197
7301 7456
7301 7240
7301 7362
7301 7380
7301 7280
7301 7305
7301 7306
7301 7213
7301 7208
7301 7192
7301 7433
7301 7327
7301 7406
7301 7454
7301 7372
7301 7397
7301 7356
7301 7407
7301 7290
7301 7195
7301 7417
7301 7217
7301 7185
7301 7459
7301 7357
7301 7384
7301 7259
7301 7265
7301 7409
7301 7363
7301 7250
7301 7404
7301 7431
7301 7308
7301 7434
7301 7257
7301 7367
7301 7346
7301 7204
7301 7310
7301 7199
7234 7443
7234 7424
7234 7244
7234 7304
7234 7309
7234 7316
7234 7371
7234 7325
7234 7359
7234 7326
7234 7294
7234 7399
7234 7224
7234 7292
7234 7213
7234 7428
7234 7340
7234 7462
7234 7278
7234 7425
7234 7327
7234 7392
7234 7319
7234 7407
7234 7334
7234 7206
7234 7360
7234 7394
7234 7357
7234 7409
7234 7363
7234 7404
7234 7189
7234 7308
7234 7390
7234 7439
7234 7347
7234 7458
7234 7260
7234 7210
7234 7286
7234 7461
7234 7435
7234 7312
7234 7422
7216 7426
7216 7443
7216 7424
7216 7293
7216 7187
7216 7285
7216 7364
7216 7223
7216 7209
7216 7465
7216 7288
7216 7302
7216 7269
7216 7336
7216 7212
7216 7287
7216 7301
7216 7281
7216 7325
7216 7224
7216 7377
7216 7305
7216 7378
7216 7307
7216 7340
7216 7416
7216 7282
7216 7327
7216 7397
7216 7356
7216 7215
7216 7272
7216 7407
7216 7342
7216 7455
7216 7217
7216 7459
7216 7335
7216 7384
7216 7423
7216 7421
7216 7363
7216 7344
7216 7250
7216 7404
7216 7388
7216 7253
7216 7442
7216 7289
7216 7464
7216 7239
7216 7393
7216 7262
7216 7440
7216 7396
7216 7422
7216 7311
7216 7202
7270 7293
7270 7190
7270 7205
7270 7341
7270 7465
7270 7184
7270 7437
7270 7447
7270 7301
7270 7197
7270 7403
7270 7456
7270 7419
7270 7280
7270 7213
7270 7416
7270 7436
7270 7233
7270 7226
7270 7215
7270 7330
7270 7247
7270 7261
7270 7334
7270 7417
7270 7283
7270 7299
7270 7291
7270 7322
7270 7363
7270 7344
7270 7329
7270 7388
7270 7349
7270 7370
7270 7393
7270 7262
7270 7396
7197 7381
7197 7255
7197 7196
7197 7304
7197 7318
7197 7341
7197 7371
7197 7437
7197 7301
7197 7403
7197 7419
7197 7305
7197 7428
7197 7433
7197 7220
7197 7372
7197 7238
7197 7342
7197 7290
7197 7195
7197 7206
7197 7360
7197 7211
7197 7284
7197 7217
7197 7320
7197 7411
7197 7459
7197 7357
7197 7259
7197 7267
7197 7344
7197 7323
7197 7250
7197 7225
7197 7442
7197 7434
7197 7439
7197 7458
7197 7260
7197 7457
7197 7440
7197 7346
7197 7369
7197 7204
7197 7435
7197 7199
7403 7196
7403 7213
7403 7208
7403 7220
7403 7206
7403 7417
7403 7211
7403 7207
7403 7335
7403 7259
7403 7409
7403 7404
7403 7189
7403 7225
7403 7390
7403 7379
7403 7457
7403 7440
7345 7443
7345 7277
7345 7235
7345 7383
7345 7364
7345 7376
7345 7332
7345 7331
7345 7287
7345 7371
7345 7432
7345 7463
7345 7387
7345 7281
7345 7359
7345 7399
7345 7224
7345 7340
7345 7258
7345 7462
7345 7425
7345 7220
7345 7372
7345 7330
7345 7400
7345 7238
7345 7455
7345 7334
7345 7207
7345 7276
7345 7423
7345 7275
7345 7431
7345 7379
7345 7248
7345 7286
7345 7310
7345 7374
7345 7422
7463 7424
7463 7293
7463 7244
7463 7412
7463 7249
7463 7465
7463 7227
7463 7314
7463 7197
7463 7389
7463 7274
7463 7188
7463 7433
7463 7327
7463 7324
7463 7226
7463 7330
7463 7392
7463 7417
7463 7411
7463 7295
7463 7275
7463 7353
7463 7225
7463 7370
7463 7257
7463 7367
7463 7242
7456 7381
7456 7395
7456 7249
7456 7216
7456 7340
7456 7258
7456 7225
7389 7333
7389 7223
7389 7341
7389 7465
7389 7184
7389 7227
7389 7437
7389 7270
7389 7456
7389 7240
7389 7326
7389 7292
7389 7278
7389 7436
7389 7337
7389 7231
7389 7342
7389 7290
7389 7455
7389 7247
7389 7261
7389 7417
7389 7254
7389 7284
7389 7446
7389 7354
7389 7384
7389 7299
7389 7298
7389 7201
7389 7445
7389 7368
7389 7191
7389 7339
7389 7401
7389 7310
7389 7461
7279 7426
7279 7381
7279 7395
7279 7341
7279 7465
7279 7437
7279 7432
7279 7301
7279 7197
7279 7403
7279 7274
7279 7419
7279 7362
7279 7222
7279 7226
7279 7397
7279 7215
7279 7330
7279 7375
7279 7247
7279 7354
7279 7315
7279 7259
7279 7344
7279 7323
7279 7275
7279 7225
7279 7349
7279 7464
7279 7257
7279 7367
7279 7393
7279 7263
7279 7369
7279 7435
7387 7426
7387 7255
7387 7438
7387 7373
7387 7383
7387 7398
7387 7333
7387 7341
7387 7316
7387 7465
7387 7332
7387 7287
7387 7371
7387 7452
7387 7437
7387 7447
7387 7432
7387 7301
7387 7345
7387 7294
7387 7224
7387 7377
7387 7306
7387 7307
7387 7188
7387 7214
7387 7418
7387 7192
7387 7433
7387 7454
7387 7272
7387 7330
7387 7400
7387 7407
7387 7266
7387 7455
7387 7394
7387 7459
7387 7357
7387 7315
7387 7265
7387 7409
7387 7323
7387 7390
7387 7349
7387 7434
7387 7451
7387 7286
7387 7396
7387 7352
7387 7435
7387 7312
7387 7422
7387 7317
7281 7293
7281 7381
7281 7187
7281 7190
7281 7453
7281 7288
7281 7437
7281 7197
7281 7387
7281 7419
7281 7377
7281 7246
7281 7306
7281 7222
7281 7208
7281 7416
7281 7192
7281 7220
7281 7324
7281 7226
7281 7272
7281 7330
7281 7236
7281 7446
7281 7185
7281 7298
7281 7344
7281 7348
7281 7225
7281 7329
7281 7221
7281 7431
7281 7388
7281 7349
7281 7300
7281 7257
7281 7210
7281 7273
7281 7367
7281 7393
7281 7429
7281 7312
7281 7199
7274 7381
7274 7216
7274 7325
7274 7359
7274 7340
7274 7344
7274 7275
7274 7210
7274 7440
7240 7293
7240 7244
7240 7187
7240 7190
7240 7341
7240 7184
7240 7432
7240 7301
7240 7340
7240 7258
7240 7226
7240 7272
7240 7330
7240 7375
7240 7247
7240 7261
7240 7354
7240 7295
7240 7267
7240 7427
7240 7363
7240 7344
7240 7323
7240 7275
7240 7225
7240 7385
7240 7388
7240 7379
7240 7257
7240 7210
7240 7396
7240 7374
7240 7435
7240 7311
7419 7443
7419 7203
7419 7196
7419 7398
7419 7209
7419 7249
7419 7410
7419 7316
7419 7465
7419 7198
7419 7251
7419 7314
7419 7332
7419 7371
7419 7452
7419 7447
7419 7234
7419 7216
7419 7345
7419 7389
7419 7281
7419 7359
7419 7294
7419 7224
7419 7188
7419 7418
7419 7192
7419 7436
7419 7327
7419 7220
7419 7454
7419 7358
7419 7226
7419 7343
7419 7400
7419 7342
7419 7455
7419 7334
7419 7206
7419 7417
7419 7254
7419 7236
7419 7284
7419 7413
7419 7315
7419 7299
7419 7298
7419 7250
7419 7252
7419 7308
7419 7289
7419 7370
7419 7457
7419 7286
7419 7393
7419 7352
7419 7346
7419 7401
7419 7204
7419 7374
7419 7312
7419 7422
7419 7311
7362 7373
7362 7193
7362 7383
7362 7364
7362 7333
7362 7209
7362 7249
7362 7376
7362 7410
7362 7316
7362 7408
7362 7269
7362 7251
7362 7230
7362 7331
7362 7432
7362 7345
7362 7281
7362 7224
7362 7305
7362 7258
7362 7462
7362 7436
7362 7365
7362 7425
7362 7220
7362 7343
7362 7400
7362 7334
7362 7417
7362 7360
7362 7254
7362 7315
7362 7295
7362 7276
7362 7298
7362 7250
7362 7189
7362 7329
7362 7431
7362 7388
7362 7464
7362 7347
7362 7248
7362 7260
7362 7286
7362 7396
7362 7352
7362 7415
7362 7401
7362 7374
7362 7422
7362 7199
7380 7426
7380 7424
7380 7381
7380 7398
7380 7333
7380 7341
7380 7465
7380 7184
7380 7314
7380 7452
7380 7389
7380 7281
7380 7274
7380 7362
7380 7325
7380 7294
7380 7224
7380 7340
7380 7258
7380 7278
7380 7365
7380 7226
7380 7356
7380 7215
7380 7272
7380 7266
7380 7247
7380 7211
7380 7394
7380 7283
7380 7185
7380 7459
7380 7357
7380 7354
7380 7295
7380 7267
7380 7409
7380 7322
7380 7308
7380 7300
7380 7370
7380 7458
7380 7286
7380 7396
7380 7232
7380 7369
7380 7401
7380 7435
7280 7424
7280 7304
7280 7301
7280 7345
7280 7359
7280 7340
7280 7233
7280 7272
7280 7330
7280 7417
7280 7344
7280 7275
7280 7379
7280 7210
7280 7286
7280 7422
7325 7203
7325 7373
7325 7209
7325 7410
7325 7336
7325 7314
7325 7332
7325 7452
7325 7447
7325 7432
7325 7301
7325 7234
7325 7403
7325 7307
7325 7233
7325 7365
7325 7372
7325 7266
7325 7334
7325 7297
7325 7335
7325 7315
7325 7276
7325 7267
7325 7289
7325 7379
7325 7451
7325 7248
7325 7260
7325 7396
7325 7352
7325 7374
7325 7312
7325 7317
7325 7199
7359 7443
7359 7424
7359 7293
7359 7196
7359 7277
7359 7304
7359 7285
7359 7190
7359 7398
7359 7309
7359 7395
7359 7186
7359 7303
7359 7227
7359 7408
7359 7216
7359 7270
7359 7463
7359 7279
7359 7387
7359 7274
7359 7240
7359 7280
7359 7305
7359 7306
7359 7418
7359 7340
7359 7258
7359 7337
7359 7282
7359 7324
7359 7226
7359 7397
7359 7231
7359 7290
7359 7455
7359 7195
7359 7417
7359 7236
7359 7185
7359 7411
7359 7354
7359 7299
7359 7427
7359 7291
7359 7322
7359 7355
7359 7421
7359 7323
7359 7353
7359 7225
7359 7385
7359 7329
7359 7442
7359 7434
7359 7300
7359 7370
7359 7458
7359 7257
7359 7260
7359 7457
7359 7273
7359 7367
7359 7219
7359 7191
7359 7263
7359 7232
7359 7369
7359 7401
7326 7443
7326 7381
7326 7187
7326 7304
7326 7395
7326 7453
7326 7223
7326 7243
7326 7230
7326 7450
7326 7270
7326 7274
7326 7362
7326 7380
7326 7280
7326 7325
7326 7256
7326 7305
7326 7306
7326 7327
7326 7215
7326 7195
7326 7334
7326 7264
7326 7236
7326 7284
7326 7446
7326 7320
7326 7299
7326 7201
7326 7275
7326 7329
7326 7221
7326 7248
7326 7457
7326 7393
7326 7191
7326 7369
7386 7244
7386 7412
7386 7383
7386 7186
7386 7223
7386 7450
7386 7216
7386 7389
7386 7387
7386 7274
7386 7280
7386 7325
7386 7359
7386 7340
7386 7208
7386 7282
7386 7215
7386 7343
7386 7455
7386 7247
7386 7195
7386 7261
7386 7334
7386 7417
7386 7284
7386 7320
7386 7411
7386 7427
7386 7291
7386 7201
7386 7250
7386 7275
7386 7385
7386 7414
7386 7308
7386 7442
7386 7434
7386 7289
7386 7458
7386 7210
7386 7457
7386 7367
7386 7219
7386 7396
7386 7415
7386 7422
7256 7304
7256 7318
7256 7438
7256 7398
7256 7309
7256 7376
7256 7303
7256 7410
7256 7316
7256 7302
7256 7251
7256 7336
7256 7314
7256 7371
7256 7452
7256 7447
7256 7234
7256 7345
7256 7279
7256 7387
7256 7240
7256 7362
7256 7325
7256 7359
7256 7294
7256 7399
7256 7378
7256 7214
7256 7428
7256 7282
7256 7324
7256 7372
7256 7397
7256 7356
7256 7319
7256 7400
7256 7247
7256 7229
7256 7211
7256 7254
7256 7413
7256 7354
7256 7382
7256 7259
7256 7355
7256 7323
7256 7404
7256 7275
7256 7353
7256 7189
7256 7225
7256 7439
7256 7370
7256 7210
7256 7286
7256 7440
7256 7232
7256 7422
7256 7311
7294 7304
7294 7251
7294 7230
7294 7447
7294 7387
7294 7280
7294 7359
7294 7213
7294 7340
7294 7436
7294 7365
7294 7207
7294 7411
7294 7315
7294 7291
7294 7404
7294 7221
7294 7210
7294 7286
7294 7396
7294 7346
7294 7311
7399 7293
7399 7187
7399 7277
7399 7285
7399 7395
7399 7453
7399 7288
7399 7251
7399 7450
7399 7270
7399 7403
7399 7345
7399 7222
7399 7416
7399 7436
7399 7337
7399 7226
7399 7330
7399 7261
7399 7236
7399 7283
7399 7354
7399 7427
7399 7323
7399 7201
7399 7385
7399 7300
7399 7347
7399 7273
7399 7200
7399 7262
7399 7191
7399 7204
7399 7429
7399 7311
7224 7426
7224 7424
7224 7318
7224 7190
7224 7184
7224 7288
7224 7450
7224 7301
7224 7270
7224 7197
7224 7274
7224 7362
7224 7380
7224 7280
7224 7325
7224 7188
7224 7208
7224 7192
7224 7278
7224 7337
7224 7433
7224 7282
7224 7454
7224 7321
7224 7231
7224 7247
7224 7217
7224 7320
7224 7283
7224 7295
7224 7291
7224 7421
7224 7344
7224 7201
7224 7348
7224 7353
7224 7253
7224 7200
7224 7191
7224 7263
7224 7396
7377 7381
7377 7187
7377 7190
7377 7223
7377 7341
7377 7465
7377 7251
7377 7437
7377 7234
7377 7279
7377 7274
7377 7218
7377 7213
7377 7208
7377 7365
7377 7425
7377 7375
7377 7290
7377 7206
7377 7211
7377 7411
7377 7459
7377 7354
7377 7382
7377 7259
7377 7267
7377 7194
7377 7265
7377 7291
7377 7409
7377 7344
7377 7201
7377 7404
7377 7189
7377 7390
7377 7253
7377 7464
7377 7300
7377 7457
7377 7367
7377 7346
7377 7369
7377 7401
7377 7448
7377 7311
7305 7443
7305 7424
7305 7277
7305 7364
7305 7303
7305 7410
7305 7465
7305 7184
7305 7198
7305 7332
7305 7212
7305 7331
7305 7432
7305 7386
7305 7213
7305 7258
7305 7462
7305 7436
7305 7430
7305 7425
7305 7327
7305 7220
7305 7358
7305 7372
7305 7356
7305 7343
7305 7449
7305 7342
7305 7229
7305 7394
7305 7297
7305 7315
7305 7382
7305 7259
7305 7267
7305 7265
7305 7423
7305 7404
7305 7189
7305 7329
7305 7414
7305 7221
7305 7388
7305 7439
7305 7245
7305 7451
7305 7273
7305 7391
7305 7313
7305 7396
7305 7415
7305 7346
7305 7461
7305 7422
7305 7311
7305 7202
7305 7317
7305 7444
7246 7304
7246 7412
7246 7333
7246 7453
7246 7341
7246 7198
7246 7302
7246 7216
7246 7456
7246 7279
7246 7386
7246 7208
7246 7278
7246 7324
7246 7392
7246 7343
7246 7290
7246 7338
7246 7261
7246 7229
7246 7394
7246 7284
7246 7217
7246 7283
7246 7411
7246 7357
7246 7427
7246 7296
7246 7265
7246 7355
7246 7323
7246 7353
7246 7414
7246 7442
7246 7245
7246 7379
7246 7300
7246 7458
7246 7210
7246 7457
7246 7200
7246 7219
7246 7391
7246 7313
7246 7263
7246 7232
7246 7401
7218 7304
7218 7249
7218 7371
7218 7432
7218 7281
7218 7335
7218 7440
7218 7422
7378 7285
7378 7190
7378 7453
7378 7227
7378 7251
7378 7197
7378 7456
7378 7362
7378 7280
7378 7246
7378 7361
7378 7394
7378 7185
7378 7427
7378 7194
7378 7409
7378 7298
7378 7250
7378 7445
7378 7390
7378 7434
7378 7239
7378 7273
7378 7200
7378 7367
7378 7346
7378 7204
7378 7310
7378 7199
7306 7381
7306 7190
7306 7309
7306 7465
7306 7184
7306 7198
7306 7302
7306 7230
7306 7301
7306 7234
7306 7197
7306 7325
7306 7377
7306 7282
7306 7327
7306 7324
7306 7226
7306 7356
7306 7215
7306 7272
7306 7342
7306 7290
7306 7229
7306 7206
7306 7236
7306 7185
7306 7411
7306 7354
7306 7409
7306 7423
7306 7355
7306 7201
7306 7250
7306 7252
7306 7385
7306 7349
7306 7434
7306 7379
7306 7300
7306 7370
7306 7286
7306 7393
7306 7401
7306 7374
7292 7304
7292 7318
7292 7438
7292 7190
7292 7309
7292 7333
7292 7243
7292 7408
7292 7251
7292 7437
7292 7450
7292 7279
7292 7362
7292 7305
7292 7306
7292 7340
7292 7433
7292 7226
7292 7392
7292 7266
7292 7342
7292 7195
7292 7334
7292 7417
7292 7211
7292 7284
7292 7217
7292 7185
7292 7357
7292 7351
7292 7299
7292 7404
7292 7252
7292 7225
7292 7390
7292 7349
7292 7347
7292 7370
7292 7257
7292 7219
7292 7396
7292 7422
7307 7381
7307 7244
7307 7277
7307 7304
7307 7190
7307 7412
7307 7364
7307 7205
7307 7209
7307 7465
7307 7184
7307 7408
7307 7269
7307 7314
7307 7197
7307 7387
7307 7274
7307 7359
7307 7305
7307 7246
7307 7306
7307 7418
7307 7233
7307 7430
7307 7433
7307 7327
7307 7324
7307 7226
7307 7397
7307 7215
7307 7272
7307 7342
7307 7334
7307 7206
7307 7217
7307 7283
7307 7357
7307 7384
7307 7276
7307 7259
7307 7267
7307 7423
7307 7431
7307 7434
7307 7289
7307 7210
7307 7273
7307 7367
7307 7286
7307 7232
7307 7374
7307 7435
7188 7196
7188 7285
7188 7309
7188 7186
7188 7227
7188 7288
7188 7251
7188 7336
7188 7279
7188 7274
7188 7362
7188 7380
7188 7280
7188 7294
7188 7377
7188 7246
7188 7306
7188 7213
7188 7340
7188 7278
7188 7406
7188 7220
7188 7407
7188 7290
7188 7315
7188 7427
7188 7194
7188 7323
7188 7390
7188 7253
7188 7439
7188 7239
7188 7200
7188 7393
7188 7262
7188 7191
7188 7232
7188 7204
7188 7199
7222 7304
7222 7215
7222 7210
7222 7422
7213 7424
7213 7255
7213 7438
7213 7190
7213 7309
7213 7332
7213 7331
7213 7437
7213 7345
7213 7279
7213 7325
7213 7224
7213 7305
7213 7340
7213 7208
7213 7278
7213 7454
7213 7397
7213 7215
7213 7272
7213 7392
7213 7407
7213 7290
7213 7455
7213 7195
7213 7360
7213 7217
7213 7384
7213 7295
7213 7409
7213 7363
7213 7225
7213 7308
7213 7390
7213 7349
7213 7289
7213 7210
7213 7263
7213 7396
7213 7232
7213 7311
7214 7187
7214 7412
7214 7453
7214 7301
7214 7270
7214 7345
7214 7456
7214 7272
7214 7330
7214 7441
7214 7261
7214 7236
7214 7354
7214 7267
7214 7427
7214 7289
7214 7347
7214 7273
7214 7200
7214 7339
7214 7401
7214 7435
7428 7426
7428 7190
7428 7186
7428 7333
7428 7223
7428 7205
7428 7227
7428 7302
7428 7345
7428 7362
7428 7306
7428 7340
7428 7208
7428 7192
7428 7337
7428 7433
7428 7327
7428 7272
7428 7321
7428 7375
7428 7247
7428 7195
7428 7261
7428 7206
7428 7446
7428 7283
7428 7459
7428 7357
7428 7267
7428 7265
7428 7409
7428 7421
7428 7201
7428 7252
7428 7253
7428 7289
7428 7260
7428 7191
7428 7263
7428 7369
7428 7435
7418 7424
7418 7453
7418 7223
7418 7376
7418 7227
7418 7332
7418 7437
7418 7450
7418 7216
7418 7345
7418 7456
7418 7218
7418 7222
7418 7436
7418 7406
7418 7454
7418 7215
7418 7272
7418 7321
7418 7231
7418 7342
7418 7261
7418 7361
7418 7427
7418 7194
7418 7363
7418 7344
7418 7445
7418 7390
7418 7300
7418 7239
7418 7367
7418 7219
7418 7393
7418 7262
7418 7368
7418 7191
7418 7346
7418 7339
7418 7448
7340 7203
7340 7438
7340 7373
7340 7249
7340 7376
7340 7303
7340 7410
7340 7316
7340 7302
7340 7437
7340 7301
7340 7234
7340 7197
7340 7463
7340 7294
7340 7224
7340 7462
7340 7365
7340 7358
7340 7330
7340 7392
7340 7319
7340 7343
7340 7407
7340 7238
7340 7334
7340 7413
7340 7409
7340 7329
7340 7221
7340 7308
7340 7442
7340 7434
7340 7286
7340 7271
7340 7374
7340 7311
7258 7203
7258 7438
7258 7383
7258 7398
7258 7205
7258 7209
7258 7341
7258 7303
7258 7410
7258 7316
7258 7314
7258 7332
7258 7212
7258 7371
7258 7437
7258 7447
7258 7301
7258 7403
7258 7389
7258 7279
7258 7359
7258 7294
7258 7305
7258 7307
7258 7462
7258 7208
7258 7436
7258 7233
7258 7365
7258 7220
7258 7358
7258 7372
7258 7272
7258 7330
7258 7319
7258 7400
7258 7407
7258 7238
7258 7266
7258 7342
7258 7394
7258 7357
7258 7315
7258 7267
7258 7423
7258 7329
7258 7289
7258 7379
7258 7370
7258 7286
7258 7440
7258 7396
7258 7352
7258 7415
7258 7271
7258 7311
7462 7196
7462 7190
7462 7309
7462 7184
7462 7288
7462 7302
7462 7408
7462 7301
7462 7197
7462 7463
7462 7274
7462 7359
7462 7246
7462 7188
7462 7258
7462 7233
7462 7433
7462 7327
7462 7454
7462 7324
7462 7397
7462 7319
7462 7247
7462 7195
7462 7334
7462 7236
7462 7283
7462 7411
7462 7354
7462 7267
7462 7344
7462 7201
7462 7275
7462 7329
7462 7308
7462 7253
7462 7349
7462 7442
7462 7434
7462 7347
7462 7458
7462 7248
7462 7210
7462 7457
7462 7273
7462 7367
7462 7232
7462 7204
7462 7422
7268 7244
7268 7304
7268 7465
7268 7251
7268 7447
7268 7460
7268 7214
7268 7215
7268 7272
7268 7417
7268 7267
7268 7404
7268 7275
7268 7225
7268 7289
7268 7451
7268 7393
7268 7396
7268 7435
7268 7422
7208 7196
7208 7187
7208 7285
7208 7395
7208 7223
7208 7341
7208 7197
7208 7356
7208 7231
7208 7417
7208 7384
7208 7194
7208 7239
7208 7458
7208 7457
7208 7286
7208 7262
7208 7448
7416 7244
7416 7371
7416 7281
7416 7340
7416 7351
7416 7275
7416 7393
7416 7422
7192 7190
7192 7341
7192 7251
7192 7371
7192 7419
7192 7362
7192 7325
7192 7326
7192 7188
7192 7213
7192 7365
7192 7375
7192 7247
7192 7413
7192 7320
7192 7411
7192 7335
7192 7259
7192 7409
7192 7189
7192 7225
7192 7329
7192 7221
7192 7464
7192 7300
7192 7451
7192 7286
7192 7346
7192 7422
7192 7311
7192 7202
7278 7318
7278 7398
7278 7465
7278 7302
7278 7371
7278 7345
7278 7279
7278 7380
7278 7280
7278 7218
7278 7340
7278 7192
7278 7282
7278 7327
7278 7220
7278 7324
7278 7397
7278 7375
7278 7407
7278 7266
7278 7342
7278 7247
7278 7195
7278 7261
7278 7206
7278 7217
7278 7357
7278 7354
7278 7315
7278 7384
7278 7276
7278 7409
7278 7322
7278 7355
7278 7344
7278 7323
7278 7252
7278 7329
7278 7300
7278 7451
7278 7458
7278 7260
7278 7457
7278 7200
7278 7286
7278 7435
7436 7424
7436 7371
7436 7301
7436 7345
7436 7387
7436 7399
7436 7213
7436 7208
7436 7220
7436 7215
7436 7330
7436 7195
7436 7206
7436 7207
7436 7335
7436 7299
7436 7259
7436 7409
7436 7363
7436 7275
7436 7439
7436 7248
7436 7457
7436 7393
7436 7440
7436 7311
7233 7412
7233 7333
7233 7227
7233 7302
7233 7437
7233 7240
7233 7380
7233 7294
7233 7214
7233 7208
7233 7278
7233 7321
7233 7231
7233 7290
7233 7455
7233 7284
7233 7357
7233 7265
7233 7409
7233 7423
7233 7201
7233 7404
7233 7189
7233 7252
7233 7308
7233 7439
7233 7451
7233 7260
7233 7191
7233 7401
7430 7443
7430 7424
7430 7244
7430 7277
7430 7304
7430 7341
7430 7303
7430 7316
7430 7331
7430 7371
7430 7432
7430 7463
7430 7281
7430 7294
7430 7399
7430 7214
7430 7428
7430 7208
7430 7372
7430 7215
7430 7272
7430 7392
7430 7343
7430 7407
7430 7238
7430 7290
7430 7206
7430 7264
7430 7394
7430 7185
7430 7295
7430 7299
7430 7259
7430 7265
7430 7409
7430 7423
7430 7404
7430 7275
7430 7431
7430 7390
7430 7442
7430 7434
7430 7439
7430 7347
7430 7370
7430 7458
7430 7248
7430 7257
7430 7260
7430 7286
7430 7440
7430 7415
7430 7374
7430 7312
7430 7199
7365 7443
7365 7381
7365 7255
7365 7187
7365 7318
7365 7190
7365 7193
7365 7412
7365 7309
7365 7333
7365 7376
7365 7243
7365 7302
7365 7408
7365 7437
7365 7450
7365 7345
7365 7274
7365 7240
7365 7280
7365 7306
7365 7462
7365 7278
7365 7400
7365 7407
7365 7266
7365 7342
7365 7290
7365 7455
7365 7261
7365 7334
7365 7206
7365 7417
7365 7394
7365 7217
7365 7354
7365 7351
7365 7384
7365 7295
7365 7299
7365 7265
7365 7308
7365 7253
7365 7349
7365 7370
7365 7248
7365 7257
7365 7210
7365 7219
7365 7263
7365 7396
7365 7352
7365 7232
7365 7435
7337 7304
7337 7193
7337 7364
7337 7205
7337 7249
7337 7447
7337 7301
7337 7387
7337 7281
7337 7325
7337 7359
7337 7258
7337 7416
7337 7233
7337 7365
7337 7220
7337 7330
7337 7375
7337 7411
7337 7354
7337 7423
7337 7344
7337 7275
7337 7189
7337 7385
7337 7329
7337 7221
7337 7388
7337 7289
7337 7464
7337 7379
7337 7451
7337 7210
7337 7435
7337 7311
7337 7202
7433 7426
7433 7293
7433 7381
7433 7285
7433 7412
7433 7395
7433 7453
7433 7184
7433 7288
7433 7408
7433 7332
7433 7450
7433 7301
7433 7197
7433 7274
7433 7240
7433 7256
7433 7294
7433 7305
7433 7218
7433 7306
7433 7222
7433 7213
7433 7192
7433 7233
7433 7282
7433 7215
7433 7272
7433 7231
7433 7266
7433 7361
7433 7284
7433 7320
7433 7295
7433 7299
7433 7194
7433 7201
7433 7348
7433 7329
7433 7431
7433 7253
7433 7239
7433 7257
7433 7286
7433 7393
7433 7368
7433 7263
7433 7396
7433 7339
7433 7369
7433 7204
7433 7312
7433 7422
7282 7381
7282 7255
7282 7318
7282 7438
7282 7376
7282 7243
7282 7316
7282 7251
7282 7371
7282 7432
7282 7197
7282 7387
7282 7281
7282 7325
7282 7294
7282 7305
7282 7428
7282 7340
7282 7436
7282 7327
7282 7454
7282 7319
7282 7266
7282 7206
7282 7254
7282 7394
7282 7284
7282 7185
7282 7357
7282 7335
7282 7382
7282 7259
7282 7267
7282 7409
7282 7322
7282 7363
7282 7404
7282 7275
7282 7225
7282 7442
7282 7439
7282 7245
7282 7347
7282 7458
7282 7248
7282 7260
7282 7440
7282 7396
7282 7401
7282 7310
7282 7199
7425 7443
7425 7244
7425 7255
7425 7196
7425 7304
7425 7318
7425 7190
7425 7309
7425 7303
7425 7336
7425 7212
7425 7331
7425 7463
7425 7240
7425 7419
7425 7362
7425 7359
7425 7294
7425 7306
7425 7278
7425 7436
7425 7454
7425 7397
7425 7375
7425 7342
7425 7290
7425 7455
7425 7394
7425 7185
7425 7411
7425 7459
7425 7351
7425 7384
7425 7299
7425 7409
7425 7421
7425 7363
7425 7250
7425 7275
7425 7252
7425 7390
7425 7442
7425 7210
7425 7219
7425 7393
7425 7440
7425 7191
7425 7369
7425 7310
7425 7422
7327 7424
7327 7285
7327 7333
7327 7223
7327 7450
7327 7387
7327 7274
7327 7419
7327 7325
7327 7256
7327 7305
7327 7218
7327 7418
7327 7192
7327 7337
7327 7433
7327 7406
7327 7226
7327 7342
7327 7361
7327 7354
7327 7427
7327 7421
7327 7363
7327 7253
7327 7200
7327 7367
7327 7219
7327 7368
7327 7396
7327 7401
7327 7429
7406 7381
7406 7193
7406 7205
7406 7331
7406 7371
7406 7403
7406 7419
7406 7188
7406 7258
7406 7220
7406 7356
7406 7330
7406 7206
7406 7283
7406 7411
7406 7295
7406 7363
7406 7344
7406 7275
7406 7189
7406 7329
7406 7221
7406 7289
7406 7300
7406 7458
7406 7210
7406 7286
7406 7440
7406 7435
7406 7311
7406 7202
7220 7293
7220 7255
7220 7285
7220 7341
7220 7302
7220 7371
7220 7432
7220 7301
7220 7456
7220 7279
7220 7281
7220 7240
7220 7256
7220 7188
7220 7222
7220 7416
7220 7320
7220 7283
7220 7357
7220 7354
7220 7402
7220 7267
7220 7322
7220 7421
7220 7323
7220 7348
7220 7225
7220 7445
7220 7442
7220 7300
7220 7239
7220 7262
7220 7440
7220 7232
7220 7204
7220 7429
7454 7244
7454 7318
7454 7438
7454 7373
7454 7303
7454 7410
7454 7316
7454 7269
7454 7251
7454 7332
7454 7212
7454 7230
7454 7371
7454 7452
7454 7403
7454 7463
7454 7281
7454 7305
7454 7378
7454 7213
7454 7258
7454 7324
7454 7372
7454 7400
7454 7238
7454 7334
7454 7417
7454 7360
7454 7299
7454 7267
7454 7189
7454 7225
7454 7289
7454 7439
7454 7248
7454 7210
7454 7286
7454 7346
7454 7312
7454 7422
7454 7311
7324 7381
7324 7244
7324 7304
7324 7387
7324 7220
7324 7335
7324 7363
7324 7210
7324 7396
7358 7381
7358 7277
7358 7190
7358 7383
7358 7205
7358 7376
7358 7303
7358 7184
7358 7302
7358 7251
7358 7437
7358 7234
7358 7197
7358 7281
7358 7294
7358 7188
7358 7340
7358 7258
7358 7192
7358 7433
7358 7454
7358 7226
7358 7215
7358 7319
7358 7290
7358 7261
7358 7206
7358 7394
7358 7236
7358 7351
7358 7295
7358 7299
7358 7291
7358 7201
7358 7275
7358 7385
7358 7442
7358 7464
7358 7451
7358 7248
7358 7200
7358 7367
7358 7219
7358 7440
7358 7415
7358 7310
7358 7435
7358 7317
7226 7426
7226 7381
7226 7255
7226 7277
7226 7190
7226 7398
7226 7364
7226 7341
7226 7303
7226 7302
7226 7408
7226 7251
7226 7336
7226 7212
7226 7230
7226 7447
7226 7216
7226 7387
7226 7281
7226 7419
7226 7362
7226 7325
7226 7213
7226 7214
7226 7428
7226 7418
7226 7340
7226 7425
7226 7327
7226 7372
7226 7375
7226 7342
7226 7290
7226 7261
7226 7217
7226 7351
7226 7315
7226 7384
7226 7259
7226 7267
7226 7409
7226 7322
7226 7363
7226 7275
7226 7189
7226 7252
7226 7390
7226 7253
7226 7289
7226 7439
7226 7347
7226 7210
7226 7457
7226 7273
7226 7393
7226 7369
7226 7310
7226 7435
7226 7311
7372 7381
7372 7255
7372 7465
7372 7437
7372 7197
7372 7456
7372 7279
7372 7274
7372 7240
7372 7280
7372 7305
7372 7218
7372 7222
7372 7214
7372 7208
7372 7192
7372 7337
7372 7282
7372 7454
7372 7397
7372 7272
7372 7407
7372 7261
7372 7206
7372 7283
7372 7185
7372 7459
7372 7322
7372 7355
7372 7348
7372 7353
7372 7252
7372 7439
7372 7300
7372 7260
7372 7200
7372 7262
7372 7368
7372 7440
7372 7191
7372 7204
7372 7422
7397 7426
7397 7443
7397 7424
7397 7196
7397 7304
7397 7318
7397 7235
7397 7341
7397 7465
7397 7184
7397 7227
7397 7302
7397 7408
7397 7437
7397 7447
7397 7197
7397 7279
7397 7387
7397 7274
7397 7419
7397 7325
7397 7294
7397 7188
7397 7222
7397 7258
7397 7462
7397 7208
7397 7192
7397 7278
7397 7433
7397 7282
7397 7272
7397 7375
7397 7231
7397 7342
7397 7290
7397 7247
7397 7254
7397 7217
7397 7320
7397 7411
7397 7354
7397 7295
7397 7322
7397 7275
7397 7353
7397 7252
7397 7385
7397 7431
7397 7390
7397 7442
7397 7300
7397 7451
7397 7239
7397 7191
7397 7263
7397 7204
7397 7310
7397 7435
7397 7199
7356 7304
7356 7205
7356 7341
7356 7465
7356 7251
7356 7230
7356 7403
7356 7325
7356 7359
7356 7214
7356 7340
7356 7411
7356 7267
7356 7322
7356 7363
7356 7344
7356 7323
7356 7275
7356 7289
7356 7210
7356 7346
7356 7374
7356 7422
7215 7426
7215 7381
7215 7196
7215 7333
7215 7209
7215 7376
7215 7408
7215 7314
7215 7371
7215 7450
7215 7463
7215 7456
7215 7240
7215 7325
7215 7294
7215 7224
7215 7305
7215 7246
7215 7306
7215 7213
7215 7340
7215 7233
7215 7282
7215 7327
7215 7454
7215 7372
7215 7330
7215 7392
7215 7290
7215 7417
7215 7394
7215 7217
7215 7320
7215 7283
7215 7411
7215 7459
7215 7354
7215 7315
7215 7384
7215 7276
7215 7265
7215 7355
7215 7363
7215 7344
7215 7323
7215 7250
7215 7353
7215 7385
7215 7349
7215 7434
7215 7289
7215 7379
7215 7300
7215 7451
7215 7210
7215 7457
7215 7262
7215 7346
7215 7369
7215 7311
7272 7373
7272 7383
7272 7398
7272 7364
7272 7350
7272 7212
7272 7331
7272 7281
7272 7307
7272 7268
7272 7436
7272 7220
7272 7372
7272 7319
7272 7343
7272 7449
7272 7360
7272 7254
7272 7276
7272 7296
7272 7221
7272 7431
7272 7388
7272 7242
7272 7374
7272 7202
7272 7317
7321 7293
7321 7364
7321 7341
7321 7288
7321 7287
7321 7437
7321 7197
7321 7345
7321 7456
7321 7274
7321 7362
7321 7325
7321 7218
7321 7416
7321 7192
7321 7220
7321 7356
7321 7334
7321 7206
7321 7320
7321 7185
7321 7295
7321 7427
7321 7409
7321 7423
7321 7250
7321 7445
7321 7379
7321 7458
7321 7367
7321 7286
7321 7202
7330 7443
7330 7196
7330 7187
7330 7190
7330 7186
7330 7302
7330 7336
7330 7314
7330 7371
7330 7301
7330 7240
7330 7280
7330 7294
7330 7305
7330 7246
7330 7378
7330 7192
7330 7233
7330 7337
7330 7215
7330 7400
7330 7195
7330 7206
7330 7211
7330 7217
7330 7276
7330 7194
7330 7291
7330 7409
7330 7322
7330 7250
7330 7189
7330 7252
7330 7439
7330 7257
7330 7200
7330 7219
7330 7440
7330 7396
7330 7232
7330 7346
7330 7204
7392 7293
7392 7285
7392 7398
7392 7453
7392 7184
7392 7288
7392 7437
7392 7270
7392 7197
7392 7274
7392 7325
7392 7246
7392 7337
7392 7330
7392 7342
7392 7417
7392 7361
7392 7320
7392 7185
7392 7402
7392 7384
7392 7427
7392 7194
7392 7421
7392 7385
7392 7219
7392 7393
7392 7396
7392 7339
7392 7369
7392 7204
7392 7429
7392 7422
7375 7426
7375 7443
7375 7196
7375 7190
7375 7186
7375 7333
7375 7209
7375 7410
7375 7408
7375 7314
7375 7447
7375 7234
7375 7216
7375 7403
7375 7345
7375 7281
7375 7362
7375 7380
7375 7258
7375 7278
7375 7436
7375 7430
7375 7337
7375 7226
7375 7272
7375 7238
7375 7261
7375 7229
7375 7284
7375 7320
7375 7357
7375 7315
7375 7384
7375 7299
7375 7267
7375 7427
7375 7265
7375 7291
7375 7298
7375 7323
7375 7250
7375 7275
7375 7252
7375 7225
7375 7431
7375 7308
7375 7464
7375 7379
7375 7248
7375 7457
7375 7200
7375 7204
7375 7310
7375 7317
7319 7255
7319 7196
7319 7190
7319 7309
7319 7465
7319 7302
7319 7408
7319 7359
7319 7377
7319 7188
7319 7340
7319 7233
7319 7324
7319 7330
7319 7375
7319 7342
7319 7261
7319 7284
7319 7411
7319 7295
7319 7267
7319 7322
7319 7252
7319 7431
7319 7349
7319 7434
7319 7379
7319 7347
7319 7458
7319 7248
7319 7260
7319 7210
7319 7457
7319 7273
7319 7367
7319 7219
7319 7396
7319 7232
7319 7204
7319 7374
7319 7199
7343 7381
7343 7244
7343 7187
7343 7190
7343 7395
7343 7186
7343 7184
7343 7302
7343 7437
7343 7234
7343 7197
7343 7403
7343 7463
7343 7274
7343 7240
7343 7362
7343 7280
7343 7325
7343 7188
7343 7258
7343 7208
7343 7278
7343 7433
7343 7282
7343 7327
7343 7397
7343 7266
7343 7290
7343 7455
7343 7417
7343 7236
7343 7354
7343 7299
7343 7427
7343 7291
7343 7322
7343 7323
7343 7201
7343 7308
7343 7253
7343 7442
7343 7434
7343 7239
7343 7457
7343 7200
7343 7219
7343 7263
7343 7415
7343 7401
7343 7312
7400 7209
7400 7303
7400 7465
7400 7332
7400 7463
7400 7281
7400 7294
7400 7224
7400 7246
7400 7340
7400 7233
7400 7226
7400 7407
7400 7247
7400 7334
7400 7283
7400 7411
7400 7357
7400 7315
7400 7409
7400 7322
7400 7225
7400 7329
7400 7431
7400 7253
7400 7289
7400 7464
7400 7347
7400 7370
7400 7458
7400 7248
7400 7210
7400 7273
7400 7219
7400 7440
7400 7374
7400 7199
7449 7244
7449 7187
7449 7304
7449 7285
7449 7412
7449 7395
7449 7186
7449 7341
7449 7437
7449 7216
7449 7463
7449 7456
7449 7387
7449 7240
7449 7380
7449 7325
7449 7359
7449 7218
7449 7208
7449 7278
7449 7392
7449 7343
7449 7247
7449 7195
7449 7417
7449 7283
7449 7411
7449 7357
7449 7427
7449 7291
7449 7201
7449 7250
7449 7275
7449 7353
7449 7308
7449 7442
7449 7300
7449 7347
7449 7457
7449 7391
7449 7262
7449 7263
7449 7339
7449 7401
7449 7310
7449 7429
7407 7304
7407 7341
7407 7465
7407 7230
7407 7325
7407 7258
7407 7272
7407 7375
7407 7417
7407 7283
7407 7411
7407 7299
7407 7322
7407 7363
7407 7323
7407 7275
7407 7329
7407 7439
7407 7396
7407 7346
7407 7435
7407 7311
7238 7426
7238 7443
7238 7381
7238 7244
7238 7255
7238 7277
7238 7438
7238 7235
7238 7303
7238 7302
7238 7408
7238 7269
7238 7336
7238 7437
7238 7240
7238 7359
7238 7305
7238 7258
7238 7208
7238 7430
7238 7282
7238 7272
7238 7392
7238 7375
7238 7342
7238 7290
7238 7195
7238 7206
7238 7417
7238 7284
7238 7217
7238 7459
7238 7315
7238 7384
7238 7299
7238 7276
7238 7267
7238 7409
7238 7322
7238 7355
7238 7344
7238 7353
7238 7252
7238 7308
7238 7349
7238 7442
7238 7434
7238 7451
7238 7248
7238 7260
7238 7457
7238 7273
7238 7232
7238 7369
7238 7311
7231 7426
7231 7424
7231 7293
7231 7190
7231 7398
7231 7309
7231 7364
7231 7333
7231 7341
7231 7184
7231 7302
7231 7270
7231 7197
7231 7274
7231 7419
7231 7362
7231 7377
7231 7340
7231 7416
7231 7192
7231 7278
7231 7233
7231 7282
7231 7226
7231 7397
7231 7356
7231 7215
7231 7272
7231 7330
7231 7290
7231 7247
7231 7261
7231 7360
7231 7185
7231 7459
7231 7409
7231 7423
7231 7322
7231 7355
7231 7323
7231 7308
7231 7370
7231 7458
7231 7367
7231 7263
7231 7396
7231 7369
7231 7204
7231 7311
7231 7202
7266 7424
7266 7190
7266 7383
7266 7309
7266 7186
7266 7184
7266 7288
7266 7230
7266 7437
7266 7463
7266 7387
7266 7274
7266 7362
7266 7386
7266 7188
7266 7192
7266 7278
7266 7324
7266 7226
7266 7215
7266 7392
7266 7449
7266 7290
7266 7338
7266 7261
7266 7334
7266 7206
7266 7211
7266 7394
7266 7236
7266 7297
7266 7411
7266 7354
7266 7267
7266 7322
7266 7385
7266 7442
7266 7434
7266 7245
7266 7370
7266 7248
7266 7257
7266 7210
7266 7391
7266 7262
7266 7313
7266 7263
7266 7374
7266 7317
7441 7424
7441 7293
7441 7465
7441 7230
7441 7331
7441 7287
7441 7447
7441 7432
7441 7301
7441 7345
7441 7387
7441 7281
7441 7214
7441 7340
7441 7416
7441 7233
7441 7430
7441 7272
7441 7330
7441 7247
7441 7334
7441 7360
7441 7267
7441 7409
7441 7322
7441 7363
7441 7225
7441 7388
7441 7289
7441 7300
7441 7286
7441 7346
7441 7422
7441 7311
7441 7202
7342 7187
7342 7230
7342 7197
7342 7345
7342 7456
7342 7280
7342 7218
7342 7222
7342 7334
7342 7417
7342 7236
7342 7295
7342 7299
7342 7267
7342 7291
7342 7322
7342 7323
7342 7250
7342 7379
7342 7367
7342 7262
7342 7368
7342 7369
7342 7435
7290 7277
7290 7412
7290 7453
7290 7410
7290 7465
7290 7302
7290 7437
7290 7197
7290 7345
7290 7279
7290 7274
7290 7280
7290 7325
7290 7305
7290 7218
7290 7340
7290 7258
7290 7220
7290 7324
7290 7226
7290 7397
7290 7356
7290 7215
7290 7272
7290 7330
7290 7231
7290 7266
7290 7342
7290 7247
7290 7195
7290 7261
7290 7334
7290 7206
7290 7236
7290 7284
7290 7283
7290 7185
7290 7411
7290 7354
7290 7295
7290 7291
7290 7363
7290 7344
7290 7323
7290 7275
7290 7353
7290 7329
7290 7458
7290 7248
7290 7260
7290 7210
7290 7273
7290 7200
7290 7286
7290 7219
7290 7262
7290 7396
7290 7374
7290 7199
7455 7381
7455 7244
7455 7187
7455 7277
7455 7412
7455 7309
7455 7288
7455 7234
7455 7197
7455 7403
7455 7463
7455 7387
7455 7359
7455 7305
7455 7246
7455 7365
7455 7226
7455 7397
7455 7215
7455 7375
7455 7247
7455 7195
7455 7284
7455 7283
7455 7354
7455 7384
7455 7276
7455 7323
7455 7252
7455 7329
7455 7434
7455 7464
7455 7300
7455 7370
7455 7210
7455 7457
7455 7286
7455 7422
7455 7199
7338 7293
7338 7187
7338 7190
7338 7309
7338 7223
7338 7288
7338 7302
7338 7437
7338 7450
7338 7389
7338 7240
7338 7362
7338 7359
7338 7218
7338 7340
7338 7192
7338 7278
7338 7282
7338 7327
7338 7397
7338 7195
7338 7417
7338 7284
7338 7446
7338 7411
7338 7357
7338 7384
7338 7299
7338 7265
7338 7355
7338 7250
7338 7252
7338 7442
7338 7239
7338 7458
7338 7248
7338 7257
7338 7260
7338 7210
7338 7200
7338 7393
7338 7435
7247 7190
7247 7395
7247 7216
7247 7387
7247 7281
7247 7351
7247 7344
7247 7275
7247 7393
7195 7244
7195 7255
7195 7398
7195 7309
7195 7205
7195 7209
7195 7410
7195 7336
7195 7332
7195 7287
7195 7452
7195 7301
7195 7234
7195 7403
7195 7345
7195 7387
7195 7359
7195 7294
7195 7213
7195 7258
7195 7268
7195 7436
7195 7233
7195 7365
7195 7220
7195 7397
7195 7356
7195 7266
7195 7360
7195 7351
7195 7329
7195 7442
7195 7379
7195 7210
7195 7242
7195 7440
7195 7374
7195 7312
7261 7424
7261 7190
7261 7193
7261 7364
7261 7184
7261 7251
7261 7216
7261 7345
7261 7325
7261 7399
7261 7213
7261 7214
7261 7425
7261 7220
7261 7356
7261 7272
7261 7375
7261 7334
7261 7206
7261 7335
7261 7409
7261 7344
7261 7275
7261 7385
7261 7329
7261 7379
7261 7451
7229 7381
7229 7205
7229 7465
7229 7251
7229 7336
7229 7314
7229 7230
7229 7447
7229 7301
7229 7197
7229 7403
7229 7387
7229 7418
7229 7340
7229 7258
7229 7192
7229 7226
7229 7397
7229 7215
7229 7272
7229 7330
7229 7206
7229 7409
7229 7423
7229 7252
7229 7385
7229 7289
7229 7464
7229 7379
7229 7458
7229 7260
7229 7286
7229 7396
7229 7415
7229 7346
7229 7435
7229 7422
7229 7199
7334 7187
7334 7304
7334 7223
7334 7465
7334 7184
7334 7437
7334 7216
7334 7197
7334 7274
7334 7362
7334 7340
7334 7261
7334 7236
7334 7291
7334 7409
7334 7423
7334 7322
7334 7367
7334 7440
7206 7293
7206 7223
7206 7184
7206 7288
7206 7216
7206 7197
7206 7218
7206 7188
7206 7320
7206 7300
7206 7367
7206 7368
7417 7285
7417 7223
7417 7437
7417 7456
7417 7387
7417 7362
7417 7218
7417 7220
7417 7342
7417 7247
7417 7334
7417 7236
7417 7185
7417 7411
7417 7427
7417 7363
7417 7385
7417 7349
7417 7200
7417 7262
7417 7368
7417 7374
7417 7422
7360 7304
7360 7447
7360 7403
7360 7345
7360 7387
7360 7419
7360 7325
7360 7378
7360 7214
7360 7258
7360 7375
7360 7334
7360 7344
7360 7404
7360 7451
7360 7286
7360 7202
7264 7243
7264 7416
7264 7436
7264 7207
7264 7267
7264 7448
7211 7424
7211 7277
7211 7309
7211 7227
7211 7230
7211 7331
7211 7437
7211 7403
7211 7279
7211 7419
7211 7380
7211 7305
7211 7246
7211 7306
7211 7208
7211 7433
7211 7454
7211 7215
7211 7272
7211 7375
7211 7342
7211 7290
7211 7455
7211 7195
7211 7206
7211 7217
7211 7185
7211 7411
7211 7459
7211 7295
7211 7409
7211 7344
7211 7250
7211 7390
7211 7253
7211 7442
7211 7434
7211 7458
7211 7257
7211 7457
7211 7273
7211 7219
7211 7393
7211 7396
7211 7232
7211 7369
7211 7401
7211 7311
7211 7199
7254 7293
7254 7381
7254 7196
7254 7304
7254 7190
7254 7184
7254 7408
7254 7301
7254 7389
7254 7387
7254 7274
7254 7362
7254 7280
7254 7359
7254 7305
7254 7246
7254 7306
7254 7418
7254 7340
7254 7324
7254 7226
7254 7397
7254 7215
7254 7375
7254 7342
7254 7195
7254 7217
7254 7320
7254 7283
7254 7411
7254 7354
7254 7384
7254 7322
7254 7344
7254 7323
7254 7349
7254 7434
7254 7370
7254 7458
7254 7257
7254 7260
7254 7219
7254 7199
7361 7426
7361 7293
7361 7205
7361 7230
7361 7447
7361 7345
7361 7456
7361 7419
7361 7362
7361 7325
7361 7218
7361 7222
7361 7226
7361 7407
7361 7417
7361 7267
7361 7323
7361 7329
7361 7367
7361 7393
7361 7368
7361 7440
7361 7396
7207 7244
7207 7196
7207 7341
7207 7230
7207 7371
7207 7362
7207 7213
7207 7208
7207 7342
7207 7206
7207 7417
7207 7217
7207 7351
7207 7299
7207 7349
7207 7311
7394 7190
7394 7309
7394 7410
7394 7465
7394 7230
7394 7371
7394 7234
7394 7197
7394 7345
7394 7463
7394 7456
7394 7389
7394 7280
7394 7325
7394 7294
7394 7224
7394 7377
7394 7378
7394 7365
7394 7282
7394 7454
7394 7356
7394 7272
7394 7375
7394 7342
7394 7217
7394 7354
7394 7267
7394 7291
7394 7409
7394 7322
7394 7363
7394 7344
7394 7275
7394 7329
7394 7349
7394 7439
7394 7464
7394 7379
7394 7451
7394 7458
7394 7257
7394 7286
7394 7262
7394 7352
7394 7374
7394 7435
7394 7311
7394 7199
7236 7255
7236 7196
7236 7223
7236 7341
7236 7302
7236 7230
7236 7371
7236 7437
7236 7403
7236 7281
7236 7419
7236 7362
7236 7294
7236 7246
7236 7418
7236 7208
7236 7278
7236 7327
7236 7375
7236 7290
7236 7334
7236 7417
7236 7211
7236 7284
7236 7459
7236 7259
7236 7267
7236 7265
7236 7291
7236 7409
7236 7423
7236 7322
7236 7363
7236 7201
7236 7250
7236 7252
7236 7385
7236 7349
7236 7434
7236 7289
7236 7347
7236 7458
7236 7457
7236 7273
7236 7393
7236 7263
7236 7232
7236 7204
7236 7199
7284 7304
7284 7205
7284 7341
7284 7465
7284 7230
7284 7287
7284 7447
7284 7325
7284 7359
7284 7214
7284 7428
7284 7365
7284 7397
7284 7215
7284 7272
7284 7330
7284 7206
7284 7211
7284 7423
7284 7363
7284 7404
7284 7189
7284 7225
7284 7289
7284 7464
7284 7370
7284 7210
7284 7346
7284 7435
7284 7422
7284 7202
7217 7426
7217 7244
7217 7187
7217 7304
7217 7190
7217 7398
7217 7223
7217 7341
7217 7184
7217 7287
7217 7437
7217 7270
7217 7387
7217 7274
7217 7240
7217 7419
7217 7325
7217 7188
7217 7192
7217 7365
7217 7327
7217 7358
7217 7266
7217 7290
7217 7261
7217 7229
7217 7206
7217 7417
7217 7320
7217 7357
7217 7351
7217 7315
7217 7299
7217 7322
7217 7363
7217 7323
7217 7250
7217 7275
7217 7252
7217 7385
7217 7253
7217 7379
7217 7370
7217 7210
7217 7200
7217 7367
7217 7393
7217 7401
7297 7293
7297 7196
7297 7304
7297 7412
7297 7383
7297 7395
7297 7333
7297 7453
7297 7230
7297 7437
7297 7450
7297 7456
7297 7279
7297 7387
7297 7274
7297 7380
7297 7256
7297 7222
7297 7337
7297 7324
7297 7392
7297 7361
7297 7217
7297 7446
7297 7402
7297 7265
7297 7291
7297 7363
7297 7347
7297 7458
7297 7200
7297 7219
7297 7368
7297 7339
7297 7401
7297 7204
7297 7429
7446 7426
7446 7293
7446 7187
7446 7373
7446 7412
7446 7309
7446 7186
7446 7333
7446 7223
7446 7303
7446 7410
7446 7465
7446 7287
7446 7301
7446 7270
7446 7456
7446 7387
7446 7240
7446 7362
7446 7340
7446 7433
7446 7425
7446 7406
7446 7397
7446 7330
7446 7238
7446 7266
7446 7441
7446 7290
7446 7247
7446 7206
7446 7360
7446 7217
7446 7283
7446 7459
7446 7357
7446 7335
7446 7354
7446 7265
7446 7409
7446 7322
7446 7421
7446 7363
7446 7344
7446 7201
7446 7348
7446 7189
7446 7329
7446 7308
7446 7253
7446 7434
7446 7458
7446 7257
7446 7210
7446 7200
7446 7286
7446 7219
7446 7262
7446 7191
7446 7263
7446 7311
7446 7202
7413 7443
7413 7255
7413 7196
7413 7187
7413 7318
7413 7190
7413 7309
7413 7395
7413 7223
7413 7408
7413 7230
7413 7279
7413 7387
7413 7240
7413 7380
7413 7306
7413 7340
7413 7433
7413 7226
7413 7215
7413 7231
7413 7195
7413 7261
7413 7334
7413 7417
7413 7394
7413 7236
7413 7185
7413 7357
7413 7351
7413 7265
7413 7291
7413 7298
7413 7404
7413 7189
7413 7431
7413 7439
7413 7347
7413 7370
7413 7248
7413 7257
7413 7440
7413 7396
7413 7232
7413 7346
7413 7369
7413 7401
7413 7310
7320 7438
7320 7186
7320 7223
7320 7227
7320 7302
7320 7371
7320 7456
7320 7281
7320 7240
7320 7380
7320 7294
7320 7377
7320 7246
7320 7378
7320 7306
7320 7282
7320 7425
7320 7397
7320 7356
7320 7215
7320 7392
7320 7394
7320 7299
7320 7259
7320 7194
7320 7265
7320 7275
7320 7252
7320 7442
7320 7434
7320 7367
7320 7219
7320 7393
7320 7232
7320 7346
7320 7401
7320 7429
7283 7381
7283 7249
7283 7371
7283 7387
7283 7281
7283 7325
7283 7340
7283 7220
7283 7335
7283 7351
7283 7363
7283 7210
7185 7193
7185 7249
7185 7336
7185 7432
7185 7326
7185 7292
7185 7307
7185 7365
7185 7425
7185 7372
7185 7356
7185 7319
7185 7400
7185 7259
7185 7404
7185 7388
7185 7439
7185 7464
7185 7352
7185 7271
7185 7374
7185 7202
7185 7444
7411 7196
7411 7309
7411 7395
7411 7209
7411 7410
7411 7314
7411 7230
7411 7371
7411 7345
7411 7387
7411 7362
7411 7280
7411 7359
7411 7294
7411 7208
7411 7192
7411 7278
7411 7430
7411 7365
7411 7337
7411 7327
7411 7454
7411 7397
7411 7272
7411 7342
7411 7290
7411 7261
7411 7417
7411 7284
7411 7413
7411 7351
7411 7315
7411 7384
7411 7267
7411 7291
7411 7363
7411 7201
7411 7275
7411 7252
7411 7225
7411 7308
7411 7248
7411 7210
7411 7457
7411 7200
7411 7219
7411 7440
7411 7191
7411 7263
7411 7401
7411 7204
7411 7461
7411 7312
7411 7311
7459 7293
7459 7186
7459 7184
7459 7456
7459 7362
7459 7280
7459 7218
7459 7416
7459 7215
7459 7342
7459 7247
7459 7334
7459 7283
7459 7185
7459 7411
7459 7354
7459 7349
7459 7300
7459 7286
7459 7262
7459 7374
7459 7435
7459 7422
7459 7311
7357 7426
7357 7381
7357 7187
7357 7395
7357 7432
7357 7403
7357 7345
7357 7281
7357 7274
7357 7419
7357 7188
7357 7222
7357 7436
7357 7233
7357 7220
7357 7397
7357 7215
7357 7236
7357 7320
7357 7411
7357 7335
7357 7354
7357 7315
7357 7322
7357 7344
7357 7323
7357 7275
7357 7189
7357 7225
7357 7370
7357 7200
7357 7367
7357 7263
7357 7396
7357 7369
7357 7311
7335 7443
7335 7203
7335 7196
7335 7304
7335 7318
7335 7398
7335 7303
7335 7410
7335 7316
7335 7269
7335 7314
7335 7230
7335 7331
7335 7452
7335 7234
7335 7345
7335 7380
7335 7325
7335 7359
7335 7213
7335 7340
7335 7258
7335 7462
7335 7208
7335 7436
7335 7400
7335 7231
7335 7266
7335 7290
7335 7455
7335 7254
7335 7411
7335 7351
7335 7384
7335 7276
7335 7265
7335 7431
7335 7439
7335 7248
7335 7210
7335 7457
7335 7346
7335 7374
7335 7312
7335 7311
7335 7444
7354 7304
7354 7371
7354 7359
7354 7351
7354 7363
7354 7210
7354 7393
7354 7396
7351 7424
7351 7196
7351 7318
7351 7186
7351 7223
7351 7302
7351 7408
7351 7269
7351 7230
7351 7450
7351 7234
7351 7403
7351 7281
7351 7240
7351 7280
7351 7377
7351 7305
7351 7340
7351 7208
7351 7278
7351 7365
7351 7337
7351 7282
7351 7220
7351 7454
7351 7290
7351 7261
7351 7417
7351 7185
7351 7459
7351 7357
7351 7299
7351 7194
7351 7291
7351 7298
7351 7344
7351 7250
7351 7308
7351 7457
7351 7367
7351 7263
7351 7232
7351 7374
7351 7435
7315 7424
7315 7187
7315 7277
7315 7190
7315 7309
7315 7395
7315 7186
7315 7453
7315 7465
7315 7227
7315 7302
7315 7331
7315 7450
7315 7270
7315 7197
7315 7279
7315 7274
7315 7419
7315 7280
7315 7246
7315 7436
7315 7233
7315 7433
7315 7327
7315 7215
7315 7321
7315 7375
7315 7247
7315 7261
7315 7206
7315 7236
7315 7284
7315 7283
7315 7185
7315 7354
7315 7295
7315 7299
7315 7265
7315 7298
7315 7344
7315 7201
7315 7250
7315 7434
7315 7289
7315 7347
7315 7367
7315 7262
7315 7396
7315 7204
7315 7448
7402 7203
7402 7304
7402 7398
7402 7364
7402 7205
7402 7249
7402 7303
7402 7251
7402 7336
7402 7332
7402 7212
7402 7287
7402 7371
7402 7452
7402 7447
7402 7432
7402 7345
7402 7281
7402 7224
7402 7377
7402 7378
7402 7292
7402 7428
7402 7258
7402 7430
7402 7425
7402 7327
7402 7220
7402 7372
7402 7356
7402 7392
7402 7319
7402 7238
7402 7266
7402 7229
7402 7211
7402 7259
7402 7267
7402 7404
7402 7275
7402 7221
7402 7431
7402 7388
7402 7442
7402 7289
7402 7210
7402 7242
7402 7313
7402 7346
7402 7271
7402 7461
7402 7311
7402 7202
7384 7203
7384 7381
7384 7244
7384 7398
7384 7364
7384 7205
7384 7303
7384 7465
7384 7184
7384 7332
7384 7212
7384 7287
7384 7452
7384 7447
7384 7301
7384 7234
7384 7359
7384 7294
7384 7258
7384 7233
7384 7365
7384 7433
7384 7327
7384 7372
7384 7356
7384 7215
7384 7392
7384 7360
7384 7357
7384 7423
7384 7322
7384 7189
7384 7442
7384 7289
7384 7379
7384 7451
7384 7458
7384 7257
7384 7367
7384 7286
7384 7440
7384 7346
7384 7374
7384 7435
7384 7422
7384 7311
7384 7202
7295 7426
7295 7381
7295 7196
7295 7285
7295 7398
7295 7364
7295 7341
7295 7303
7295 7336
7295 7212
7295 7287
7295 7371
7295 7456
7295 7281
7295 7362
7295 7280
7295 7325
7295 7246
7295 7188
7295 7222
7295 7214
7295 7418
7295 7258
7295 7372
7295 7397
7295 7392
7295 7375
7295 7342
7295 7290
7295 7455
7295 7195
7295 7261
7295 7394
7295 7459
7295 7335
7295 7315
7295 7427
7295 7194
7295 7265
7295 7409
7295 7421
7295 7323
7295 7252
7295 7329
7295 7308
7295 7390
7295 7349
7295 7442
7295 7434
7295 7379
7295 7347
7295 7451
7295 7458
7295 7273
7295 7200
7295 7393
7295 7191
7295 7263
7295 7369
7295 7435
7299 7395
7299 7186
7299 7223
7299 7230
7299 7216
7299 7403
7299 7362
7299 7325
7299 7188
7299 7418
7299 7258
7299 7192
7299 7397
7299 7342
7299 7247
7299 7427
7299 7291
7299 7409
7299 7423
7299 7385
7299 7445
7299 7349
7299 7257
7299 7200
7299 7286
7299 7262
7299 7368
7299 7440
7299 7374
7276 7293
7276 7196
7276 7318
7276 7190
7276 7376
7276 7341
7276 7302
7276 7408
7276 7336
7276 7437
7276 7197
7276 7389
7276 7279
7276 7281
7276 7380
7276 7325
7276 7246
7276 7306
7276 7213
7276 7462
7276 7208
7276 7192
7276 7324
7276 7272
7276 7407
7276 7455
7276 7247
7276 7195
7276 7261
7276 7206
7276 7394
7276 7283
7276 7357
7276 7354
7276 7315
7276 7194
7276 7355
7276 7323
7276 7275
7276 7252
7276 7442
7276 7451
7276 7458
7276 7367
7276 7286
7276 7440
7276 7232
7276 7204
7276 7435
7276 7448
7276 7422
7382 7293
7382 7187
7382 7285
7382 7412
7382 7395
7382 7453
7382 7465
7382 7288
7382 7450
7382 7447
7382 7301
7382 7270
7382 7222
7382 7208
7382 7416
7382 7226
7382 7330
7382 7236
7382 7284
7382 7402
7382 7194
7382 7291
7382 7298
7382 7323
7382 7404
7382 7445
7382 7289
7382 7300
7382 7200
7382 7368
7382 7339
7259 7426
7259 7424
7259 7196
7259 7190
7259 7309
7259 7333
7259 7205
7259 7302
7259 7331
7259 7279
7259 7419
7259 7380
7259 7294
7259 7192
7259 7454
7259 7372
7259 7215
7259 7375
7259 7342
7259 7206
7259 7394
7259 7185
7259 7194
7259 7409
7259 7298
7259 7344
7259 7308
7259 7390
7259 7273
7259 7219
7259 7393
7259 7396
7259 7232
7259 7401
7259 7204
7259 7310
7259 7435
7259 7199
7267 7381
7267 7196
7267 7187
7267 7190
7267 7186
7267 7223
7267 7288
7267 7251
7267 7230
7267 7437
7267 7197
7267 7419
7267 7362
7267 7380
7267 7226
7267 7231
7267 7342
7267 7195
7267 7417
7267 7207
7267 7236
7267 7217
7267 7320
7267 7411
7267 7291
7267 7250
7267 7457
7267 7393
7427 7293
7427 7381
7427 7364
7427 7223
7427 7341
7427 7184
7427 7287
7427 7371
7427 7447
7427 7403
7427 7456
7427 7362
7427 7218
7427 7188
7427 7213
7427 7220
7427 7375
7427 7334
7427 7417
7427 7411
7427 7299
7427 7409
7427 7322
7427 7344
7427 7445
7427 7289
7427 7300
7427 7451
7427 7210
7427 7286
7427 7440
7427 7311
7194 7203
7194 7381
7194 7255
7194 7364
7194 7209
7194 7410
7194 7314
7194 7230
7194 7287
7194 7301
7194 7389
7194 7281
7194 7325
7194 7292
7194 7418
7194 7430
7194 7365
7194 7433
7194 7327
7194 7358
7194 7356
7194 7229
7194 7334
7194 7360
7194 7413
7194 7315
7194 7295
7194 7267
7194 7189
7194 7252
7194 7225
7194 7434
7194 7289
7194 7370
7194 7458
7194 7396
7194 7374
7194 7435
7194 7311
7296 7244
7296 7187
7296 7190
7296 7465
7296 7230
7296 7197
7296 7389
7296 7387
7296 7377
7296 7340
7296 7192
7296 7282
7296 7454
7296 7324
7296 7226
7296 7397
7296 7330
7296 7343
7296 7455
7296 7195
7296 7261
7296 7334
7296 7417
7296 7284
7296 7357
7296 7354
7296 7351
7296 7384
7296 7267
7296 7322
7296 7201
7296 7252
7296 7385
7296 7442
7296 7434
7296 7379
7296 7210
7296 7367
7296 7219
7296 7393
7296 7396
7265 7255
7265 7196
7265 7318
7265 7190
7265 7303
7265 7410
7265 7198
7265 7371
7265 7345
7265 7389
7265 7281
7265 7362
7265 7294
7265 7305
7265 7213
7265 7418
7265 7340
7265 7436
7265 7365
7265 7425
7265 7324
7265 7407
7265 7342
7265 7229
7265 7334
7265 7276
7265 7267
7265 7423
7265 7323
7265 7275
7265 7252
7265 7439
7265 7210
7265 7391
7265 7352
7265 7374
7265 7199
7291 7304
7291 7341
7291 7465
7291 7230
7291 7447
7291 7403
7291 7387
7291 7325
7291 7214
7291 7340
7291 7258
7291 7272
7291 7247
7291 7411
7291 7315
7291 7295
7291 7299
7291 7267
7291 7322
7291 7275
7291 7189
7291 7225
7291 7221
7291 7451
7291 7286
7291 7346
7291 7422
7291 7311
7409 7304
7409 7341
7409 7251
7409 7230
7409 7387
7409 7419
7409 7215
7409 7272
7409 7411
7409 7363
7409 7323
7409 7404
7409 7329
7409 7221
7409 7286
7409 7396
7409 7435
7409 7422
7423 7424
7423 7304
7423 7190
7423 7230
7423 7460
7423 7403
7423 7387
7423 7340
7423 7272
7423 7375
7423 7247
7423 7417
7423 7411
7423 7299
7423 7267
7423 7323
7423 7250
7423 7329
7423 7289
7423 7451
7423 7396
7322 7293
7322 7190
7322 7230
7322 7371
7322 7403
7322 7274
7322 7362
7322 7380
7322 7280
7322 7272
7322 7247
7322 7334
7322 7236
7322 7283
7322 7411
7322 7354
7322 7427
7322 7194
7322 7385
7322 7221
7322 7289
7322 7451
7322 7262
7322 7263
7322 7346
7322 7369
7355 7424
7355 7318
7355 7190
7355 7398
7355 7309
7355 7243
7355 7227
7355 7437
7355 7450
7355 7447
7355 7270
7355 7279
7355 7362
7355 7280
7355 7305
7355 7340
7355 7462
7355 7208
7355 7220
7355 7226
7355 7215
7355 7272
7355 7290
7355 7455
7355 7394
7355 7283
7355 7185
7355 7411
7355 7459
7355 7357
7355 7267
7355 7194
7355 7291
7355 7423
7355 7421
7355 7363
7355 7201
7355 7252
7355 7225
7355 7308
7355 7370
7355 7248
7355 7457
7355 7367
7355 7232
7355 7435
7355 7422
7421 7395
7421 7186
7421 7437
7421 7274
7421 7218
7421 7416
7421 7192
7421 7337
7421 7375
7421 7247
7421 7283
7421 7344
7421 7300
7421 7262
7421 7422
7298 7412
7298 7383
7298 7398
7298 7453
7298 7303
7298 7230
7298 7447
7298 7280
7298 7386
7298 7294
7298 7418
7298 7208
7298 7220
7298 7324
7298 7441
7298 7247
7298 7229
7298 7206
7298 7361
7298 7217
7298 7411
7298 7354
7298 7384
7298 7291
7298 7409
7298 7275
7298 7252
7298 7445
7298 7329
7298 7431
7298 7390
7298 7349
7298 7439
7298 7300
7298 7248
7298 7457
7298 7262
7298 7313
7298 7191
7298 7311
7298 7199
7363 7203
7363 7235
7363 7373
7363 7209
7363 7251
7363 7314
7363 7332
7363 7287
7363 7452
7363 7437
7363 7447
7363 7432
7363 7301
7363 7234
7363 7307
7363 7233
7363 7330
7363 7392
7363 7343
7363 7400
7363 7238
7363 7455
7363 7229
7363 7334
7363 7254
7363 7297
7363 7357
7363 7296
7363 7189
7363 7329
7363 7308
7363 7434
7363 7289
7363 7286
7363 7440
7363 7352
7363 7415
7363 7374
7363 7422
7344 7244
7344 7255
7344 7196
7344 7285
7344 7438
7344 7190
7344 7186
7344 7303
7344 7302
7344 7408
7344 7314
7344 7234
7344 7216
7344 7387
7344 7281
7344 7362
7344 7280
7344 7325
7344 7208
7344 7278
7344 7282
7344 7406
7344 7226
7344 7397
7344 7266
7344 7290
7344 7195
7344 7284
7344 7411
7344 7459
7344 7384
7344 7267
7344 7427
7344 7265
7344 7322
7344 7298
7344 7363
7344 7201
7344 7250
7344 7275
7344 7225
7344 7431
7344 7289
7344 7257
7344 7260
7344 7210
7344 7457
7344 7286
7344 7393
7344 7232
7344 7369
7344 7401
7344 7435
7323 7381
7323 7187
7323 7190
7323 7465
7323 7251
7323 7230
7323 7216
7323 7345
7323 7281
7323 7419
7323 7362
7323 7280
7323 7213
7323 7208
7323 7425
7323 7220
7323 7215
7323 7272
7323 7206
7323 7417
7323 7320
7323 7411
7323 7315
7323 7295
7323 7299
7323 7409
7323 7344
7323 7385
7323 7390
7323 7439
7323 7440
7323 7369
7323 7422
7201 7244
7201 7304
7201 7193
7201 7249
7201 7303
7201 7251
7201 7230
7201 7301
7201 7359
7201 7258
7201 7365
7201 7425
7201 7330
7201 7334
7201 7259
7201 7404
7201 7189
7201 7221
7201 7289
7201 7439
7201 7464
7201 7210
7201 7422
7348 7424
7348 7255
7348 7193
7348 7450
7348 7279
7348 7362
7348 7280
7348 7399
7348 7208
7348 7278
7348 7436
7348 7433
7348 7425
7348 7226
7348 7397
7348 7215
7348 7266
7348 7195
7348 7334
7348 7206
7348 7254
7348 7207
7348 7284
7348 7357
7348 7295
7348 7409
7348 7323
7348 7275
7348 7252
7348 7308
7348 7434
7348 7439
7348 7347
7348 7257
7348 7260
7348 7457
7348 7440
7348 7396
7348 7401
7348 7310
7348 7422
7250 7293
7250 7309
7250 7288
7250 7437
7250 7403
7250 7280
7250 7325
7250 7218
7250 7188
7250 7340
7250 7416
7250 7397
7250 7375
7250 7342
7250 7247
7250 7261
7250 7236
7250 7185
7250 7354
7250 7267
7250 7344
7250 7385
7250 7445
7250 7458
7250 7200
7250 7286
7250 7396
7250 7422
7404 7277
7404 7437
7404 7403
7404 7362
7404 7280
7404 7399
7404 7246
7404 7306
7404 7208
7404 7278
7404 7337
7404 7433
7404 7272
7404 7321
7404 7375
7404 7247
7404 7261
7404 7206
7404 7361
7404 7284
7404 7446
7404 7185
7404 7459
7404 7265
7404 7409
7404 7298
7404 7289
7404 7260
7404 7273
7404 7219
7404 7401
7404 7204
7404 7199
7275 7203
7275 7255
7275 7438
7275 7383
7275 7364
7275 7249
7275 7376
7275 7341
7275 7303
7275 7230
7275 7287
7275 7371
7275 7452
7275 7447
7275 7463
7275 7389
7275 7281
7275 7208
7275 7436
7275 7365
7275 7327
7275 7358
7275 7272
7275 7319
7275 7343
7275 7400
7275 7407
7275 7266
7275 7261
7275 7334
7275 7254
7275 7351
7275 7315
7275 7299
7275 7276
7275 7423
7275 7189
7275 7431
7275 7349
7275 7442
7275 7434
7275 7289
7275 7245
7275 7451
7275 7457
7275 7286
7275 7242
7275 7396
7275 7271
7275 7312
7275 7311
7275 7317
7353 7304
7353 7216
7353 7362
7353 7188
7353 7340
7353 7220
7353 7215
7353 7335
7353 7351
7353 7275
7189 7424
7189 7255
7189 7304
7189 7309
7189 7205
7189 7408
7189 7437
7189 7345
7189 7387
7189 7240
7189 7362
7189 7359
7189 7340
7189 7436
7189 7327
7189 7454
7189 7372
7189 7407
7189 7231
7189 7195
7189 7206
7189 7217
7189 7185
7189 7459
7189 7295
7189 7265
7189 7409
7189 7363
7189 7349
7189 7442
7189 7434
7189 7458
7189 7257
7189 7401
7189 7310
7189 7422
7252 7249
7252 7303
7252 7230
7252 7301
7252 7345
7252 7387
7252 7378
7252 7213
7252 7214
7252 7340
7252 7258
7252 7436
7252 7425
7252 7327
7252 7334
7252 7411
7252 7315
7252 7299
7252 7259
7252 7404
7252 7439
7252 7458
7252 7286
7252 7435
7252 7422
7252 7311
7225 7190
7225 7411
7385 7443
7385 7203
7385 7424
7385 7255
7385 7196
7385 7187
7385 7285
7385 7438
7385 7190
7385 7309
7385 7186
7385 7465
7385 7251
7385 7212
7385 7371
7385 7432
7385 7240
7385 7294
7385 7377
7385 7246
7385 7306
7385 7213
7385 7462
7385 7416
7385 7436
7385 7282
7385 7425
7385 7406
7385 7397
7385 7215
7385 7272
7385 7231
7385 7290
7385 7455
7385 7394
7385 7185
7385 7335
7385 7259
7385 7409
7385 7404
7385 7308
7385 7442
7385 7434
7385 7289
7385 7458
7385 7248
7385 7257
7385 7273
7385 7367
7385 7262
7385 7191
7385 7263
7385 7396
7385 7232
7385 7369
7385 7310
7385 7311
7445 7381
7445 7244
7445 7281
7445 7188
7445 7340
7445 7220
7445 7215
7445 7363
7445 7344
7445 7210
7329 7426
7329 7255
7329 7190
7329 7309
7329 7223
7329 7249
7329 7376
7329 7288
7329 7331
7329 7437
7329 7345
7329 7456
7329 7274
7329 7240
7329 7362
7329 7380
7329 7246
7329 7378
7329 7340
7329 7192
7329 7454
7329 7372
7329 7397
7329 7215
7329 7272
7329 7392
7329 7375
7329 7290
7329 7195
7329 7217
7329 7283
7329 7185
7329 7357
7329 7295
7329 7276
7329 7265
7329 7434
7329 7300
7329 7248
7329 7457
7329 7393
7329 7262
7329 7368
7329 7440
7329 7263
7329 7369
7329 7401
7329 7311
7414 7424
7414 7190
7414 7412
7414 7395
7414 7186
7414 7341
7414 7288
7414 7437
7414 7450
7414 7216
7414 7197
7414 7456
7414 7279
7414 7380
7414 7280
7414 7325
7414 7294
7414 7377
7414 7208
7414 7278
7414 7365
7414 7433
7414 7282
7414 7226
7414 7338
7414 7247
7414 7195
7414 7446
7414 7283
7414 7185
7414 7357
7414 7384
7414 7291
7414 7322
7414 7201
7414 7250
7414 7275
7414 7308
7414 7442
7414 7379
7414 7347
7414 7370
7414 7457
7414 7200
7414 7368
7414 7263
7414 7401
7221 7399
7221 7218
7221 7416
7221 7436
7221 7361
7221 7267
7221 7262
7221 7339
7221 7429
7431 7244
7431 7187
7431 7309
7431 7281
7431 7274
7431 7362
7431 7294
7431 7377
7431 7188
7431 7365
7431 7433
7431 7220
7431 7324
7431 7397
7431 7449
7431 7238
7431 7455
7431 7338
7431 7261
7431 7334
7431 7297
7431 7320
7431 7354
7431 7351
7431 7295
7431 7296
7431 7409
7431 7252
7431 7225
7431 7329
7431 7414
7431 7370
7431 7248
7431 7257
7431 7210
7431 7200
7431 7286
7431 7391
7431 7440
7431 7313
7431 7310
7431 7374
7431 7435
7431 7444
7308 7424
7308 7381
7308 7285
7308 7398
7308 7341
7308 7184
7308 7450
7308 7301
7308 7197
7308 7240
7308 7419
7308 7380
7308 7325
7308 7305
7308 7306
7308 7188
7308 7340
7308 7416
7308 7282
7308 7327
7308 7454
7308 7324
7308 7226
7308 7397
7308 7272
7308 7195
7308 7417
7308 7361
7308 7459
7308 7357
7308 7295
7308 7201
7308 7348
7308 7250
7308 7431
7308 7253
7308 7239
7308 7458
7308 7257
7308 7273
7308 7200
7308 7367
7308 7286
7308 7219
7308 7396
7308 7352
7308 7232
7308 7339
7308 7369
7388 7196
7388 7341
7388 7410
7388 7336
7388 7331
7388 7345
7388 7281
7388 7359
7388 7213
7388 7340
7388 7258
7388 7462
7388 7436
7388 7365
7388 7372
7388 7215
7388 7392
7388 7319
7388 7290
7388 7334
7388 7394
7388 7217
7388 7411
7388 7315
7388 7276
7388 7308
7388 7442
7388 7464
7388 7451
7388 7257
7388 7210
7388 7310
7388 7422
7388 7311
7388 7444
7390 7196
7390 7285
7390 7190
7390 7412
7390 7230
7390 7216
7390 7456
7390 7407
7390 7441
7390 7360
7390 7236
7390 7217
7390 7384
7390 7427
7390 7409
7390 7239
7390 7457
7390 7286
7390 7393
7390 7262
7390 7368
7253 7443
7253 7424
7253 7255
7253 7187
7253 7235
7253 7209
7253 7376
7253 7198
7253 7336
7253 7314
7253 7234
7253 7403
7253 7345
7253 7359
7253 7294
7253 7224
7253 7188
7253 7213
7253 7192
7253 7436
7253 7430
7253 7356
7253 7215
7253 7330
7253 7334
7253 7254
7253 7394
7253 7297
7253 7315
7253 7267
7253 7265
7253 7409
7253 7250
7253 7189
7253 7252
7253 7414
7253 7434
7253 7464
7253 7245
7253 7379
7253 7458
7253 7260
7253 7273
7253 7200
7253 7286
7253 7391
7253 7440
7253 7313
7253 7263
7253 7396
7253 7415
7253 7346
7253 7461
7253 7422
7349 7424
7349 7293
7349 7184
7349 7216
7349 7197
7349 7403
7349 7345
7349 7456
7349 7281
7349 7419
7349 7416
7349 7430
7349 7365
7349 7220
7349 7215
7349 7407
7349 7206
7349 7413
7349 7320
7349 7354
7349 7295
7349 7250
7349 7289
7349 7300
7349 7286
7349 7440
7349 7396
7349 7435
7442 7424
7442 7293
7442 7395
7442 7408
7442 7230
7442 7270
7442 7274
7442 7240
7442 7359
7442 7218
7442 7306
7442 7222
7442 7233
7442 7337
7442 7406
7442 7454
7442 7321
7442 7330
7442 7231
7442 7441
7442 7342
7442 7417
7442 7236
7442 7217
7442 7446
7442 7320
7442 7459
7442 7357
7442 7295
7442 7299
7442 7427
7442 7194
7442 7291
7442 7421
7442 7348
7442 7250
7442 7385
7442 7458
7442 7257
7442 7273
7442 7367
7442 7219
7442 7368
7442 7232
7442 7204
7442 7429
7442 7199
7434 7293
7434 7255
7434 7196
7434 7398
7434 7341
7434 7465
7434 7302
7434 7332
7434 7230
7434 7437
7434 7450
7434 7279
7434 7419
7434 7325
7434 7294
7434 7214
7434 7327
7434 7454
7434 7375
7434 7441
7434 7195
7434 7384
7434 7276
7434 7194
7434 7348
7434 7252
7434 7329
7434 7379
7434 7451
7434 7257
7434 7260
7434 7457
7434 7200
7434 7440
7434 7191
7434 7396
7434 7232
7434 7346
7434 7422
7434 7311
7434 7199
7289 7381
7289 7196
7289 7187
7289 7304
7289 7190
7289 7193
7289 7437
7289 7280
7289 7213
7289 7337
7289 7226
7289 7215
7289 7375
7289 7342
7289 7195
7289 7417
7289 7320
7289 7315
7289 7194
7289 7291
7289 7250
7289 7225
7289 7385
7289 7451
7289 7393
7289 7263
7289 7346
7439 7426
7439 7277
7439 7190
7439 7333
7439 7453
7439 7205
7439 7302
7439 7403
7439 7280
7439 7246
7439 7208
7439 7192
7439 7436
7439 7454
7439 7272
7439 7231
7439 7247
7439 7206
7439 7361
7439 7283
7439 7354
7439 7295
7439 7382
7439 7194
7439 7291
7439 7421
7439 7344
7439 7252
7439 7445
7439 7289
7439 7273
7439 7200
7439 7435
7439 7311
7439 7199
7464 7424
7464 7196
7464 7341
7464 7371
7464 7432
7464 7387
7464 7213
7464 7208
7464 7425
7464 7226
7464 7215
7464 7407
7464 7206
7464 7351
7464 7384
7464 7299
7464 7259
7464 7409
7464 7404
7464 7189
7464 7225
7464 7390
7464 7349
7464 7210
7464 7396
7464 7422
7245 7293
7245 7285
7245 7412
7245 7395
7245 7186
7245 7223
7245 7288
7245 7437
7245 7216
7245 7270
7245 7456
7245 7279
7245 7274
7245 7359
7245 7218
7245 7306
7245 7340
7245 7278
7245 7337
7245 7433
7245 7282
7245 7321
7245 7392
7245 7231
7245 7266
7245 7261
7245 7417
7245 7361
7245 7446
7245 7351
7245 7427
7245 7355
7245 7348
7245 7275
7245 7353
7245 7253
7245 7370
7245 7239
7245 7458
7245 7248
7245 7191
7245 7352
7245 7369
7245 7401
7245 7204
7245 7310
7245 7429
7379 7187
7379 7395
7379 7186
7379 7223
7379 7437
7379 7456
7379 7274
7379 7419
7379 7362
7379 7280
7379 7192
7379 7261
7379 7283
7379 7295
7379 7300
7379 7367
7300 7387
7300 7363
7300 7275
7300 7210
7300 7393
7300 7396
7347 7293
7347 7190
7347 7314
7347 7332
7347 7371
7347 7345
7347 7456
7347 7279
7347 7280
7347 7218
7347 7213
7347 7428
7347 7208
7347 7226
7347 7272
7347 7247
7347 7206
7347 7211
7347 7459
7347 7357
7347 7335
7347 7315
7347 7299
7347 7382
7347 7409
7347 7404
7347 7189
7347 7431
7347 7439
7347 7451
7347 7457
7347 7367
7347 7262
7347 7368
7347 7440
7347 7396
7347 7232
7347 7346
7347 7422
7370 7381
7370 7244
7370 7190
7370 7309
7370 7205
7370 7184
7370 7288
7370 7403
7370 7387
7370 7281
7370 7362
7370 7280
7370 7188
7370 7258
7370 7365
7370 7327
7370 7358
7370 7397
7370 7215
7370 7342
7370 7334
7370 7236
7370 7185
7370 7335
7370 7295
7370 7267
7370 7409
7370 7363
7370 7323
7370 7275
7370 7385
7370 7388
7370 7379
7370 7458
7370 7210
7370 7200
7370 7440
7370 7435
7451 7424
7451 7277
7451 7190
7451 7412
7451 7223
7451 7331
7451 7437
7451 7450
7451 7345
7451 7279
7451 7280
7451 7278
7451 7436
7451 7233
7451 7337
7451 7454
7451 7272
7451 7361
7451 7284
7451 7185
7451 7354
7451 7252
7451 7442
7451 7434
7451 7300
7451 7347
7451 7260
7451 7219
7451 7191
7451 7263
7451 7369
7451 7204
7451 7311
7239 7190
7239 7193
7239 7364
7239 7251
7239 7331
7239 7371
7239 7432
7239 7216
7239 7387
7239 7281
7239 7213
7239 7436
7239 7425
7239 7220
7239 7375
7239 7360
7239 7211
7239 7207
7239 7411
7239 7315
7239 7267
7239 7275
7239 7329
7239 7221
7239 7388
7239 7262
7239 7440
7239 7435
7239 7202
7458 7203
7458 7244
7458 7196
7458 7438
7458 7383
7458 7341
7458 7316
7458 7302
7458 7251
7458 7230
7458 7371
7458 7301
7458 7234
7458 7345
7458 7463
7458 7389
7458 7279
7458 7240
7458 7294
7458 7377
7458 7306
7458 7213
7458 7214
7458 7258
7458 7233
7458 7425
7458 7330
7458 7392
7458 7343
7458 7407
7458 7266
7458 7206
7458 7211
7458 7284
7458 7217
7458 7413
7458 7459
7458 7357
7458 7384
7458 7299
7458 7276
7458 7259
7458 7409
7458 7423
7458 7322
7458 7355
7458 7323
7458 7250
7458 7275
7458 7431
7458 7390
7458 7349
7458 7439
7458 7464
7458 7248
7458 7457
7458 7286
7458 7391
7458 7440
7458 7232
7458 7346
7458 7310
7458 7374
7458 7435
7248 7463
7248 7380
7248 7280
7248 7246
7248 7306
7248 7321
7248 7334
7248 7384
7248 7194
7248 7200
7248 7339
7257 7443
7257 7424
7257 7293
7257 7285
7257 7318
7257 7190
7257 7412
7257 7395
7257 7303
7257 7227
7257 7288
7257 7197
7257 7279
7257 7419
7257 7280
7257 7305
7257 7246
7257 7222
7257 7418
7257 7208
7257 7416
7257 7192
7257 7282
7257 7406
7257 7454
7257 7215
7257 7321
7257 7375
7257 7238
7257 7320
7257 7357
7257 7427
7257 7348
7257 7250
7257 7353
7257 7385
7257 7445
7257 7390
7257 7253
7257 7451
7257 7457
7257 7262
7257 7396
7257 7401
7257 7204
7260 7443
7260 7318
7260 7438
7260 7190
7260 7376
7260 7341
7260 7410
7260 7316
7260 7408
7260 7332
7260 7230
7260 7287
7260 7437
7260 7345
7260 7389
7260 7279
7260 7281
7260 7419
7260 7325
7260 7224
7260 7377
7260 7305
7260 7428
7260 7340
7260 7462
7260 7220
7260 7356
7260 7392
7260 7319
7260 7407
7260 7195
7260 7334
7260 7211
7260 7185
7260 7259
7260 7267
7260 7265
7260 7409
7260 7322
7260 7308
7260 7289
7260 7439
7260 7458
7260 7286
7260 7440
7260 7435
7260 7422
7210 7443
7210 7438
7210 7398
7210 7205
7210 7376
7210 7303
7210 7410
7210 7251
7210 7314
7210 7230
7210 7371
7210 7452
7210 7437
7210 7301
7210 7403
7210 7345
7210 7389
7210 7294
7210 7224
7210 7377
7210 7418
7210 7462
7210 7208
7210 7192
7210 7433
7210 7454
7210 7272
7210 7330
7210 7392
7210 7343
7210 7407
7210 7266
7210 7342
7210 7455
7210 7334
7210 7254
7210 7394
7210 7284
7210 7357
7210 7351
7210 7267
7210 7265
7210 7322
7210 7329
7210 7221
7210 7431
7210 7349
7210 7273
7210 7440
7210 7396
7210 7310
7210 7317
7457 7203
7457 7398
7457 7364
7457 7209
7457 7410
7457 7465
7457 7332
7457 7212
7457 7447
7457 7301
7457 7234
7457 7387
7457 7359
7457 7294
7457 7213
7457 7258
7457 7436
7457 7233
7457 7430
7457 7365
7457 7327
7457 7220
7457 7397
7457 7356
7457 7392
7457 7266
7457 7360
7457 7357
7457 7315
7457 7267
7457 7423
7457 7275
7457 7252
7457 7329
7457 7221
7457 7442
7457 7434
7457 7458
7457 7204
7457 7374
7457 7312
7457 7422
7273 7203
7273 7318
7273 7309
7273 7223
7273 7376
7273 7465
7273 7314
7273 7230
7273 7287
7273 7437
7273 7281
7273 7419
7273 7362
7273 7377
7273 7305
7273 7306
7273 7213
7273 7428
7273 7340
7273 7462
7273 7192
7273 7282
7273 7327
7273 7324
7273 7215
7273 7407
7273 7266
7273 7455
7273 7247
7273 7195
7273 7261
7273 7360
7273 7211
7273 7459
7273 7384
7273 7382
7273 7267
7273 7355
7273 7363
7273 7344
7273 7323
7273 7404
7273 7275
7273 7189
7273 7225
7273 7253
7273 7370
7273 7257
7273 7457
7273 7396
7273 7310
7273 7435
7273 7422
7273 7444
7200 7381
7200 7244
7200 7190
7200 7193
7200 7223
7200 7243
7200 7331
7200 7301
7200 7281
7200 7362
7200 7359
7200 7292
7200 7258
7200 7233
7200 7356
7200 7407
7200 7247
7200 7206
7200 7417
7200 7207
7200 7236
7200 7320
7200 7354
7200 7295
7200 7259
7200 7363
7200 7344
7200 7275
7200 7289
7200 7210
7200 7262
7200 7368
7200 7435
7200 7422
7367 7244
7367 7255
7367 7318
7367 7341
7367 7302
7367 7408
7367 7230
7367 7371
7367 7447
7367 7403
7367 7387
7367 7325
7367 7294
7367 7399
7367 7188
7367 7213
7367 7428
7367 7436
7367 7220
7367 7454
7367 7392
7367 7407
7367 7342
7367 7290
7367 7206
7367 7417
7367 7217
7367 7351
7367 7315
7367 7259
7367 7265
7367 7409
7367 7423
7367 7363
7367 7189
7367 7252
7367 7225
7367 7308
7367 7390
7367 7349
7367 7434
7367 7439
7367 7379
7367 7347
7367 7370
7367 7248
7367 7257
7367 7260
7367 7457
7367 7286
7367 7232
7367 7346
7367 7204
7367 7199
7286 7381
7286 7187
7286 7190
7286 7465
7286 7184
7286 7371
7286 7403
7286 7387
7286 7362
7286 7325
7286 7272
7286 7407
7286 7342
7286 7206
7286 7295
7286 7409
7286 7322
7286 7363
7286 7323
7286 7225
7286 7329
7286 7349
7286 7257
7286 7440
7286 7435
7219 7309
7219 7395
7219 7341
7219 7465
7219 7184
7219 7437
7219 7281
7219 7419
7219 7362
7219 7188
7219 7214
7219 7340
7219 7192
7219 7233
7219 7327
7219 7220
7219 7397
7219 7375
7219 7238
7219 7247
7219 7320
7219 7335
7219 7354
7219 7427
7219 7291
7219 7421
7219 7363
7219 7344
7219 7250
7219 7445
7219 7388
7219 7349
7219 7289
7219 7300
7219 7458
7219 7257
7219 7200
7219 7393
7219 7440
7219 7263
7219 7435
7219 7311
7393 7424
7393 7196
7393 7223
7393 7209
7393 7408
7393 7269
7393 7332
7393 7452
7393 7197
7393 7463
7393 7387
7393 7281
7393 7359
7393 7326
7393 7294
7393 7224
7393 7377
7393 7213
7393 7340
7393 7258
7393 7430
7393 7433
7393 7324
7393 7226
7393 7272
7393 7375
7393 7407
7393 7238
7393 7413
7393 7411
7393 7354
7393 7295
7393 7267
7393 7322
7393 7344
7393 7252
7393 7329
7393 7308
7393 7253
7393 7442
7393 7289
7393 7370
7393 7435
7393 7199
7391 7196
7391 7285
7391 7318
7391 7186
7391 7333
7391 7223
7391 7341
7391 7465
7391 7437
7391 7234
7391 7216
7391 7270
7391 7197
7391 7463
7391 7456
7391 7389
7391 7279
7391 7274
7391 7280
7391 7359
7391 7256
7391 7340
7391 7258
7391 7278
7391 7337
7391 7433
7391 7282
7391 7397
7391 7247
7391 7417
7391 7394
7391 7217
7391 7446
7391 7411
7391 7354
7391 7384
7391 7427
7391 7265
7391 7355
7391 7201
7391 7250
7391 7275
7391 7353
7391 7308
7391 7390
7391 7379
7391 7300
7391 7370
7391 7239
7391 7210
7391 7393
7391 7262
7391 7415
7391 7401
7391 7204
7262 7381
7262 7244
7262 7249
7262 7371
7262 7216
7262 7387
7262 7359
7262 7258
7262 7215
7262 7351
7242 7426
7242 7381
7242 7196
7242 7285
7242 7412
7242 7395
7242 7453
7242 7408
7242 7230
7242 7450
7242 7197
7242 7305
7242 7306
7242 7226
7242 7215
7242 7321
7242 7195
7242 7417
7242 7361
7242 7284
7242 7459
7242 7299
7242 7194
7242 7265
7242 7291
7242 7201
7242 7250
7242 7431
7242 7239
7242 7200
7242 7219
7242 7393
7242 7368
7242 7396
7242 7369
7242 7204
7242 7429
7368 7244
7368 7325
7368 7340
7368 7258
7368 7351
7368 7393
7368 7440
7440 7244
7440 7196
7440 7438
7440 7209
7440 7249
7440 7376
7440 7303
7440 7269
7440 7251
7440 7336
7440 7212
7440 7331
7440 7234
7440 7345
7440 7387
7440 7418
7440 7258
7440 7430
7440 7365
7440 7372
7440 7319
7440 7266
7440 7195
7440 7334
7440 7206
7440 7207
7440 7315
7440 7276
7440 7221
7440 7464
7440 7379
7440 7458
7440 7352
7440 7415
7440 7310
7440 7374
7440 7311
7313 7196
7313 7187
7313 7383
7313 7186
7313 7223
7313 7302
7313 7450
7313 7463
7313 7456
7313 7387
7313 7274
7313 7240
7313 7380
7313 7325
7313 7433
7313 7282
7313 7392
7313 7343
7313 7290
7313 7338
7313 7247
7313 7195
7313 7446
7313 7320
7313 7283
7313 7185
7313 7411
7313 7402
7313 7384
7313 7296
7313 7363
7313 7348
7313 7275
7313 7353
7313 7252
7313 7210
7313 7457
7313 7219
7313 7262
7313 7368
7313 7263
7313 7422
7191 7426
7191 7381
7191 7465
7191 7301
7191 7345
7191 7362
7191 7280
7191 7222
7191 7233
7191 7226
7191 7272
7191 7283
7191 7411
7191 7354
7191 7295
7191 7299
7191 7267
7191 7423
7191 7322
7191 7344
7191 7323
7191 7225
7191 7445
7191 7388
7191 7396
7263 7424
7263 7293
7263 7381
7263 7223
7263 7205
7263 7465
7263 7184
7263 7216
7263 7197
7263 7403
7263 7281
7263 7419
7263 7359
7263 7340
7263 7220
7263 7215
7263 7334
7263 7267
7263 7409
7263 7423
7263 7322
7263 7363
7263 7344
7263 7404
7263 7275
7263 7385
7263 7289
7263 7210
7263 7367
7263 7440
7263 7374
7263 7435
7396 7203
7396 7244
7396 7318
7396 7190
7396 7364
7396 7209
7396 7341
7396 7303
7396 7350
7396 7269
7396 7251
7396 7336
7396 7314
7396 7332
7396 7212
7396 7230
7396 7287
7396 7371
7396 7447
7396 7234
7396 7294
7396 7213
7396 7428
7396 7462
7396 7233
7396 7430
7396 7220
7396 7356
7396 7455
7396 7360
7396 7411
7396 7299
7396 7276
7396 7329
7396 7253
7396 7289
7396 7379
7396 7370
7396 7248
7396 7260
7396 7440
7396 7310
7352 7187
7352 7304
7352 7318
7352 7412
7352 7383
7352 7395
7352 7198
7352 7288
7352 7302
7352 7336
7352 7450
7352 7274
7352 7240
7352 7380
7352 7386
7352 7377
7352 7218
7352 7340
7352 7365
7352 7282
7352 7324
7352 7449
7352 7338
7352 7247
7352 7195
7352 7334
7352 7206
7352 7236
7352 7297
7352 7354
7352 7402
7352 7299
7352 7296
7352 7355
7352 7201
7352 7250
