7272 7457
7272 7393
7321 7395
7321 7280
7321 7417
7330 7395
7330 7333
7330 7441
7330 7329
7330 7390
7330 7260
7392 7448
7375 7270
7375 7274
7375 7256
7375 7231
7375 7217
7375 7283
7375 7354
7375 7402
7375 7355
7375 7348
7375 7353
7375 7390
7375 7253
7375 7262
7375 7339
7319 7443
7319 7186
7319 7230
7319 7256
7319 7455
7319 7417
7319 7361
7319 7459
7319 7299
7319 7298
7319 7239
7319 7368
7319 7369
7319 7448
7343 7408
7343 7416
7343 7445
7343 7448
7400 7412
7400 7450
7400 7325
7400 7462
7400 7416
7400 7192
7400 7278
7400 7337
7400 7394
7400 7194
7400 7265
7400 7355
7400 7363
7400 7445
7400 7262
7400 7191
7400 7310
7449 7398
7449 7198
7449 7408
7449 7298
7449 7313
7407 7223
7407 7362
7407 7218
7407 7188
7238 7412
7238 7453
7238 7223
7238 7288
7238 7337
7238 7226
7238 7427
7238 7298
7238 7200
7238 7219
7231 7280
7231 7246
7231 7306
7231 7417
7231 7239
7231 7262
7266 7270
7266 7419
7266 7406
7266 7321
7266 7375
7266 7231
7342 7339
7290 7256
7290 7246
7290 7222
7290 7361
7290 7446
7290 7299
7290 7265
7290 7421
7290 7298
7290 7239
7455 7453
7455 7216
7455 7337
7455 7282
7455 7342
7455 7394
7455 7446
7455 7427
7455 7265
7455 7390
7455 7368
7455 7339
7338 7426
7338 7419
7338 7305
7338 7321
7338 7441
7338 7445
7338 7253
7338 7352
7247 7411
7195 7187
7195 7412
7195 7223
7195 7288
7195 7270
7195 7279
7195 7206
7195 7236
7195 7411
7195 7354
7195 7385
7195 7219
7195 7393
7195 7204
7261 7187
7261 7280
7261 7427
7261 7421
7261 7349
7261 7393
7261 7369
7229 7293
7229 7304
7229 7285
7229 7412
7229 7216
7229 7456
7229 7290
7229 7394
7229 7283
7229 7402
7229 7427
7229 7355
7229 7353
7229 7300
7229 7239
7229 7457
7229 7339
7229 7429
7334 7218
7334 7416
7334 7368
7206 7395
7206 7339
7417 7426
7417 7369
7360 7426
7360 7288
7360 7301
7360 7197
7360 7268
7360 7283
7360 7354
7360 7300
7360 7393
7211 7293
7211 7186
7211 7288
7211 7301
7211 7270
7211 7197
7211 7222
7211 7428
7211 7416
7211 7236
7211 7445
7211 7200
7211 7262
7211 7339
7211 7429
7254 7230
7254 7456
7254 7240
7254 7325
7254 7319
7254 7290
7254 7459
7254 7355
7254 7239
7254 7310
7254 7422
7361 7339
7207 7426
7207 7285
7207 7453
7207 7465
7207 7456
7207 7274
7207 7337
7207 7361
7207 7385
7207 7329
7207 7369
7394 7426
7394 7288
7394 7306
7394 7222
7394 7416
7394 7417
7394 7361
7394 7299
7394 7191
7394 7263
7394 7339
7394 7429
7236 7285
7236 7465
7236 7184
7236 7270
7236 7197
7236 7416
7236 7321
7236 7402
7236 7339
7236 7401
7236 7448
7284 7426
7284 7395
7284 7223
7284 7456
7284 7240
7284 7416
7284 7192
7284 7250
7284 7445
7284 7329
7284 7200
7284 7440
7217 7285
7217 7246
7217 7222
7217 7195
7217 7384
7217 7194
7217 7300
7217 7368
7297 7408
7297 7459
7297 7421
7446 7280
7446 7361
7446 7185
7446 7396
7413 7197
7413 7218
7413 7315
7413 7322
7413 7289
7320 7270
7320 7448
7283 7375
7185 7381
7185 7408
7185 7437
7185 7345
7185 7463
7185 7387
7185 7305
7185 7340
7185 7282
7185 7392
7185 7459
7185 7315
7185 7355
7185 7442
7185 7451
7185 7369
7411 7246
7411 7406
7411 7231
7411 7361
7411 7354
7411 7355
7411 7369
7459 7222
7459 7421
7357 7368
7357 7204
7335 7426
7335 7190
7335 7333
7335 7437
7335 7197
7335 7274
7335 7377
7335 7192
7335 7233
7335 7433
7335 7282
7335 7324
7335 7330
7335 7267
7335 7322
7335 7250
7335 7353
7335 7200
7335 7263
7354 7419
7354 7375
7351 7321
7351 7361
7351 7283
7351 7353
7351 7300
7351 7339
7315 7381
7315 7322
7315 7346
7315 7429
7402 7293
7402 7196
7402 7412
7402 7376
7402 7437
7402 7301
7402 7197
7402 7279
7402 7280
7402 7462
7402 7192
7402 7278
7402 7215
7402 7254
7402 7185
7402 7291
7402 7201
7402 7257
7402 7286
7402 7393
7384 7293
7384 7304
7384 7223
7384 7288
7384 7437
7384 7411
7384 7298
7384 7348
7384 7300
7384 7200
7384 7262
7384 7232
7295 7270
7295 7197
7295 7454
7295 7396
7295 7339
7295 7401
7299 7222
7276 7285
7276 7223
7276 7218
7276 7278
7276 7406
7276 7320
7276 7219
7382 7214
7382 7322
7382 7451
7259 7301
7259 7367
7267 7293
7267 7447
7267 7214
7267 7247
7267 7421
7267 7300
7267 7451
7427 7395
7194 7419
7194 7377
7194 7246
7194 7206
7194 7283
7194 7299
7194 7355
7194 7348
7296 7318
7296 7395
7296 7453
7296 7337
7296 7321
7296 7231
7296 7290
7296 7229
7296 7217
7296 7446
7296 7344
7296 7239
7296 7191
7296 7232
7265 7279
7265 7218
7265 7188
7265 7282
7265 7226
7265 7284
7265 7320
7265 7283
7265 7355
7265 7344
7265 7348
7265 7200
7265 7219
7265 7396
7265 7232
7291 7293
7291 7190
7291 7288
7291 7362
7291 7188
7291 7416
7291 7236
7291 7367
7409 7187
7409 7223
7409 7236
7409 7320
7423 7187
7423 7223
7423 7188
7423 7320
7355 7285
7355 7456
7355 7419
7355 7218
7355 7222
7355 7430
7355 7321
7355 7231
7355 7250
7355 7445
7355 7300
7355 7262
7355 7448
7298 7186
7298 7288
7298 7408
7298 7417
7298 7320
7298 7421
7363 7244
7363 7304
7363 7184
7363 7274
7363 7325
7363 7306
7363 7188
7363 7327
7363 7215
7363 7195
7363 7411
7363 7295
7363 7355
7363 7298
7363 7348
7363 7275
7363 7353
7363 7225
7363 7385
7363 7370
7363 7239
7363 7210
7363 7191
7363 7232
7363 7369
7344 7341
7344 7419
7344 7246
7344 7321
7344 7247
7344 7446
7344 7429
7344 7448
7323 7447
7323 7218
7323 7222
7323 7322
7323 7445
7323 7200
7323 7368
7323 7339
7201 7288
7201 7281
7201 7274
7201 7220
7201 7185
7201 7295
7201 7322
7201 7323
7348 7293
7348 7187
7348 7412
7348 7186
7348 7288
7348 7197
7348 7256
7348 7292
7348 7272
7348 7321
7348 7375
7348 7300
7348 7200
7348 7191
7348 7369
7250 7421
7250 7393
7404 7288
7404 7218
7404 7441
7404 7320
7275 7426
7275 7285
7275 7318
7275 7333
7275 7227
7275 7288
7275 7188
7275 7222
7275 7226
7275 7397
7275 7375
7275 7231
7275 7284
7275 7320
7275 7402
7275 7194
7275 7348
7275 7353
7275 7252
7275 7347
7275 7367
7275 7219
7275 7191
7275 7401
7189 7285
7189 7186
7189 7465
7189 7450
7189 7456
7189 7337
7189 7211
7189 7361
7189 7284
7189 7446
7189 7354
7189 7427
7189 7323
7189 7347
7189 7262
7252 7381
7252 7190
7252 7395
7252 7288
7252 7362
7252 7222
7252 7247
7252 7335
7252 7354
7252 7250
7225 7339
7385 7381
7385 7333
7385 7270
7385 7214
7385 7233
7385 7330
7385 7441
7385 7291
7385 7298
7329 7412
7329 7284
7329 7446
7329 7267
7329 7385
7329 7347
7329 7429
7329 7448
7414 7227
7414 7406
7414 7296
7414 7298
7414 7253
7414 7369
7431 7279
7431 7380
7431 7218
7431 7337
7431 7375
7431 7231
7431 7290
7431 7194
7431 7239
7431 7232
7431 7204
7308 7216
7308 7256
7308 7246
7308 7394
7388 7293
7388 7381
7388 7240
7388 7362
7388 7416
7388 7236
7388 7357
7388 7354
7388 7323
7388 7250
7388 7353
7388 7300
7388 7347
7388 7367
7388 7369
7253 7412
7253 7453
7253 7341
7253 7337
7253 7355
7253 7390
7253 7239
7253 7204
7349 7395
7349 7368
7434 7288
7434 7408
7434 7246
7434 7306
7434 7406
7434 7330
7434 7320
7434 7299
7434 7250
7434 7263
7434 7369
7289 7456
7289 7218
7289 7416
7289 7192
7289 7445
7289 7368
7289 7339
7439 7197
7439 7256
7439 7441
7439 7320
7464 7285
7464 7186
7464 7419
7464 7192
7464 7344
7464 7385
7464 7200
7464 7346
7300 7190
7300 7419
7300 7362
7300 7344
7347 7187
7347 7453
7347 7301
7347 7454
7347 7321
7347 7392
7347 7394
7347 7265
7347 7308
7347 7442
7347 7434
7370 7285
7370 7186
7370 7192
7370 7375
7370 7344
7370 7368
7370 7339
7451 7381
7451 7256
7451 7446
7239 7184
7239 7222
7239 7396
7458 7187
7458 7318
7458 7412
7458 7453
7458 7216
7458 7270
7458 7362
7458 7280
7458 7416
7458 7337
7458 7406
7458 7454
7458 7215
7458 7321
7458 7231
7458 7361
7458 7291
7458 7298
7458 7363
7458 7368
7458 7191
7458 7396
7458 7429
7257 7441
7257 7446
7257 7339
7260 7381
7260 7285
7260 7453
7260 7223
7260 7301
7260 7280
7260 7427
7260 7250
7260 7219
7210 7304
7210 7285
7210 7318
7210 7227
7210 7408
7210 7380
7210 7340
7210 7231
7210 7247
7210 7361
7210 7185
7210 7402
7210 7291
7210 7421
7210 7363
7210 7253
7210 7300
7210 7393
7210 7204
7210 7429
7457 7187
7457 7412
7457 7341
7457 7270
7457 7456
7457 7375
7457 7261
7457 7206
7457 7236
7457 7283
7457 7355
7457 7298
7457 7393
7457 7369
7273 7285
7273 7333
7273 7406
7273 7231
7273 7427
7273 7329
7273 7434
7273 7262
7273 7368
7273 7448
7200 7426
7200 7345
7200 7280
7200 7360
7200 7286
7200 7440
7367 7223
7367 7227
7367 7192
7367 7337
7367 7354
7367 7298
7367 7385
7367 7200
