6129 5720
6129 2553
2349 5319
2349 2034
2349 1667
6710 5877
4076 764
699 2430
3304 5712
3528 4878
4282 1561
4893 4471
6368 1409
7115 4747
7115 171
7115 1339
5847 5937
5122 3247
222 1828
1856 3793
1825 6927
3756 3010
3756 669
3756 94
2050 3305
3725 1976
3725 784
175 2152
4704 18
347 2958
347 967
4878 2849
17 3311
2616 4196
580 903
1427 4863
1702 1449
966 6062
1913 1493
6417 255
608 5044
608 115
608 666
5877 1495
5877 1575
2986 2146
4449 541
5541 6468
3576 4819
6973 4908
1931 6178
318 5936
318 5375
5363 3068
5363 431
3854 5955
1457 4863
3146 4095
5381 561
6448 5302
6448 6947
6448 1635
340 6650
2157 4464
2157 5892
2157 5903
4434 3652
5745 4592
5745 3068
5017 4242
5017 4989
5017 3339
6443 541
6443 4006
6443 1014
5020 4569
1349 1275
832 5712
3041 2472
3041 3720
3041 3291
3041 1124
1560 3679
5093 6876
5093 2428
5093 2413
5093 1688
3090 4533
860 2707
860 4152
860 4196
860 538
860 6590
860 1684
860 3221
860 2428
6553 4569
5289 5886
6917 3848
2734 5319
4461 5444
155 4945
5298 5642
5298 6185
722 3440
43 2557
2410 1567
5576 860
2479 6652
2479 7121
2479 5358
2479 5405
4250 976
4319 1567
378 323
1103 2457
1998 4928
685 2463
1401 3960
4077 6811
4077 4933
2375 6128
1640 3273
4796 5893
3438 6650
5394 5867
5394 116
5394 7066
5394 2453
5394 1153
1029 2171
1029 3001
3273 184
3273 575
2086 6291
2086 1693
3616 282
3616 3001
1026 3159
1602 5394
1602 6843
701 1951
3834 3265
3834 5905
3834 4863
3834 2973
487 7079
3544 2556
6018 922
5662 4196
5662 891
5662 4986
5662 2379
6876 509
6876 2410
6876 1567
315 5578
6195 5375
204 4410
7052 4534
6808 6568
2126 15
5724 49
5724 1339
2560 916
5561 3430
4997 4803
4997 6035
5837 2488
5216 61
5603 6919
5603 6553
5603 5158
5603 375
410 6896
4980 4959
5799 1931
389 3488
6830 2575
3183 1088
3183 6754
3183 323
3183 1364
4348 5135
4348 4355
2030 3217
4717 1505
4717 6671
3708 5398
6901 7159
6901 4016
6901 666
6901 4729
4646 4617
3284 1224
556 4143
556 6185
731 837
2831 3040
3873 2860
1404 58
3963 480
4854 342
5653 2642
5653 5104
5653 3007
4908 2818
4908 6423
4908 5199
303 1376
303 4721
303 5199
303 6088
6882 1562
6882 3883
6882 2187
2156 5069
2156 148
5113 4505
3739 1088
5683 6671
5683 898
5257 4527
5257 2430
496 308
4674 5642
4674 1275
4464 5903
5579 3597
1974 6149
1974 1080
1974 4739
1974 3221
1974 1408
1974 1124
4861 5368
4861 6768
6093 3674
6599 5989
2854 4394
5197 5893
5197 3068
4352 3040
4928 4907
4928 356
4928 5417
4928 1345
2246 2463
3720 4498
3690 4890
3690 5108
6727 871
7006 4471
1765 2496
1765 2703
4198 6322
5754 6296
198 6937
6639 5394
6639 5650
3711 5954
3398 3011
6280 3679
5450 2732
1180 7107
1180 5603
1180 3935
5773 3066
5773 5197
5773 3068
529 4410
529 4824
2508 6251
4001 6843
551 4872
1567 3730
1658 6809
2578 284
4569 325
3098 18
3098 2293
557 3415
0 4598
4010 534
4010 723
4010 3908
5598 6062
5398 3875
5398 6177
3825 210
2802 2106
4536 584
4536 3517
4536 1768
4459 4082
2614 1632
2383 890
7008 575
3537 1240
341 5720
341 5886
341 6788
5193 1495
6200 3720
4349 3357
4349 575
4176 5692
4176 750
6628 6640
3144 4894
2130 94
4897 4276
4897 1562
4897 2709
4897 1816
6458 4924
2417 6671
649 3312
649 5182
4091 323
4091 397
4091 378
2993 6729
6188 1463
1528 3984
1528 1028
6256 3068
5035 4715
4801 2860
4801 3183
3896 5038
3896 1978
6298 7123
6298 6142
6298 6407
2739 3272
4390 6364
4390 6917
6174 1912
4666 3007
2593 871
2153 925
1583 5943
1583 4272
4408 1693
4408 5578
358 4161
3674 1212
575 5953
575 3918
6778 570
6987 5019
5202 584
5043 5955
6965 2754
6839 4196
4046 1808
523 6818
5615 4534
5615 3681
6227 575
5220 555
6437 6539
4724 3246
6244 6518
6244 1685
6244 887
6244 2112
6244 2043
6244 3099
6244 4823
5614 4948
5614 296
3611 6768
3611 6463
342 4737
4875 5633
4875 4051
4875 2121
4875 2187
4875 6086
4875 3858
4875 5405
3334 4272
2121 6051
2121 431
136 6908
5223 3357
5223 925
4759 5680
4759 1991
4759 1751
5378 5724
1111 4308
1111 5263
1111 4548
1111 3534
15 691
4355 1832
4355 6096
4355 3834
2139 4977
5606 6342
5244 1978
1239 4389
690 0
3894 18
3894 1832
3894 405
3894 453
954 4948
954 957
954 3068
954 3890
1544 1192
3340 6905
3340 6882
3340 5405
3340 1770
1952 6642
1952 5129
1952 2054
2016 4100
2016 6996
2016 1339
3663 5503
3468 4100
3468 5874
5664 954
4530 4317
7015 4863
3815 1751
3815 5822
1846 3908
401 581
401 3335
1426 134
1426 4321
1426 473
1655 4821
4881 2826
3320 4863
4489 3562
6514 4505
820 5243
5375 4289
4170 5069
4170 3548
4170 6909
2933 5886
1495 4872
3667 3875
5228 47
4907 2016
4907 2929
4907 3562
4316 1182
3426 6342
4455 2025
4455 5319
4455 6897
4455 2656
4455 4878
4455 6229
424 5666
6635 6995
3750 3048
2745 4450
5303 2994
5303 1070
5303 1189
5303 6511
5303 590
5303 2553
5303 5080
6007 5886
6185 1
6185 3272
6185 4872
6185 62
6185 4300
6243 1528
6243 5169
6541 58
6541 5368
6541 6768
3757 6274
1871 4295
1871 4176
839 284
988 1296
4954 6897
4954 3510
4420 3691
4420 4094
555 1989
6924 6051
3928 5893
3928 5009
4757 6650
4757 4823
1249 3048
3984 5924
1304 5063
3300 6147
1479 5368
1479 1562
1479 4863
1479 6087
94 5449
6439 5497
6439 2959
2740 5893
2187 4051
2187 3883
2187 2121
2187 6051
6331 6085
5199 6976
5199 2767
5199 1192
5199 1575
1811 5456
3658 4355
3754 2903
3754 6494
6005 5991
4369 275
5212 3600
5212 6838
5212 6511
5212 7153
5212 2475
5876 1924
5876 1513
2340 4619
2340 3354
909 541
6584 6251
4287 1889
4287 3510
3378 4370
3378 740
3378 3025
3212 584
6618 5077
6618 6768
2816 3615
2816 6051
2816 2737
1320 4863
1320 6087
2967 6911
2967 3336
3874 2018
186 3995
1845 1641
1845 5588
4465 2254
6086 5633
6086 4051
6086 3575
4292 575
4303 4348
1095 5302
1095 4420
1095 3510
1095 3068
6024 4093
6024 68
6024 6890
6945 2864
2248 3289
2248 1522
5685 764
5742 3793
1117 5471
6000 3652
6000 1889
6000 3342
6000 4954
6000 6531
6000 3510
1907 3439
1907 6809
1907 1562
1907 6768
7153 1428
7153 3343
2849 255
2849 5893
1727 4959
6589 4024
4586 1832
875 6860
3849 4461
5206 1825
1466 6428
2398 2669
