3186 484
3186 318
3186 3011
3186 2969
4574 1562
1806 4521
1806 3015
1806 4869
1806 6285
3961 1465
3961 5169
2174 3439
2174 5077
7079 1449
5554 5876
237 1997
237 58
237 2814
237 4295
237 1562
237 4147
5348 1372
5348 5693
6635 5900
6635 4951
113 4397
113 803
113 5905
113 4863
3575 120
297 2903
297 1994
297 764
297 5137
3750 1506
3750 1293
2243 5459
2627 3097
563 6054
5303 337
5303 6788
5303 4963
3866 4355
3866 6442
1365 5080
6007 4561
3501 6417
3501 4355
3501 954
119 3337
6185 6050
6185 6306
6185 17
6185 3166
6185 4545
6185 3311
6185 6499
6185 1046
4382 2553
5657 3429
6243 5005
6929 1387
6929 533
6070 5803
6070 2801
3782 4457
6541 6590
3757 4938
3757 1805
3757 4954
3757 6722
3757 3510
7086 3920
2387 6847
2387 2991
2387 2160
3888 1641
6585 7067
6585 692
3627 5151
3627 79
3627 6545
985 4839
5822 2028
5822 3611
5822 4041
5822 4515
839 782
1025 3342
5370 3041
4044 6417
4044 5588
988 6132
3785 1476
3785 3561
3785 3720
3785 1238
4954 4100
4954 6485
4954 6096
1569 1053
3920 6838
3920 6511
3920 2553
3920 5080
2239 6885
1669 1359
1669 5601
1669 2255
5999 2449
5999 347
5999 967
4181 5290
6646 1676
6646 6710
6646 1677
3341 3597
4420 2025
4420 5278
4420 6096
4420 4826
4420 4117
4420 5078
4420 2774
555 5885
555 6714
555 2885
4653 2557
5996 5470
2689 3925
2689 273
2689 6331
2689 1320
2689 6085
2689 6087
6924 1364
6924 7142
6924 378
1841 3195
1841 3651
3928 4142
3928 7142
3928 4986
3928 3962
5309 5815
1911 5436
1911 3100
975 4816
2771 236
5548 2025
5548 1316
5548 1150
5548 6361
5548 2587
131 4134
4317 383
4317 5712
4317 722
4317 1617
1249 3219
1399 6054
1399 6940
1399 1663
3984 49
2044 1088
2044 6777
2044 1783
2044 3337
2044 820
5902 1258
485 581
485 6251
485 1445
485 666
485 2973
1304 5089
3300 2106
3300 3416
4828 6244
1990 284
1177 3507
4650 3219
4650 4330
4650 540
6978 1369
6978 1857
4872 916
1479 2320
1479 6530
1479 5586
1479 4072
1479 6288
1479 273
1479 5572
1479 1583
3563 4615
94 5585
94 3125
6510 4038
6510 5683
6457 2744
962 5253
3671 5613
3671 2211
6439 4858
6439 5028
2556 6947
2978 3429
2978 4715
2978 4907
2978 356
4512 5720
6704 4006
6704 4936
6704 5747
6704 374
2740 4485
2740 6051
2187 2465
2187 2468
2187 6913
2187 3245
2187 4875
2187 3575
6331 1911
5133 6787
5133 3627
5199 1056
5199 6714
5199 2648
5199 4730
5199 6784
518 3330
518 6537
3856 323
3856 6777
3856 820
3856 2044
1811 4425
69 6549
69 5647
3658 6169
3335 581
3335 3275
3754 1994
3754 203
5855 6051
6005 4242
4369 4182
374 4936
374 3849
374 2447
374 6016
2293 4719
2293 4489
2293 962
5212 5955
5212 5262
5212 691
1436 6794
6337 3854
6918 5507
2340 6423
909 6342
909 4888
909 5394
6584 4196
6584 2508
6584 5128
1394 4397
1394 1832
1394 3305
1394 4196
1394 4548
1394 3834
1394 1111
1394 3534
1394 3961
1394 3391
1394 174
6755 3174
5294 4295
5294 4176
5294 4136
5681 4370
5681 740
5681 1132
5681 3790
7023 5117
2041 7056
4287 6897
3378 5319
3378 4143
3378 4826
3378 3116
3378 789
3378 3510
3378 3007
3378 3244
3378 1192
3993 2801
1320 6541
2967 383
2967 2847
2967 5090
2967 1473
3874 1641
3874 565
186 7038
186 6115
186 6529
186 6146
3691 6770
3691 4420
1845 323
1845 4859
5327 4972
5327 6358
6161 3652
6161 3695
6161 1078
6161 6677
6161 230
6161 1465
4638 3221
4638 2413
6086 1562
6086 4875
6086 1399
6086 431
2497 3003
4303 4308
4303 4548
4303 666
1095 1909
1095 4165
1095 5178
1095 2570
3206 236
2003 5462
2003 6458
6024 2789
6024 179
6024 4356
6024 808
6024 338
6024 5707
6024 5133
6024 2289
6024 831
6024 2528
6024 6597
6024 3486
3895 1596
3895 6838
3895 3343
3895 1280
6945 6296
4438 4719
4438 3357
105 774
2248 1160
2248 275
2248 877
2248 6256
3926 378
3442 6463
22 3132
3005 4766
3005 6750
1183 3190
2969 4717
2969 3339
5742 47
5742 5219
6753 1889
5937 2152
5937 7170
5937 860
5937 3340
5937 3193
2865 4420
4619 2340
1117 282
1117 4299
6000 4938
6000 4747
6000 4165
6000 6897
6000 2656
6000 1926
6000 4892
6000 3484
1907 672
1907 3148
1907 1974
1907 2709
1907 6087
7153 5115
7153 1070
7153 5947
7153 518
3771 3047
4346 388
5943 4402
1687 6408
1687 4340
1687 6251
1687 6584
1727 6096
6506 2351
6506 4721
138 605
895 6608
895 4850
895 4102
924 2968
924 5053
4768 6913
4768 621
2289 808
2298 6554
774 2948
774 5006
774 5503
774 2471
774 1120
774 2293
6531 2025
6531 5278
6632 184
6632 3716
2564 1472
4534 2932
4534 1408
2360 3379
2360 3568
6927 6326
2425 7083
875 199
6722 4907
3849 1622
3849 6088
3849 1192
5522 201
796 184
2343 1253
1405 758
2902 398
1347 3576
1347 556
473 5069
473 1426
6085 1559
6085 6543
691 843
691 5094
691 1928
691 5712
691 2847
691 6838
691 3329
691 7047
691 1640
691 4438
691 3343
1592 5115
1592 6003
1592 5865
1592 3920
1592 5681
1592 3343
2548 6541
3147 1354
3147 6671
3147 5683
3147 837
3291 3052
3291 1494
3291 4573
3291 1085
3291 6260
3291 5346
6951 2622
6951 5009
4082 4203
1036 3109
225 4407
6851 6595
6851 3098
6851 4119
6851 6995
6274 1078
6274 5253
6274 1783
6274 3690
6274 5667
6274 984
4297 4660
4297 580
4297 1561
4297 1677
4297 5211
7018 4285
5752 1562
6326 2106
6326 325
2943 6829
2943 2834
4092 49
4092 395
4092 5169
4092 2869
4956 4569
4651 2860
4651 7142
4651 4104
4511 4082
4172 2736
45 7113
7171 5686
7171 6094
7171 5119
7171 1012
6948 4924
863 5015
5487 1680
3482 2246
1328 782
1328 6927
4655 463
4655 7111
4655 1364
5164 5712
5164 3832
1964 3816
5314 3004
6529 575
4358 3708
4358 2112
4358 1940
4358 1273
3071 6259
3071 4660
3071 3730
3071 5039
3071 6590
3071 1561
3071 1495
1940 2660
1940 5504
1940 2615
1940 1324
1940 2575
6661 5064
6661 5861
5142 6842
5142 5665
5142 4075
5142 3908
6240 3342
6240 5197
6240 4852
2570 4954
2078 4930
2078 6423
2078 484
2078 2889
2078 3281
6117 5585
5041 1940
4612 6777
4612 7142
4612 4801
6512 4471
590 6933
590 4028
590 5534
590 1070
590 5596
590 3875
590 6607
590 5080
2859 5441
5650 5280
5650 5601
1273 5396
1273 1324
1273 4735
1273 5601
1321 3357
1321 431
4761 4394
5693 1372
166 4574
6829 3736
6829 2103
6829 1102
6829 4740
2368 1635
1135 4533
7022 4464
7022 4510
7022 6506
412 273
2553 5115
2553 3679
2553 5865
2553 3667
2553 5016
2175 55
2834 1102
3399 2396
3399 3906
3399 517
3399 187
3399 1684
3399 1238
3399 6251
3399 2973
4088 1863
1677 6259
1677 2560
5989 846
262 6885
4342 3273
2378 2530
2378 1428
2378 3494
2378 7153
4945 2958
4945 2428
2353 5344
3275 5346
5508 6142
5508 3756
5508 3290
5508 3007
5679 3283
5679 2508
5679 1687
741 4808
3368 1641
3368 174
4094 4196
4094 538
145 1856
145 5769
145 5742
145 6596
145 6260
5444 2660
5444 6092
2959 5218
55 3404
7011 6494
7011 3754
1020 5212
6936 4888
6936 59
6936 5394
6936 3849
5670 4282
5670 5745
5670 3890
3547 2457
3547 2627
3193 6122
3193 4152
3193 7024
3193 5065
3193 6590
3193 6363
3193 6501
3193 4932
3806 2684
3806 1272
3806 3793
3812 2277
3681 4281
3681 2393
1439 6591
1439 4722
853 325
2475 5303
2475 3343
950 4100
950 4396
950 3401
950 4389
950 6947
950 2556
950 2293
950 4947
2755 2578
4359 201
4359 4119
4359 666
3931 3779
3931 3812
5340 3385
5340 284
3876 3589
3876 3620
3876 4652
5986 342
289 4536
6208 2351
6208 2247
6208 3011
6208 6506
6208 5903
6208 5819
2272 3406
2272 3589
4119 3368
4119 666
2864 4109
2864 5754
6788 6511
6532 5441
2347 5714
3875 3458
3875 3862
3875 408
3875 4966
3875 1821
3875 6768
3875 3099
3875 5695
3221 5985
3221 35
3221 3663
3221 5346
7099 2905
7099 3525
7099 2766
5240 6553
5646 4258
5299 2019
5299 4875
2995 4928
3943 299
3943 1428
5268 5989
5617 3873
5558 3246
1058 2007
709 1832
709 6096
6304 3568
4578 2022
4578 1228
4578 5480
7083 4473
7083 5572
3819 2663
3819 5830
97 958
2528 3486
5892 2351
5892 3011
5892 1495
5892 1677
6358 7136
6358 1428
6358 5398
6358 518
6358 7023
6358 5117
6358 3343
963 3318
1837 4219
6271 5757
921 6660
5835 4311
3371 2899
3977 1936
4041 1529
6177 6464
6177 312
6177 3378
6177 5349
6177 5155
4203 2616
4203 2531
3765 485
3765 1687
6088 3004
6088 2351
6088 5877
6088 1818
6088 303
6088 5193
6088 2134
6088 3040
2934 5200
3054 5886
5358 4848
5358 1562
5358 2121
5358 1438
6212 2531
6223 3754
6223 1635
3100 6543
3100 987
6229 5319
2720 2499
2720 5022
6035 1803
6035 5394
6035 1952
6730 5236
3814 5959
4265 388
4265 6393
2737 1905
3520 282
3520 1283
3520 1258
2736 350
2736 3511
2736 6678
2736 5228
2736 2387
2736 2211
2736 7027
2270 4793
2270 581
5451 535
5905 6768
3391 803
1171 237
871 6562
871 2855
871 1111
871 4119
871 3221
871 1408
4400 5770
5125 54
7030 691
6183 54
6183 3186
6183 5125
3855 3627
3855 5133
3855 5151
953 1476
953 5647
1537 1832
1537 6201
1537 4251
1537 4082
1406 6142
3628 1389
3628 3007
5932 3234
423 5135
423 3866
1484 5135
7 3274
5114 6128
5114 5729
3432 6409
5207 4471
770 4837
770 3277
770 6244
770 5309
770 6457
770 1192
5151 2744
5151 3025
5151 7039
5151 5133
5151 79
4794 723
3343 3913
3343 3330
3343 5865
3343 808
3343 887
3343 3708
3343 3097
3343 2739
3343 4523
3343 2475
3343 4963
4161 7081
4161 1825
4283 6787
2228 6945
2228 6138
4222 2557
1339 3357
1339 2103
1339 2293
1339 4117
1339 5874
1339 2869
6360 4103
6360 7170
6360 6278
6360 4293
1449 2474
1449 355
1449 6438
2146 1926
2146 950
2606 5374
861 1825
861 6676
2622 5762
2622 4913
443 6030
443 1690
2194 1428
2194 518
2194 3343
607 4845
607 2393
607 4863
3067 6885
5660 1830
5286 5010
5286 2219
5286 5005
1989 555
1989 6487
375 4817
5371 7116
5371 6722
5371 984
2027 2615
2027 3790
1675 2805
1675 4686
1675 2590
1675 4841
1675 1562
1675 2293
1675 3244
4903 478
4903 4402
2359 1894
912 5308
4753 2991
2503 3375
1145 2310
655 5507
5910 3368
5499 3548
5236 2855
5236 2018
3536 7067
3620 2948
3620 1685
3620 1273
3620 1675
3620 1192
1046 58
1046 5927
1046 2413
2334 2911
2334 2351
2334 6184
3870 7175
3870 2066
3870 5216
3870 4959
132 2248
4852 5893
4852 1805
5631 5065
5631 5228
3858 580
3858 6051
3858 431
958 2903
958 6494
6998 890
3696 4747
3696 6996
3696 3961
3696 1465
3696 4092
3696 1635
4293 6278
4293 4724
4293 6360
5016 5865
5016 3506
5016 4530
5016 6358
5016 6177
5016 1005
6350 3428
5843 2457
5843 1428
5843 3875
6463 2106
6463 782
6463 2814
6463 3935
6463 6326
6463 5340
6463 4161
6463 861
6463 1344
5395 5685
3510 4100
3510 4938
3510 1926
3510 5302
3510 2901
3510 1182
2871 5559
2435 2964
1074 4836
1074 4196
1074 6135
1074 5902
1074 3485
1074 6051
1074 4560
2515 3274
2952 3475
5243 463
5243 634
5243 4220
290 6197
276 325
276 2814
276 430
276 4161
276 4817
5816 6147
5816 3820
5816 6468
4951 6058
4102 5319
4102 3538
4102 2901
4102 3510
4102 4892
4857 1141
4857 1732
4857 7033
4953 6945
4953 2864
4953 1816
750 6471
6849 6768
3012 6467
3012 4499
4477 6639
5211 1816
6971 6796
6971 3548
4151 6901
1995 6201
1995 3142
5588 1214
5588 5970
5588 1832
5588 6201
5588 3170
5588 4986
5588 4316
5588 2044
5588 1845
4191 315
4191 3896
2989 1166
5573 6423
5573 1857
5647 6275
5647 1688
4213 7110
4213 5357
4213 4897
6181 1901
6181 6719
6181 4055
2176 5346
3593 3538
3593 4747
3593 5278
3593 5423
3593 3043
3593 6531
5169 49
2094 4490
7077 4863
2131 877
5667 3695
5667 1641
5667 1455
5667 5253
5667 3888
5667 1465
5667 4092
6596 145
1445 1238
2565 3011
837 3287
837 898
3365 6227
3900 690
3900 3221
3734 3106
1690 398
2216 4193
2216 2889
6211 479
3089 5
3089 6838
1530 2472
1530 4709
1530 1562
2211 4196
2211 2009
4238 3910
1408 4397
1408 4533
1408 2855
1408 5806
1408 3047
1408 3116
1408 1562
1408 0
1408 581
1408 4450
1408 6250
1408 174
4842 1852
128 1042
128 1781
1876 1832
1876 323
1876 1905
1876 6313
2065 4389
4822 5368
3566 4518
3566 37
459 1331
459 5487
5626 2885
1329 1725
1329 187
1329 2685
1329 565
3657 453
3657 4119
3657 5117
3657 666
1124 1258
5417 2186
2428 5065
2428 2472
2428 538
2428 3291
2428 1135
2428 6062
3602 3218
6501 6590
6709 6066
5156 5578
2010 5935
2010 6574
3294 1230
1635 5319
1635 6485
1635 1926
1635 1838
6468 4126
6468 1740
6468 6463
6468 284
3959 6787
3959 68
4315 899
4315 2044
4315 3856
4561 890
682 4182
2069 1506
5874 4839
5874 7115
5874 5302
5874 2016
3672 115
3396 1951
3396 4951
2784 2388
1252 4769
1252 3274
5569 5441
5569 69
5519 282
2255 4311
6074 188
6074 5816
3486 3708
3486 4149
3486 2600
3486 6178
4595 349
2330 117
27 860
371 323
371 4091
371 1000
4403 2106
4403 2643
6040 3221
6040 1445
5078 5994
5078 1182
1663 2465
1663 1212
1663 2885
3811 6149
3811 2911
6036 5457
6036 4339
5014 5483
5014 5553
3001 4245
4164 1687
6647 47
6647 3584
6647 348
4817 6919
4817 1825
4219 3655
4219 201
4219 6594
1059 1078
1059 4220
4703 3125
570 7063
570 5119
570 3654
3553 6666
1857 4452
