7201 7285
7201 7412
7201 7302
7201 7270
7201 7456
7201 7279
7201 7441
7201 7427
7201 7219
7201 7368
7201 7191
7201 7339
7201 7204
7201 7429
7348 7184
7348 7222
7348 7416
7348 7445
7348 7429
7404 7184
7404 7188
7404 7329
7275 7412
7275 7223
7275 7450
7275 7270
7275 7456
7275 7362
7275 7256
7275 7218
7275 7441
7275 7446
7275 7262
7275 7368
7275 7339
7353 7445
7189 7381
7189 7184
7189 7251
7189 7216
7189 7188
7189 7213
7189 7214
7189 7428
7189 7315
7189 7259
7189 7385
7189 7329
7189 7439
7189 7451
7189 7346
7252 7412
7252 7270
7252 7441
7252 7191
7252 7339
7252 7429
7385 7256
7385 7188
7329 7216
7329 7256
7329 7188
7329 7214
7329 7451
7414 7246
7431 7227
7431 7408
7431 7448
7388 7412
7388 7216
7388 7270
7388 7256
7388 7294
7388 7441
7388 7284
7388 7335
7388 7201
7388 7252
7388 7368
7388 7339
7253 7227
7253 7408
7253 7416
7253 7361
7253 7459
7253 7445
7349 7429
7434 7298
7434 7448
7439 7184
7439 7329
7464 7184
7464 7222
7464 7416
7464 7445
7300 7416
7300 7247
7300 7445
7300 7339
7347 7216
7347 7320
7347 7402
7347 7298
7347 7385
7370 7445
7239 7186
7239 7192
7239 7342
7239 7200
7239 7263
7239 7339
7239 7429
7458 7327
7458 7185
7458 7257
7458 7448
7260 7216
7260 7446
7260 7339
7210 7456
7210 7339
7457 7395
7457 7463
7457 7280
7457 7406
7457 7441
7457 7239
7457 7339
7457 7429
7273 7216
7273 7188
7273 7441
7273 7320
7273 7402
7273 7385
7200 7429
7367 7441
7393 7240
7393 7406
7393 7321
7393 7417
7393 7299
7393 7421
7393 7250
7391 7246
7391 7297
7262 7293
7262 7339
7368 7416
7440 7285
7440 7412
7440 7453
7440 7223
7440 7227
7440 7216
7440 7270
7440 7456
7440 7279
7440 7362
7440 7256
7440 7218
7440 7441
7440 7284
7440 7201
7440 7252
7440 7239
7440 7219
7440 7262
7440 7368
7440 7191
7440 7232
7440 7339
7440 7204
7313 7246
7313 7297
7396 7424
7396 7187
7396 7285
7396 7395
7396 7186
7396 7453
7396 7288
7396 7226
7396 7441
7396 7361
7396 7236
7396 7446
7396 7295
7396 7427
7396 7239
7396 7219
7396 7401
7396 7429
7352 7448
7415 7246
7346 7188
7339 7293
7339 7285
7339 7453
7339 7450
7339 7362
7339 7218
7339 7416
7339 7321
7339 7231
7339 7441
7339 7361
7339 7446
7339 7283
7339 7354
7339 7194
7339 7445
7339 7390
7339 7300
7339 7239
7339 7262
7339 7368
7339 7448
7271 7443
7310 7426
7310 7453
7310 7230
7310 7216
7310 7240
7310 7256
7310 7222
7310 7337
7310 7406
7310 7321
7310 7441
7310 7290
7310 7417
7310 7361
7310 7459
7310 7402
7310 7299
7310 7355
7310 7421
7310 7298
7310 7348
7310 7250
7310 7390
7310 7239
7310 7393
7310 7263
7310 7339
7310 7369
7310 7429
7310 7448
7312 7448
7448 7402
7448 7239
7448 7200
7422 7240
7422 7406
7422 7321
7422 7250
7422 7263
7422 7429
7311 7184
7311 7218
7311 7416
7311 7441
7311 7445
7311 7368
7202 7395
7202 7280
7202 7206
7202 7291
7202 7409
7202 7339
7317 7246
