6650 1005
6898 1317
378 5994
378 5531
378 615
1103 4530
1103 6589
3728 6736
3728 5886
3728 1609
3728 5559
4905 6589
78 5178
78 962
685 6282
685 6754
685 397
685 1364
685 1000
1401 4196
1401 6579
1401 5211
1401 2211
5687 4569
3605 1754
3605 4136
6132 4991
6132 487
5658 723
3282 3040
7053 5290
7053 6149
533 2568
1052 6087
4108 6885
2375 222
2375 237
16 2685
705 5954
6864 5144
6864 4421
6864 2736
504 6351
504 506
504 4968
2277 1680
2950 534
2950 4426
2950 4279
3942 2025
3942 61
6739 750
4826 1832
4826 5278
4826 4196
4826 6051
4796 323
4796 1000
6296 58
6296 4152
6296 4508
6296 1408
6296 2413
539 2050
916 976
916 4872
6511 6781
6511 3343
6511 5016
1684 4397
1684 3689
1684 561
1684 574
1684 1744
1684 2413
1684 1438
3428 3780
3428 3214
927 7081
927 782
927 1328
5394 981
5394 3349
5394 3683
5394 3735
4153 4869
692 575
692 2865
6749 478
4803 551
4803 1770
103 2545
103 2430
103 548
1029 1813
1029 430
1029 1825
1029 1990
4591 4024
4591 6384
3273 18
2086 187
2086 4885
2086 3283
2086 3368
3616 6590
6678 5613
6678 2413
6678 2009
5520 6900
3170 1214
3170 463
3170 4770
3170 523
4750 6488
1602 5988
1602 4477
6170 6275
4305 575
1555 3493
2303 252
6594 1283
5505 3416
3587 2752
1818 6071
1818 2134
1818 5117
1818 806
6407 6244
6407 3099
6407 721
7136 2789
7136 5611
7136 722
7136 3025
6198 3048
3834 5686
3834 113
3834 3951
3834 1074
2463 854
2463 634
6108 5914
6108 2118
6108 2568
6108 2737
6108 5588
487 1198
487 2418
4770 463
3544 3913
3544 3401
767 2888
767 5886
767 3920
767 1240
2127 669
2127 4334
1022 6662
1022 6423
6018 3262
6018 5886
6018 590
6018 1690
3247 2225
3247 5799
3333 7008
6667 3204
6667 5086
5662 671
4402 6809
4402 6852
4402 1562
4402 3045
1384 485
1384 4151
836 6554
2545 2615
2545 722
337 2994
337 6511
6876 4897
658 5905
658 1074
315 647
2851 6838
2851 7153
2851 5016
2851 2861
6140 5020
6140 4956
889 723
889 3003
3490 6714
3490 873
204 5970
204 6201
4966 3004
4966 1942
4966 5286
4389 6903
3934 3183
3025 312
3025 5216
3025 7023
106 99
106 1537
6883 4311
6883 4666
6883 5468
3116 17
3116 1622
1709 2312
1709 4143
3893 6891
7052 945
2866 6885
6128 5729
6128 4817
2118 2044
653 6091
653 2525
3647 6149
3647 2351
4916 1014
6808 241
6808 6169
6808 99
6808 2223
2319 377
609 1401
609 1259
1920 6096
3318 4711
5724 18
5724 4100
5724 3208
5724 6485
5724 2779
5724 6897
5724 3401
5724 859
5724 4317
5724 1465
5724 3696
5724 6696
5724 984
3403 2350
3403 4760
6750 4469
6750 1275
6750 7090
6750 419
2560 3010
2560 3674
5482 2189
5482 4196
5482 1983
5482 4355
5482 4119
5561 3044
5837 1677
5837 681
1801 3826
5216 5094
5216 3725
5216 5334
5216 4959
5603 58
5603 3016
5603 325
5603 4295
5603 6590
5603 5590
5603 1871
5603 853
5603 3001
4999 6489
4999 1783
4424 4584
4424 1465
410 5261
410 1687
410 582
4980 2066
2064 5065
2064 2472
2064 4508
2064 5332
2064 3573
2301 5556
5799 7175
5799 2545
5799 6589
5799 2600
5799 3875
5799 6178
5870 2767
5870 2115
2629 49
2629 4839
1456 2607
1456 5695
1228 6091
6830 6320
1584 4352
1893 2736
3183 6282
3183 6338
3183 3934
3183 4986
3183 6179
3183 3928
3183 2044
3183 5588
3183 4220
453 4219
5645 6293
5645 6393
4348 241
4348 6169
2030 4211
4717 731
6049 4691
3708 3547
3708 5016
3708 2255
4746 1546
4746 2334
2666 2022
6901 2085
6901 2685
5439 1426
929 6464
929 4094
4646 4428
3284 1174
3284 3066
3284 3873
5284 2310
5284 2447
556 602
556 4461
556 94
556 3421
556 3819
6992 4875
6992 3075
5886 5955
5886 5289
5886 4700
5886 6300
4841 5280
4841 3357
4841 1132
4841 3378
4841 5127
731 4038
731 4660
731 6671
731 5892
731 1449
877 1693
877 1522
4401 143
4401 273
4401 4861
2486 6655
6642 1136
6642 3251
3873 4695
1404 3187
1404 1816
3963 4960
3963 4309
3963 2019
5329 2860
2019 4498
2019 4276
2019 125
5426 5319
5426 4165
5426 1797
5426 1025
5426 3510
5426 3068
5997 2814
1106 6306
1106 5298
2867 4355
2867 4082
3476 6662
3476 68
3476 5133
3476 1258
5653 2185
5653 6933
5653 4131
5653 254
5653 1781
5653 1604
4908 2351
303 4289
303 3935
303 3849
303 4494
1594 6045
4554 5456
4554 479
4554 1968
917 6666
1529 3145
1529 4717
1529 5683
1529 4515
1529 4136
3706 1240
6882 2121
7121 4848
7121 2068
7121 6882
7121 3883
7121 3340
6384 4092
2156 5368
2156 3148
5113 5044
5113 2685
5113 3368
5113 2176
3739 323
3739 6489
3739 1783
3739 4999
5683 3259
5683 2974
5683 5125
5683 2565
5257 2023
5257 1646
3069 6729
6495 5886
2430 3832
3560 3162
4674 4006
4674 4888
4674 17
4674 5394
4674 2310
4674 4872
4464 3011
273 5368
273 5093
273 1583
273 3221
273 5103
1396 3589
1396 2083
1396 556
6052 6652
1974 1476
1974 5396
1974 6135
1974 3098
1974 1495
1974 3520
1974 1258
2033 541
3175 3300
3175 1525
3175 6468
3175 1344
4861 3221
4861 6087
5400 2041
5400 1635
6093 2710
6093 1120
6599 2233
6599 2071
6599 6244
5197 710
5197 1805
5197 2119
5197 984
768 5563
768 1701
4318 7149
4318 2236
6130 5535
6130 4559
6130 4505
6037 6589
1388 2340
1388 3354
4928 463
4928 2186
4928 469
4928 1078
4928 1783
4928 4240
4928 3068
2246 1783
2246 5734
3974 2205
1485 1465
1485 4219
3720 1494
3720 4709
3720 5415
3720 4309
3720 5754
3720 3291
3720 1124
3720 1246
5408 388
5408 1559
5408 6543
3690 2116
3690 230
3690 2041
7104 826
7104 1088
7104 4140
7104 6032
7104 5009
6357 4827
6357 6514
6357 4245
6357 4932
5196 517
5196 5745
6727 4410
6727 6417
6727 5359
6727 4355
6727 6829
7182 4559
2073 378
135 2675
135 3723
135 1000
6449 890
3106 2967
1238 6278
1238 4078
1238 1684
1765 5723
1765 5100
1765 6529
4596 2870
4596 3302
2444 229
2212 7182
7178 6529
621 5031
621 4505
2055 138
5754 4960
5754 58
5754 4432
5754 506
5754 3520
5754 6909
5754 1258
198 2563
6639 7033
6639 1952
6639 6843
6639 4095
4 4907
4 5417
4 3068
6361 1639
2112 1685
3767 2303
3124 7110
3124 1816
3124 5721
3398 2805
3398 6714
3398 2351
3398 3047
3398 2560
3398 2714
3398 6506
3398 1677
3398 4589
6280 24
5315 4573
5315 3894
5450 2710
5450 6589
5450 2528
1562 6714
1562 5603
1180 3768
1180 375
1180 307
7128 49
3488 2254
3488 723
5102 4299
5102 4566
5773 3140
5773 5527
5773 6188
5773 2978
910 449
529 5970
529 5339
529 4196
529 2568
5077 3287
5077 339
5194 6838
5194 1891
5194 5442
5194 3875
4775 5680
4775 3439
4775 6809
4775 1658
3992 2812
1332 5562
1332 4289
1332 4638
1332 2175
1332 4953
1332 6909
1332 1816
1332 2413
6224 6755
551 6877
551 4358
3303 2616
267 3560
267 1680
6214 3730
1498 4302
3705 5216
3705 1727
3705 2902
420 3274
3167 4308
1567 2952
6488 6550
6488 2206
6488 1314
5429 4489
4680 4471
4680 5953
5659 4471
4777 2025
1658 5368
1658 6087
4799 6098
6500 5680
6500 5368
6500 1658
6500 2709
947 4769
1296 1399
1296 6971
4569 2708
4569 1116
4569 2915
4569 2802
4569 358
4569 375
4569 6463
4569 4136
1148 4152
1148 6351
1148 2449
1148 6357
1148 6514
1148 4534
1148 4945
387 3192
2795 1125
3098 3663
3098 1253
196 705
0 2152
0 5937
5310 6752
5310 2516
4010 4465
5598 4533
1428 3600
1428 4028
1428 5865
1428 6511
1428 5398
1428 5016
789 1423
789 1165
5398 6933
5398 1891
5398 722
2802 5603
3860 6529
3860 677
5159 701
2204 4471
4536 6142
4536 3595
4536 3349
4536 3212
4536 5835
6937 2557
6937 5201
6937 4402
6937 750
6136 1675
353 1863
4459 99
4459 3866
2614 1053
2614 7176
2614 898
3022 2736
800 5827
800 4024
800 2293
3427 3784
2709 6550
2709 4309
2709 4573
5064 3041
7008 3273
566 1088
566 1905
859 4196
859 4389
859 1635
859 3568
5771 4863
4333 6390
7145 584
2317 4336
5108 3913
5108 6464
5108 5022
5108 3984
6316 4196
6657 405
6657 2018
6657 2313
4421 2428
5972 1854
5972 4575
5972 1217
5972 5645
5972 6331
5972 6085
5972 3100
341 2994
341 1337
5193 355
5193 6772
5193 3011
6200 2413
3837 4360
2685 565
1120 3357
1120 555
4176 58
4176 5952
4176 4518
4176 5519
2354 621
2354 4505
6628 3953
4734 3679
957 255
957 1832
894 4598
894 5937
6888 111
5765 1822
5490 6838
5490 2301
5490 3097
5490 2457
5022 808
4697 3048
4697 5914
3011 6259
3011 6714
3011 2351
3935 2891
3935 2635
3935 7081
3935 2157
3935 5298
3935 5683
3935 3293
3935 6326
3935 3125
2130 5449
2130 6772
2130 5122
2130 1273
2130 2821
4990 2413
4545 5815
4545 2908
2448 1850
6611 487
5214 5462
5214 575
4897 2540
4897 4498
4897 3232
4897 5754
4897 5989
4897 2393
4897 4932
3599 3072
3599 6787
3599 3627
3599 5989
3599 6387
3599 1258
1821 5327
4399 2736
35 5065
35 2869
1298 5280
1298 3063
6115 6529
649 4024
649 7175
649 5287
649 4707
649 2728
649 6680
2129 4533
2129 4704
2129 3681
4091 6754
4091 4316
2996 3906
6188 2978
4009 4228
4009 3704
727 1952
1118 17
1118 551
1118 3290
1118 94
1118 2388
1528 6464
1528 5924
1528 2003
1528 5005
107 5680
107 750
6256 538
6256 1522
6256 2413
1851 1635
4801 4928
4801 6179
4314 338
528 2206
5386 3784
5386 5757
5386 6792
3896 2396
3896 3286
3896 4573
3896 4018
3896 3085
6298 721
6295 538
6295 2328
2739 6990
4390 6024
4390 5487
4390 4413
6174 3780
5518 6027
4666 4837
4666 629
3163 6958
3163 347
3163 4808
3163 5315
3163 2428
3163 6835
4312 3873
4929 3190
2593 1206
4523 6158
1462 4527
723 2752
4827 4639
2766 1240
1276 2007
7085 797
1583 143
1583 2842
1583 1658
1583 3334
1583 1408
1583 4407
4408 3000
358 5350
358 2635
6279 1604
3674 5396
280 4230
280 222
6313 6417
6313 2568
392 6201
392 3534
1270 3875
1831 4152
4584 4308
4584 1778
4584 5347
4584 1408
4584 666
2038 5710
5935 4308
1617 2430
1617 4317
3779 2219
6778 2958
6778 347
6778 4727
6778 967
6987 2812
6987 887
4447 1974
3110 3010
3110 1324
3110 4841
3861 2814
3861 5687
6965 7004
6839 426
6839 6201
6839 4511
6839 1537
5823 3906
1805 4220
2797 5886
2797 6998
3790 3116
3790 4420
3790 3244
4046 4017
4046 5063
4046 3396
523 1832
523 4410
523 6159
523 4770
5615 507
5615 4559
5615 5902
5615 2364
3297 2428
1468 4152
1468 2152
1468 6351
4824 2052
4824 1845
4824 1292
4824 3962
6227 3273
6227 7008
4326 6142
4326 6185
4326 4358
4326 3007
6979 1185
1881 1192
5220 179
5220 4549
5220 6306
5220 2474
5220 2626
5220 1544
5220 5405
5220 3755
6437 5066
6437 4336
6437 6838
6437 2838
6437 5080
3793 6616
3793 945
3793 3090
6244 1
6244 1132
6244 3976
6244 6883
6244 5653
6244 3166
6244 3378
6244 1604
593 5903
5614 5970
5614 3142
5789 3286
5789 3894
5789 3368
3611 2035
3611 1529
3611 5295
3611 7177
3611 3340
3611 5822
3611 4161
3611 3294
3611 4684
3611 3339
342 1319
342 3553
4875 431
4875 3339
3334 2842
2121 6377
2121 4875
2121 5405
136 3063
136 5449
136 17
136 4545
2043 6993
2043 6768
2043 5199
2760 3274
5295 2247
5223 3832
4759 7110
4759 480
5378 4938
7036 731
7036 5683
7036 817
7177 318
7177 504
4450 5144
5412 2669
6133 4382
4510 5683
4510 3011
4510 3281
4510 1495
15 857
15 1049
15 24
2830 308
4355 3663
4355 3961
2139 2188
5244 2738
1239 1889
1239 2992
1239 3510
1934 653
1934 5988
1934 5480
3894 6278
3894 155
3894 3116
3894 7182
3894 2709
3894 3340
3894 6768
3894 1206
3894 4119
3894 1046
3894 4863
3290 6877
954 5893
1544 5122
1544 2585
1544 4841
1544 1663
3281 5017
3281 6768
3340 5927
3340 4051
3340 916
3340 3883
3340 4326
3340 3075
3340 3311
3340 6563
3340 4468
3340 6692
3340 4989
3340 1438
2345 3916
2702 2938
2702 5139
4986 463
4986 4824
5616 1832
5616 5905
1952 6900
1952 719
1952 4536
1952 5386
118 2948
5917 5121
3136 325
3136 358
3136 2139
1547 2186
1547 3429
2016 4747
2016 3401
2016 5108
2016 2293
2016 1465
2016 6753
6151 2475
3663 453
3663 3790
3663 4707
3468 5278
3468 4396
3468 1182
3468 950
3468 2973
3075 5633
3075 54
3075 580
3075 5017
3075 2121
3075 2187
5664 255
5664 5587
3085 1561
3085 3221
5158 5350
5158 1449
5158 3125
1098 3040
1098 4823
4530 2545
4530 5022
7095 4485
7095 1845
6450 18
7015 5905
7015 1258
3815 5857
1657 927
1657 6463
1846 534
1846 5226
6548 2472
6548 1562
1290 3597
6042 4082
6042 682
401 3000
401 5186
70 2007
1426 1035
1426 6909
6891 575
6768 3821
6768 6805
6768 2068
6768 538
6768 1606
1655 1685
1655 3146
1655 2990
1655 6024
2837 4521
5747 1014
2161 4104
5967 5954
5967 4717
37 4295
4881 5031
4881 5119
3320 58
3534 4397
3534 174
3534 666
4810 4471
4489 78
4489 4907
6514 1283
6514 538
6514 2826
6514 229
820 463
5375 7036
5375 2565
5741 692
5741 5117
447 3856
4880 1221
1495 1607
1495 4143
1495 6799
6250 5475
6250 538
6250 3894
4581 2429
4581 6748
6724 7111
6724 4061
3667 6464
3667 1258
3033 2948
3033 4093
3033 1685
5730 4370
5730 6358
3083 1335
3083 479
5228 3957
5228 4411
4907 3695
4907 5330
4316 1641
4316 1000
3426 6660
3597 5579
3597 1320
6251 1693
6251 192
100 1408
6203 6885
6203 4771
1622 5783
1622 3849
1622 2843
68 1230
68 5151
4455 769
3186 903
3186 3044
3186 54
