4460 3148
4460 2156
4460 5754
4460 3098
4460 4953
4460 3012
4460 4407
6184 4370
6184 6423
6184 5199
6330 4360
6330 199
6330 7087
3684 17
3134 5720
3134 3920
3134 5487
2222 1933
4302 5555
4302 3274
4302 3612
4302 974
4573 4474
4374 7016
4374 171
4374 2869
5945 5470
5945 3854
5945 2448
931 4769
2071 118
2071 6752
2732 1685
3561 1476
3561 1687
6071 1230
6071 892
6071 6787
6071 6132
6071 4378
6071 1465
6071 4092
1970 3406
1970 349
1970 4595
1970 4652
479 843
479 2872
4839 18
4839 255
4839 1641
4839 6485
4839 2103
4839 6996
4839 4389
4839 859
4839 985
4839 2556
4839 2978
4839 2293
4839 4068
3549 1085
5963 3274
4687 1182
7105 843
7105 184
7105 2870
7105 1976
7105 859
7105 2298
2018 5970
2018 1983
2018 7128
2018 3883
2018 2345
2018 6574
2018 2187
2018 1576
2018 871
5144 4858
5144 4598
5144 860
5144 6260
1840 43
2299 3820
1786 3620
2066 7175
2066 3761
6690 6891
187 109
187 5741
187 5788
1474 134
1474 3120
1474 6135
1474 1117
1474 3548
1685 6768
1685 79
5899 6554
5899 836
805 4872
2558 201
2558 1494
2558 453
2558 5236
2558 3672
6537 5262
6537 4398
6537 6838
6537 1456
6537 3667
6537 691
6537 3343
6537 5016
6537 1690
3429 1088
3429 5330
3429 5278
3429 3342
3429 3066
3429 4374
3429 7115
3429 4878
3429 3043
3429 2978
3429 2869
4793 6711
4793 6744
4793 4075
4793 3894
4793 3335
5357 4739
5357 5825
1434 5632
2034 5278
2034 680
2034 5848
2034 5426
2034 2293
2034 1727
2034 2902
2034 2570
2034 3696
2034 2119
1556 2911
1556 2351
1556 3630
1556 3281
1556 1677
1556 1449
1556 4494
4816 6201
2324 415
2324 5350
2324 2247
3047 5045
3047 1126
3047 17
3047 4908
3047 1622
3047 5199
3047 1989
3047 1408
3047 2413
2114 843
2114 4527
2114 184
2114 3164
1237 1320
1237 166
4242 535
4242 903
4242 6772
4242 4989
3234 3004
3234 5229
849 4308
849 6581
849 3834
849 3534
849 1206
849 6442
849 174
849 666
849 1937
5178 1455
5178 4396
5178 2656
5178 2016
3401 4707
3401 2065
3401 5874
7161 1012
7161 5005
7161 5346
7161 4505
248 5562
248 5007
248 837
1912 6591
3015 356
3015 3510
3015 5667
3015 4220
619 3600
619 3506
6528 5444
5038 326
7101 4131
7101 6890
5546 2805
5546 6427
5546 6671
5546 2843
2471 4370
2471 3129
2471 805
2471 120
2471 1622
2471 305
2471 6358
2471 6971
2471 1575
2471 4702
4473 3937
4473 4224
4473 45
4473 6087
2896 6744
2896 6595
2896 538
2896 4078
2896 3221
3933 3679
6408 5547
6408 1693
6408 6584
6408 1687
1504 2543
1504 4511
3478 985
3478 3068
6186 2635
5993 2578
5591 3246
5591 5357
5591 3068
5591 3890
3985 3000
3985 1272
3985 6835
2338 4193
2338 2911
2338 6912
5455 2888
5455 5886
6460 6838
6460 1428
6460 5080
740 2351
740 5801
740 6244
740 6117
740 4821
5100 1928
5100 5423
6423 1147
6423 303
6423 3144
6423 4730
1493 6976
1493 5006
1493 6772
1493 2471
5605 6847
5605 2991
5605 3111
5605 4276
5605 6549
5605 4573
5605 175
5605 7039
5605 6275
5605 6250
5605 5905
5605 1124
5605 6062
3610 1548
629 3881
629 2690
629 4006
629 4617
629 4122
629 3529
629 2767
629 1010
629 6911
629 3708
629 4990
629 6244
629 3378
629 3814
629 2784
629 5075
5725 6317
5725 859
5725 1465
6652 2068
920 454
920 504
5365 5590
5365 237
5898 1221
5898 3428
5898 969
205 6650
3159 4769
3159 578
3159 1026
2234 6958
99 5135
99 605
99 1832
99 4832
99 6442
99 3068
4240 2053
4240 1783
4240 854
4240 4928
4240 4986
4240 6032
4240 5009
3518 2828
3518 3274
3518 4941
4078 5994
4078 1641
4078 1885
4078 574
7004 4880
1009 426
1009 2169
1009 5773
1009 1601
2701 4330
2701 3698
2701 540
589 6730
4735 774
436 2805
436 6973
436 5220
5040 6501
2365 3274
2020 3439
2020 6809
1132 6216
1132 846
1132 5319
1132 4938
1132 2767
1132 1493
1132 4826
1132 3116
1132 4841
1132 3476
1132 3674
1132 3340
1132 64
1132 3244
1132 3068
1132 4932
6666 1790
6666 3589
6666 1970
6666 7093
6996 3990
6996 5319
6996 4420
6996 1635
2493 5721
5809 49
5809 431
5150 6209
5150 4889
5150 1995
886 4907
1150 5094
1150 2870
1150 3708
1150 4596
1150 3302
1882 1037
1882 6993
1882 1369
1882 5785
5947 3679
5947 3330
2656 3695
2656 5715
945 2429
945 6301
1522 4592
1522 1160
1522 3167
5677 5501
5677 4850
5677 1906
6603 2329
6603 5424
6603 74
6603 2428
120 3635
120 3245
120 555
120 3681
6799 4925
6799 6586
6799 2767
2609 478
2609 6768
2609 1101
6378 3314
6378 179
6378 6008
6378 6358
6378 5695
1586 3832
1985 1466
6129 1070
74 1476
74 4994
74 424
74 2781
74 2952
74 1688
4072 6541
4072 3221
2349 3299
2349 1889
2349 5278
2349 6096
2349 4826
2349 4954
2349 6000
2349 3510
2349 4102
6710 6427
1086 6291
1086 387
2706 4024
348 2603
348 2917
348 4285
348 145
348 2413
2287 1351
3449 2577
3449 1926
3449 1528
3449 6585
3449 1465
4506 3138
2538 1335
2538 417
2538 3086
3766 916
3766 1989
3766 2843
4791 4928
4076 5503
4295 6523
4295 5603
4295 4176
4295 6742
699 2025
699 2023
699 1280
2676 517
2676 6408
2676 1687
2676 2131
5166 6146
1948 2690
1948 6908
1948 1493
1948 3708
1948 2112
2932 7063
2624 282
2624 6463
3304 1640
4456 5284
3716 1976
3716 4846
3716 5223
3716 3568
2956 1852
4282 4573
4282 3720
4282 4022
4635 5192
4679 6564
4679 4907
6368 424
6836 6467
6836 6432
7115 18
7115 255
7115 7016
7115 2615
7115 3378
7115 2219
7115 3068
5847 5613
7181 6251
7181 4658
5122 2314
5122 3272
5122 4545
5122 94
5122 6499
5122 62
5122 4300
5122 2890
222 3526
222 6919
222 4518
222 4977
222 325
222 2814
222 4295
222 1562
222 4176
222 6463
222 4136
3960 763
3960 4196
3960 3098
3960 1408
3960 6501
3960 2009
1856 2529
1856 4409
1856 1769
5665 2254
1825 5692
1825 2624
1825 5860
1825 3175
6925 6876
2941 4832
2941 5657
3177 4360
6952 1462
6952 691
3756 6714
3756 602
3756 4908
3756 3272
3756 873
3756 2220
3756 1582
3756 2821
1102 1832
1102 957
2050 4308
2050 6581
2050 5482
2050 3391
803 7067
803 692
803 5741
803 6585
2164 2618
3615 463
3615 1182
7002 5448
2683 3507
2683 4536
2683 1952
2683 3212
2683 3943
1004 443
2100 6008
2100 5988
338 789
338 6024
338 1701
3725 4719
3725 5042
3725 4938
3725 2847
3725 6187
3725 5799
3725 61
3725 2293
3725 1125
3725 1643
3725 3486
3725 1280
3725 1957
175 7170
175 2605
175 860
4704 1493
4704 1562
4704 581
4704 1253
4047 964
4047 6896
2279 5994
2279 6051
1418 561
1418 5500
149 1374
347 5475
347 453
347 4881
347 3221
347 4729
3337 3298
3337 4189
3337 854
484 3458
484 6714
484 355
484 916
484 2560
484 1544
484 3819
484 6487
4865 255
4865 4024
4865 859
3976 5621
3976 4001
3976 6356
4728 5631
4728 1769
5860 782
5860 5541
5860 927
5860 6927
5860 5206
5860 4528
6590 6847
6590 4518
6590 49
6590 5603
2953 4818
3828 2027
5673 3004
5673 6071
6826 1852
854 2044
6135 3470
1926 3736
1926 3702
1926 4389
1926 1182
1926 5573
1926 806
4878 557
4878 6051
4878 5587
4878 431
17 3010
17 5803
17 3576
17 3426
17 4872
2982 3087
2982 2031
2982 3974
2982 424
3759 1083
3759 6282
3759 1641
3759 323
3759 2675
3759 2740
3759 1845
3759 3482
3759 6032
2616 5135
2616 1832
2616 6201
171 5503
171 6897
171 3966
171 2293
171 4117
171 5169
171 5874
171 2869
506 1080
506 1930
506 1778
506 1332
506 1408
506 3574
506 148
5023 4858
5023 6439
5023 2736
308 3434
308 5683
308 6503
580 5017
580 6992
5743 5562
5743 580
5743 3339
6676 2803
6676 6463
6896 688
733 519
4205 2891
4205 123
4205 1632
966 5547
966 4281
966 6616
966 4704
966 7182
966 1148
966 5615
966 4945
3472 6278
3472 347
1913 6306
1913 6729
1913 5783
1913 1622
1913 1675
1913 62
6078 2845
6417 5970
6417 4308
6417 3415
6417 543
6417 1832
6417 2779
6417 2568
704 722
704 4400
2612 6788
608 3874
608 4945
2585 1902
2585 261
2585 2927
2585 5499
3832 5503
5877 2488
5877 1511
5877 5683
5877 3935
5877 3849
5877 1061
2645 2023
3980 4318
3980 7182
3980 3245
3980 1728
3980 3575
6719 3140
6719 5059
5778 6244
2986 5302
4449 374
5541 1828
5541 782
5541 1825
5541 5860
5541 5158
5541 6927
6973 2805
6973 2663
6973 2589
6973 5039
6973 436
6973 1913
6973 6487
3148 872
3148 6809
3148 4508
3148 6542
3148 5754
3148 6945
3148 1408
3148 4407
1931 4867
1931 5357
1931 4816
1931 5591
1931 4724
5611 6978
5611 5005
312 5535
3072 5885
3072 6662
3072 1230
3072 870
3072 6636
3072 3980
3072 6787
3072 6132
3072 6094
3072 4318
3072 6971
6187 3913
6187 676
6187 5214
6187 3468
125 480
125 2019
125 1974
125 1253
125 1258
2842 5093
6159 4472
6159 6818
1441 5687
1441 5603
318 4960
318 4660
318 2035
318 1376
318 2479
318 4717
318 7036
318 1495
318 2969
318 6269
318 33
318 5081
1636 6091
1636 3553
6606 4193
6606 2635
6606 6306
6606 3285
6606 3674
5686 5902
3854 71
3854 4615
3854 524
3854 5757
3854 1776
133 7110
133 480
133 4897
1457 7015
1457 1258
4419 3000
4419 3803
4419 16
4419 3672
4419 6615
3146 5507
3146 1655
3146 6024
4444 5845
4444 6472
4548 4848
4548 2855
4548 3109
6448 2556
6448 5078
6448 7062
340 556
340 4821
340 696
1794 1693
1794 1445
7038 5859
7038 6885
1740 3935
1740 4161
1740 6468
5447 18
5447 5712
5447 395
4698 3752
4698 5278
4698 3942
4698 2293
4698 6051
1156 4769
2562 7153
2157 415
2157 3809
2157 535
2157 4143
2157 1495
2157 6506
2157 3339
669 2832
669 338
669 2585
669 3819
2927 3458
2927 535
2927 6197
2927 5039
2927 6423
2927 487
2927 6646
3506 2261
6015 1876
6015 6907
524 1222
524 2448
4721 2488
4721 4143
4721 602
4721 303
4721 774
4721 3849
4721 1677
804 6602
7165 1783
7165 4240
7165 2044
7165 5009
3450 3357
4075 1808
4075 3396
5745 5591
5745 1330
5745 5196
5745 5071
5745 3894
5017 4607
5017 6805
5017 4051
5017 2121
5017 5405
3577 5148
509 3306
509 4897
6443 2832
6443 556
814 2905
814 4536
6199 119
6199 2044
6199 3856
4255 583
4556 1540
5020 1828
5020 2143
5020 6553
5020 37
7033 260
7033 551
832 6591
832 2768
832 3428
832 3273
832 5685
5302 3702
5302 450
5302 950
5302 5573
5302 806
3065 2481
6794 4938
6794 1455
6794 4396
3041 1037
3041 3730
3041 4276
3041 5415
3041 6549
3041 1778
3041 7015
3041 5695
6787 780
6787 621
6787 2354
2632 1693
2632 1687
2632 4151
2632 4411
2972 4471
1560 3600
1560 691
1372 731
1372 5693
1372 5405
5093 214
5093 6958
5093 2329
5093 6549
5093 3090
5093 5864
5093 3793
5093 5742
5093 6596
5093 569
5093 4411
5093 6260
5093 5721
5093 6119
979 2638
979 5806
979 2160
979 2428
3838 6809
3090 1723
3090 1870
3090 6655
3090 3105
3090 4201
3090 3806
3090 6596
3090 1445
3090 5037
860 5547
860 3261
860 5093
860 2160
860 35
860 5613
860 3663
860 5742
860 1348
860 4084
2873 5441
3277 6008
3277 887
3277 6987
3277 4095
3277 6890
4236 3357
4236 3832
5830 1663
5830 4300
6553 2222
6553 4295
6553 1029
6553 5158
6553 37
6553 1871
3957 145
3957 3806
3957 3221
3957 5037
4051 4848
4051 4875
4051 5405
6288 5424
6288 454
6288 6500
6288 3334
6288 4407
6288 2413
4492 6001
6451 5914
5453 2508
6917 4789
6917 1289
6917 6322
6917 2202
6917 5959
6023 2301
6023 3097
4045 1811
2429 945
4749 4469
4866 5379
7047 3600
7047 2301
5801 2560
5801 6093
5801 5989
5801 3125
394 4902
394 1357
676 4452
676 575
2734 2901
2734 4826
2734 1025
2734 6531
172 5560
4461 1126
4461 3063
1744 5308
1744 2509
1568 6360
2356 5012
2356 621
2356 2187
2356 6301
155 5489
155 5031
155 453
155 4827
155 6514
155 5797
155 4119
155 4245
155 570
155 1253
5298 1939
5298 6714
5298 5638
5298 602
5298 1449
5298 3113
722 5535
722 1042
722 3146
722 4400
722 3007
5031 2468
43 1157
43 3287
2410 1816
4832 3060
4832 5657
1489 5830
1489 6695
5088 561
5088 3850
5088 7057
6577 4972
306 3730
537 4855
6008 71
6008 556
6008 5988
5576 2638
5576 2160
5601 1126
5601 2115
2479 2121
2479 6086
2479 3858
2479 4468
2479 1438
4250 1212
4250 1796
4319 4994
4319 3730
4319 5357
4319 5941
4319 69
4319 1124
5494 4034
3283 3121
6650 6244
6650 459
1983 2943
1983 2834
6898 5859
6898 186
6898 1490
378 2044
1103 3600
1103 3097
1103 1617
3728 3595
3728 729
3728 4561
4905 5799
4905 3627
4905 1005
78 255
78 4938
78 4396
78 6794
78 4591
78 5198
78 4220
685 4316
1692 1401
1692 1038
1692 7027
695 5065
695 1374
1401 4598
1401 1692
1401 1038
1401 3221
1401 6995
5687 6919
5687 5603
6429 2915
6429 3136
6429 5158
3605 610
3605 2028
3605 4508
3605 430
3605 1529
3605 2156
3605 5754
3605 3935
3605 3611
3605 861
3605 6463
3605 3012
3605 4515
6132 6662
6132 6787
4433 1290
6175 4574
3914 3974
7053 6259
7053 4660
7053 2471
7053 3011
7053 7036
7063 6275
4237 7083
1052 5943
1052 4272
4108 3159
1330 4938
2375 1933
2375 4518
2375 2296
4378 3004
3886 6066
6180 5994
6180 450
6180 2430
6180 1646
1640 3832
1640 4236
1640 417
1640 925
16 575
705 4717
705 5405
6864 860
6864 167
504 41
504 5562
504 4960
504 1548
504 2209
2223 5135
2223 849
2277 186
2277 5487
2277 459
2950 2752
2950 4196
2950 4010
2950 4691
2950 5755
2950 4951
3942 5278
1561 1703
4826 18
4826 6096
4826 5503
4826 171
4826 4725
4826 2293
4826 431
976 7123
976 848
2046 58
2046 5021
2046 4863
4796 1088
4796 378
4796 2622
6296 6655
6296 4115
6296 4407
916 4837
916 3247
916 94
916 4589
784 4527
6511 5115
6511 5865
6511 6537
6511 1867
6905 3247
5012 3810
5012 3883
3438 3596
1684 5994
1684 4848
1684 4132
1684 44
1684 2121
1684 666
927 1587
927 3175
5394 3314
5394 1265
5394 6320
5394 59
5394 1622
5394 5199
5394 4879
5394 6088
5394 1145
5394 4477
4153 4
3262 6018
3262 691
1340 2493
692 3440
692 5741
692 3875
6749 2557
6749 4402
4803 6035
522 4945
103 2615
103 5287
103 1640
103 784
103 691
103 1646
5170 6805
5170 6909
1029 2051
1029 1623
1029 3294
1029 6872
4591 1387
4591 5253
4591 7175
4591 4865
4591 5216
4591 6136
4591 859
4591 2293
4591 1321
4591 6600
3273 3913
3273 4317
3273 2298
3273 24
3273 3486
3273 3218
2086 3000
2086 1904
2086 1080
2086 1244
2086 1272
2086 538
2086 1434
2086 6408
2086 1684
2086 1238
2086 387
2086 6251
2086 6584
2086 666
798 4193
798 3293
798 2188
1026 4835
1026 3618
1026 2866
1026 1317
6324 4680
6678 2152
6678 7170
6678 3894
6678 3221
6678 1408
6678 6501
6678 6995
678 1183
3170 141
3170 323
3170 1905
3170 3615
3170 2737
3170 327
3170 6818
1602 236
1602 5650
1602 4095
6170 2791
6170 3233
4305 2219
4305 1635
4305 3040
1555 6650
2303 6001
6594 1684
5505 3150
5505 6396
5505 3935
5505 2830
5505 6463
827 1942
827 892
827 3234
827 2607
5530 6087
5530 519
4109 4498
3587 4196
3587 4691
1540 616
1818 5535
1818 3381
1818 5673
1818 6088
6407 6586
6407 5437
3164 6846
3164 61
7136 3004
7136 1942
7136 3440
7136 2416
7136 6464
7136 6158
7136 3234
7136 3816
7136 5314
7136 6177
6198 1506
4373 860
4373 6260
3834 58
3834 4196
3834 957
3834 6574
3834 2393
3834 6909
4686 3486
4686 4821
2579 5142
2463 3873
6108 1088
6108 5970
6108 2098
6108 4986
6108 5664
6108 2044
6108 2816
487 6611
4770 992
4770 2246
3544 5302
3544 6947
3544 950
4513 1852
2127 6149
2127 1211
2127 4875
2127 5819
2127 6241
1022 1230
1022 4379
1022 3381
1022 6787
1022 6088
1022 79
1022 806
6018 3933
6018 6280
6018 6030
6018 2250
5560 6695
3247 2560
3247 5310
1286 3478
3333 5503
4310 6342
6667 3346
6667 3784
6667 1566
6667 4190
5662 1083
5662 1088
5662 397
5662 2073
4402 2762
4402 2390
4402 5680
4402 672
4402 6768
4402 1907
4402 5943
4402 799
4402 3433
4402 339
1384 1693
836 7175
836 5216
836 2902
2545 4370
2545 5535
2545 383
2545 2225
2545 6911
2545 3790
2545 774
2545 64
2545 472
337 2060
337 5814
337 1070
337 2553
6876 3306
4340 6251
658 58
658 5098
658 2393
658 4863
658 666
462 1275
315 1978
6195 120
6195 6884
6195 731
2851 299
2851 1070
2851 5194
2851 1428
2851 3343
2851 5843
6140 991
6140 2578
2990 3976
2990 5988
2990 5386
2990 1604
889 1662
889 32
4609 4804
4609 6652
4609 196
6094 5902
6094 6832
3490 848
3490 602
3490 2821
3490 1770
204 1832
204 2053
204 5762
204 2118
204 5664
204 2568
4966 892
4966 3234
4966 692
4966 3025
4966 3875
4966 6177
3581 5809
3581 6051
4389 3468
4389 1635
3934 210
3025 3004
3025 5535
3025 6933
3025 3862
3025 6464
3025 887
3025 1120
3025 3674
3025 3790
3025 925
3025 3040
3025 1005
106 6176
106 1160
106 1725
106 2618
106 4355
106 3866
106 4203
6883 3314
6883 6142
6883 6599
6883 6244
6883 3212
6883 5757
2691 179
2691 6973
3116 58
3116 3290
1709 1066
1709 4006
1709 556
1709 4908
1709 551
1709 3849
5019 5104
4104 3138
4104 6163
4104 4796
4104 3183
4104 4913
4104 4651
7052 4281
7052 4881
7052 6514
7052 4945
7052 1074
670 3618
5769 4533
2889 3125
2866 3159
6128 3016
6128 6166
6128 3579
6128 6425
6128 6553
2118 1214
2118 6745
2118 6375
2118 2622
653 4737
653 5986
653 3553
653 2462
3647 2338
3647 3011
3647 1495
3647 6910
4916 1518
4916 3496
6808 2616
6808 4348
6808 1484
5446 2303
3878 2557
6988 1723
6988 3549
6988 6835
2319 4818
2319 6466
2319 2964
2319 969
2126 2496
2126 745
2126 1690
2126 87
2126 6391
609 3730
609 3124
609 2988
1920 649
3423 2814
3423 430
3423 5603
3423 6463
5724 3990
5724 5140
5724 1889
5724 5319
5724 7016
5724 5330
5724 1641
5724 1855
5724 5503
5724 2103
5724 1926
5724 6794
5724 6947
5724 3961
5724 4092
5724 2219
5724 1321
5724 4068
5724 435
5724 1635
5724 2424
6750 6142
6750 1803
6750 2615
6750 7033
6750 2220
6750 1622
6750 5199
6750 3378
6750 6088
6750 3007
2560 1
2560 4143
2560 6799
2560 3247
2560 5858
2560 4589
5482 3991
5482 4308
5482 1832
5482 6562
5482 201
5482 3252
5482 2018
5482 7128
5482 3098
5482 859
5482 1111
5482 1321
5482 3275
5482 2010
5482 5587
5961 7123
5961 2847
5698 1254
5698 453
4711 1151
4711 3318
5561 5936
5561 5954
5561 2479
5561 4717
4997 6349
4997 7033
4997 6639
4997 551
4997 5248
4997 3814
275 5547
275 6417
275 1983
5837 6149
5837 2690
5837 848
5837 355
5837 602
5837 1622
5837 6088
5837 3125
5216 5049
5216 3862
5216 4196
5216 2786
5216 5302
5216 3025
5216 5799
5216 911
5216 4707
5216 6894
5603 2708
5603 3807
5603 5270
5603 3616
5603 3935
5603 5051
5603 1862
5603 4147
4999 984
2876 3357
4424 326
4424 4548
4424 1329
410 3985
410 2492
4339 3784
4339 5386
4980 4239
4980 5216
4980 3757
4980 1727
4322 7034
5524 7125
2064 1925
2064 6655
2064 5357
2064 2343
2064 2864
2064 2413
2064 5909
2301 1690
5799 4370
5799 3862
5799 4024
5799 3025
5799 4846
5799 4149
5799 3378
5799 5989
7131 3916
5870 1141
5870 758
5870 1324
5870 3110
5870 3005
1456 1037
1456 789
1456 6768
1456 5989
1456 5286
1456 3099
389 723
1228 349
3042 1283
3042 6278
3042 6594
3042 4534
3042 570
3042 967
3042 229
2590 6306
6830 1275
6830 4461
6830 4646
6830 655
1893 4079
1893 7027
6362 5269
6362 3338
6884 535
6884 1449
3183 6777
3183 891
3183 965
3183 820
3183 6951
453 5985
453 3894
453 1408
5645 5436
5645 4261
5645 6085
5645 3100
5645 987
4348 6442
4348 2973
2030 3835
4717 3719
4717 6195
4717 2614
4717 1632
4717 2511
6049 1255
6049 534
6049 723
3708 4370
3708 4837
3708 1493
3708 3277
3708 691
3708 64
3708 5989
3708 3343
2335 6087
4746 2714
4746 1417
4746 5819
2666 6091
2666 3057
2666 4652
6901 5889
6901 3286
6901 538
6901 16
6901 5698
6901 5522
6901 3368
5439 1361
5439 5102
5439 3263
3097 5115
3097 4398
3097 2261
3097 4028
3097 5947
3097 3506
3097 1103
3097 2301
3097 5514
3097 3343
929 1641
929 4092
929 5078
4646 1953
3284 4712
3284 1805
3284 2978
556 6714
556 2642
556 3063
556 1010
556 6772
556 6423
556 5122
556 2220
1172 15
6992 2279
6992 4051
6992 2121
5886 1030
5886 2373
5886 2812
5886 5448
5886 1331
5886 1609
5886 922
5886 5996
5886 3258
5886 2443
5886 6792
4841 5885
4841 1902
4841 4143
4841 1493
4841 5601
4841 6093
4841 1120
4841 774
731 535
731 5925
731 1372
731 2974
731 2614
731 4608
877 6176
877 275
877 4369
877 709
877 2131
877 4911
877 2981
877 6819
4401 4575
4401 5368
4401 1217
4401 4433
4401 6541
4401 4863
4401 6087
2486 4498
2486 5065
2486 4709
2486 3720
2486 3291
2486 1085
5053 740
5053 3627
3873 4928
3873 3856
1404 5562
1404 6467
1404 5368
1404 2483
1404 4508
1404 4499
1404 3148
1404 4717
1404 5754
1404 3611
1404 148
1404 4136
3963 7110
3963 5754
3963 2709
3963 3107
5329 4928
2019 4960
2019 1080
2019 5415
2019 506
2019 3963
2019 5370
2019 1124
3061 5063
3061 5200
5426 1889
5426 3401
5426 4389
5997 4569
6081 6142
6081 6917
1106 3849
2867 5135
2867 4196
4854 1199
4854 653
4854 5480
3476 4305
3476 1838
5653 3881
5653 2233
5653 629
5653 5886
5653 2475
5653 128
5653 5784
5653 6300
2492 1687
