7401 7448
7204 7285
7204 7216
7204 7222
7204 7416
7204 7368
7204 7339
7204 7429
7271 7438
7271 7406
7310 7285
7310 7395
7310 7186
7310 7223
7310 7450
7310 7456
7310 7218
7310 7416
7310 7192
7310 7278
7310 7282
7310 7231
7310 7320
7310 7265
7310 7353
7310 7445
7310 7200
7310 7262
7310 7191
7310 7422
7374 7429
7429 7417
7429 7339
7435 7339
7312 7227
7312 7408
7312 7459
7312 7298
7312 7431
7448 7186
7448 7408
7448 7216
7448 7256
7448 7416
7448 7337
7448 7272
7448 7446
7448 7459
7448 7194
7448 7421
7448 7339
7448 7369
7422 7256
7422 7441
7422 7417
7422 7361
7422 7299
7422 7355
7422 7421
7422 7239
7422 7393
7422 7369
7311 7293
7311 7285
7311 7216
7311 7456
7311 7256
7311 7222
7311 7247
7311 7283
7311 7421
7311 7300
7311 7451
7311 7262
7311 7339
7311 7429
7202 7287
7202 7407
7202 7423
7317 7408
7317 7416
7317 7217
7317 7363
7317 7344
7317 7445
7317 7448
7199 7216
7199 7446
