2615 5858
3862 3378
14 3600
14 7153
6464 892
6002 5867
6002 5601
7072 1052
5328 5507
2642 2185
6828 4308
3744 584
3744 6279
3744 5710
4196 241
4196 1238
4196 3378
4196 4082
4196 1701
2262 4888
210 3856
210 4220
49 3736
49 6564
49 4839
49 3123
793 1822
793 3125
4150 4176
4150 6927
4150 5206
2583 2472
5787 3550
5787 3068
6779 3913
6779 1701
2663 6306
2663 1493
2261 2457
885 1725
885 4863
5714 1876
4028 3600
4299 1894
2675 2567
2675 1641
2675 4196
2675 671
2675 6051
2675 1182
2675 5588
5186 1978
2412 2044
5889 6278
5889 5522
5889 5346
6359 647
6359 3896
2472 5415
2472 6549
2472 3047
2472 6590
2472 6768
4321 1035
4321 3263
5551 1324
5551 5601
5551 2255
6377 3916
6377 4092
6364 6650
3729 3346
3729 2245
3729 6609
6028 2732
6293 4575
6293 2320
6293 5491
6293 6288
6293 5572
6293 412
6293 2503
6293 4863
1922 4727
350 2160
350 2736
350 4407
350 6260
3390 2885
5761 5368
5761 5572
1147 3144
4396 255
4396 5278
4396 6485
4396 3357
4396 5178
4396 6996
4396 3966
4396 4707
4396 5874
4396 6696
3833 71
5270 325
5270 6553
5270 1562
6838 5
6838 5115
6838 5570
6838 6537
6838 3667
6838 5016
5379 903
5379 3044
5379 3011
5379 3339
2870 4504
2870 4454
2870 2587
2968 5053
3918 3357
6825 3699
1157 2382
1160 4369
1160 709
1160 2981
1160 163
1731 5827
3679 5262
3679 4910
3679 4438
2958 5633
2958 5985
2958 1283
2958 5031
2958 7182
2958 4534
2661 3434
2661 6423
2661 6088
2661 2648
5332 2472
5332 6542
5332 4932
469 169
4657 2465
397 3926
3329 6517
3329 4910
3329 5016
7034 1684
764 5712
764 3486
2215 3444
6579 7170
6579 6501
6579 6995
6579 2009
1024 5093
1024 2781
3346 1488
6991 693
6991 4172
5281 6178
5423 3651
5423 1797
5423 61
5423 5223
5423 6066
5423 6000
5423 1701
6031 6885
6031 1490
325 2247
325 5683
325 4161
325 4403
5893 2465
5893 6071
5893 5905
5893 5405
5893 4863
1870 4419
1870 3221
1860 70
3181 619
3181 3097
3181 3352
4602 575
4481 903
4481 4134
2022 3057
2022 3553
6485 2219
3435 3138
5396 6586
5534 2553
5338 693
5338 1401
4709 58
4709 4152
4709 4498
4709 5065
4709 6655
4709 1778
4709 5511
4709 6768
2083 6831
2083 556
2083 1347
382 5436
382 956
4991 3575
4991 1399
4991 2187
2592 2068
2592 6135
2592 6882
2592 2121
2592 2187
2592 1074
782 3935
782 284
680 7175
5317 3048
3459 3520
4533 966
3377 2472
996 6564
996 1455
5720 3600
5720 2812
5720 1070
5720 3941
5720 1604
458 6500
458 1907
2576 5368
2576 2689
2576 1320
3848 6091
3848 5711
3848 3876
3848 2462
3848 2591
1 7123
1 3166
1 6185
1 1192
1 2890
891 2675
891 1364
891 135
3330 6552
3330 5115
3330 6933
3330 4972
3330 722
3330 6358
3330 1914
3822 1968
5557 6917
7142 6951
7142 5009
6201 1538
6201 1321
6729 2560
857 5723
857 1462
4867 4410
4867 4816
4867 6995
2779 1641
2779 2103
2779 1926
2779 4389
2779 6243
2779 4420
2779 1465
5492 2736
5492 7027
2977 2585
2977 2714
2977 1622
2977 6971
6167 5712
6167 3273
1797 4024
1725 2187
3055 3187
3055 5065
3055 1705
3055 5332
3055 3148
3055 1408
3055 5600
6513 6169
6513 99
6513 3866
6513 423
2589 6908
3776 666
4171 480
4171 3055
4171 4863
4171 6909
4559 574
2474 2180
2474 2585
2474 1663
6852 1562
2812 2233
2812 1604
6354 5497
6215 3087
1070 2233
1070 3440
1070 3941
1070 5442
1070 3667
1070 691
3162 6008
6602 4352
6602 6850
6602 4199
4647 3679
4647 6539
2998 282
2998 5471
2998 5170
4016 538
4016 187
4016 6657
4016 3894
4016 666
6581 5281
6581 1719
6581 4348
6581 1937
1042 4358
4189 2224
4189 4835
4189 447
4189 2044
4189 1490
688 3399
2954 976
2954 4872
3529 7056
3529 7175
5448 2888
5448 1240
5174 2592
2549 6853
2549 6115
2549 6529
4737 5410
1262 7083
4625 2462
4188 4721
3719 2035
3719 54
3719 5201
3719 2651
3719 3385
3719 1825
3719 580
3719 318
3719 3075
5415 1124
5415 2205
2155 4339
3317 323
3317 3183
4939 5650
1189 1428
1189 5843
1189 5080
2767 4143
2767 1324
2767 1493
2767 5601
2767 4990
2767 1675
3784 5757
946 6054
946 5220
454 58
454 6135
454 1744
454 3221
454 1124
454 1258
4244 3589
7135 4471
5593 519
59 4888
59 5983
59 2388
5865 2811
5865 2615
5865 2430
4633 5615
4633 1408
4633 1258
4024 4719
4024 2587
4024 3486
4024 6894
1674 6796
1354 3125
2814 325
1500 3812
6796 1674
6796 5005
3286 5117
7098 1663
5253 1078
5253 3015
5253 3690
5253 5667
5253 5417
4143 5045
4143 3756
4143 6973
4143 2560
1781 2642
430 2106
430 5692
430 7081
430 782
1272 5985
1272 2085
1272 2018
1272 3894
1272 3874
1272 1687
1272 3221
7010 3010
7010 669
2529 7170
2529 6958
2529 0
2529 741
2529 2428
3121 4780
3121 6408
3121 5679
3121 2131
1566 4615
1566 6008
2247 1536
4848 2121
3517 573
3517 3349
3517 4536
3517 4228
5840 1680
3381 1818
3381 1022
3381 5573
1598 3517
4225 6554
4225 2066
4225 836
4225 1727
4225 3568
4225 4959
2468 5018
2468 6243
2468 6051
2468 5078
2468 2973
1535 1622
3155 7063
3155 4881
6629 273
2147 5482
2147 3391
2068 1902
2068 1562
2068 3883
6096 4719
6096 446
6096 4698
6096 3961
3461 142
4364 4421
6322 2525
6322 1863
2855 2899
2855 957
2855 2568
1425 2805
1425 5858
3357 3918
3357 2972
3357 2728
1035 3185
2915 1828
2915 2814
2915 5158
5803 236
5803 6831
5803 556
5803 3426
5803 6070
5803 1347
5803 5650
5420 6551
3342 2992
3342 4455
3342 962
3342 914
3252 3991
4128 6115
4128 575
4128 6146
2744 2993
602 4622
602 3125
4309 5065
4309 4781
4930 1489
4930 5199
4930 6088
4930 3354
3063 2690
3063 1324
3063 5601
3063 4545
7175 7112
7175 5182
7175 1976
7175 3725
2879 6666
1324 4617
1324 6858
1324 6639
2605 5769
2605 69
2605 2413
5762 1214
4375 6789
4375 5784
769 6485
769 2992
769 6531
769 914
3948 2255
2748 1616
5806 6351
5806 6501
4936 1066
4936 6443
4936 551
4936 3480
4936 4144
5798 4617
5798 6858
2029 37
1165 1563
1165 3547
6655 5797
6655 1816
6655 4505
2776 1598
2776 1952
6721 3357
6721 6911
6721 3790
6721 6121
6549 4836
6549 6135
6549 5902
6549 5905
603 3274
4694 3375
1987 3488
2254 5226
6466 2841
6466 2953
6197 6464
6197 68
6197 1399
6775 2068
6775 6882
6775 3883
1010 5601
2441 1974
6189 4908
6189 5199
296 957
5475 4584
5475 5797
5475 5236
5229 924
6554 1928
6554 2524
6041 6468
934 4867
934 3246
934 4182
4598 6590
4598 6363
4598 616
4598 4450
4598 1253
4372 6296
6328 3402
6328 5572
4615 3784
4615 3427
4615 3620
5039 3458
5039 5045
5039 916
5039 1544
5039 2843
3443 1330
3443 3890
5699 5073
5201 5692
780 6832
4766 2185
1905 5994
1905 7140
1905 323
1905 854
1905 1876
3373 6024
191 4567
191 327
2992 5715
2992 4420
5925 5693
6985 535
6985 5954
1650 1778
1650 5790
5503 6911
5503 7115
5503 3273
5503 3025
5503 4841
5503 3340
5503 3244
5503 4932
3142 1725
6772 355
6772 916
5973 4423
1275 4674
5470 1624
5848 3342
1055 6541
6163 5893
3140 3429
1783 469
1783 397
1783 3856
1783 6274
1783 3482
3274 575
3274 922
671 1641
671 469
538 5994
538 115
538 4848
538 2121
538 1408
538 1438
6897 18
6897 3357
3685 2915
3685 6425
1229 1280
808 3004
808 6464
808 1891
808 312
808 5314
1254 3657
4521 5417
4460 4960
4460 6135
4460 4638
4460 3221
4460 1408
4460 2413
6184 5973
6184 1622
6184 64
6184 5989
6184 1675
6184 2608
6330 4064
3134 1240
1850 524
1850 1267
931 6885
2071 4311
2732 4098
6071 3936
6071 68
1970 3589
4839 5319
4839 3468
4839 4092
4839 2869
4839 6696
3549 3894
4687 6051
7105 3626
7105 4889
7105 4024
4061 3048
2018 1832
2018 2899
2018 3305
2018 6201
2018 109
2018 5071
2018 2568
1478 5603
5144 5218
1786 5653
1786 64
1277 918
2066 4024
188 2106
1474 5170
1474 4170
1685 2845
5899 4959
6537 1070
6537 3025
6537 5398
3429 3068
4793 5804
4793 6595
5357 2428
1434 6995
2034 738
2034 6096
2034 7175
2034 769
2034 3484
1556 3268
4816 4938
4816 4196
3047 58
3047 5927
3047 916
3047 6750
3047 2560
3047 3290
3047 6768
3047 3311
3047 1715
3047 3244
3047 1253
2114 61
4242 484
4242 1449
4242 3339
3234 855
849 6169
849 6575
849 4042
849 138
849 6833
849 871
5178 2992
5178 78
5178 3068
3401 1095
248 3145
248 5683
248 5295
6034 6291
2530 6781
3015 1889
3015 1078
6528 1940
7101 2812
7101 5019
7101 5151
5546 4703
5546 1575
2471 2635
2471 1376
2471 1354
2471 3247
2471 1822
2471 6499
2471 5819
2896 4282
2896 6657
6408 2131
1504 6513
3478 5197
968 3284
5993 1990
2338 6149
2338 3630
2338 4494
2338 3113
6460 2851
740 4143
740 6772
740 3627
6423 3458
6423 6427
1493 6940
1493 6117
5605 2472
5605 4533
5605 3309
629 6092
629 6342
629 6750
629 6830
629 5450
629 2516
5725 3510
5365 5603
205 4823
3159 2841
99 6169
99 4938
99 138
4240 2860
4240 6777
4240 210
4240 469
4240 2246
4240 1000
3518 4211
3518 5712
3518 4722
3518 2768
3518 5503
3518 5152
7004 3515
1009 996
2796 6992
6425 5860
5040 5065
5040 2481
2365 974
2983 1852
1132 1889
1132 4370
1132 171
1132 4420
1132 1192
6666 713
6666 3620
6666 6001
6666 1648
5809 5078
5150 2669
5150 5330
5150 1644
1150 2114
4132 4858
4132 860
2656 1455
2656 4878
2656 962
2656 914
1522 4282
1522 4082
5677 6608
5677 3757
120 1399
2609 3653
2609 5943
2609 6087
6378 1685
1586 3812
1586 1701
6129 1030
6129 6838
6129 5448
6129 3537
6129 3132
74 2428
4072 273
2349 4026
2349 2901
1086 5632
348 6406
3449 5535
3449 803
3449 692
3449 3536
4506 4859
2538 1928
2538 479
3766 6714
3766 2560
3766 6487
4295 58
4295 1623
4295 430
4295 5294
4295 3001
2676 6251
5166 3274
5166 974
5099 3611
1948 4370
2624 6927
3304 3357
3716 843
3716 184
3716 3514
4282 3246
4282 538
4282 6540
5261 1736
6368 5666
6368 1334
7115 4317
7115 4092
7115 5874
7115 2869
5847 2736
5847 6501
5122 6306
5122 3166
5122 6185
222 58
222 5952
222 1029
222 2139
222 37
222 1871
3960 7170
3960 3221
1856 4031
1856 3561
1856 3105
1856 145
1856 3221
1825 1344
6952 857
3756 1
3756 6772
3756 6423
3756 6973
3756 1606
3756 3007
3756 4300
5511 3041
5511 6548
5511 3291
338 2948
338 819
3725 1316
3725 691
3725 24
3725 1690
3725 2587
6424 6347
4704 2472
4704 589
3410 1828
4182 6201
2279 3068
1418 5419
149 2481
4885 1687
347 5236
3337 1088
3337 4706
3337 10
3337 634
3337 447
484 6768
484 2864
4865 5827
4865 5216
5860 1828
5860 6676
5860 5158
5860 6463
6590 5813
6590 5236
2953 6466
3828 3378
854 2860
854 3284
854 5243
1926 5994
1926 950
4878 5893
17 1347
17 1192
2982 869
3759 463
3759 3669
171 7016
171 1132
171 1465
506 4152
506 1744
5023 5218
5023 5028
308 2889
308 6088
308 1575
580 5007
580 3340
580 750
5743 5683
6896 3906
6239 2973
1702 535
966 1565
966 4559
966 4534
261 120
1913 2788
1913 64
1913 2890
6417 605
6417 4889
6417 4196
6417 6201
6417 4182
6417 6727
2371 4471
2371 5712
608 16
608 3894
608 2313
2585 7098
5877 4289
5877 5350
5877 4188
5877 3047
5877 6423
5877 5837
5877 6088
5877 5819
3980 1418
3980 6387
5778 6142
5778 3628
3338 6968
6973 3099
3148 1816
1931 4592
1931 3246
1931 1561
1931 4982
1931 3890
312 892
3072 68
3072 4283
6187 4389
5728 701
5728 3260
318 3044
318 5379
318 4499
318 504
318 3011
5363 1088
5363 2119
6606 3359
6606 3125
5686 2393
3854 1768
1457 3052
1457 5905
1457 1124
6471 1505
6471 1360
3146 2732
3146 6378
3146 5450
3146 2255
5381 3850
4548 3736
4548 1832
4548 4196
4548 6377
4548 1725
4548 187
4548 803
4548 109
6448 4848
6448 1528
6448 1182
1740 2106
1740 430
5447 5994
5447 3357
5447 3273
5447 575
4698 843
3241 3209
2157 4188
2157 5683
2157 3011
2157 1677
669 916
2927 6976
2927 5199
2927 1449
2927 290
4434 78
6015 725
4721 6714
4721 5877
4721 5837
4721 1495
4721 3125
1034 2106
7165 4220
3450 4471
4075 6251
4075 6995
5017 58
509 5211
509 1816
6443 1437
6443 4143
6443 5508
6443 6936
6443 4622
814 5886
814 2383
814 890
5020 3662
5020 4518
5302 4389
5302 575
5622 1723
3041 1089
3041 4152
3041 5069
3041 2486
3041 6909
6787 68
6787 4505
2632 2086
5093 3261
5093 2827
5093 3124
5093 5647
5093 6062
979 1570
979 5937
3838 5680
3090 1703
3090 6616
3090 3561
3090 3720
3090 6920
3090 5615
5493 5253
860 4163
860 5228
860 2736
860 1259
860 2640
3277 2990
3277 5450
3277 5386
3889 5210
3889 4088
6553 3662
6553 5020
6553 4176
6553 280
6553 3001
5289 1240
6288 143
6288 2472
6288 5093
6288 1408
5453 6251
5592 3560
6917 5507
6917 1801
6917 1952
6917 5487
6023 4988
4045 1928
4045 3651
4866 2483
7047 5442
7047 5770
7047 4019
5801 916
676 6978
676 1857
2734 5278
2734 6096
2734 2349
2734 4954
2734 4420
2734 6000
1744 561
1744 5381
155 6627
155 4633
155 538
155 621
155 4881
155 1408
155 2428
155 967
155 4729
155 4932
5298 3849
5298 1770
722 3004
722 4966
722 5117
722 2255
5031 3916
43 1562
43 6768
1489 6100
1489 2340
1489 2078
5088 58
5088 5308
537 1842
6008 537
5576 2387
5601 6320
5601 6639
2479 2068
2479 2187
4250 2911
4250 805
4250 5858
4319 1476
4319 2428
5494 6885
6650 349
