1399 2932
1399 916
1399 5170
1399 2560
1399 2885
1399 6990
1399 1296
1399 4872
1399 6301
1399 3755
1399 3638
1399 4856
6336 5987
6336 3066
6336 1805
6336 1841
6336 6722
6336 2960
3984 6744
3984 6662
3984 2116
3984 1230
3984 1641
3984 3904
3984 2779
3984 3936
3984 4848
3984 6
3984 780
3984 4329
3984 4839
3984 6590
3984 5673
3984 6135
3984 6787
3984 2093
3984 2440
3984 5724
3984 4424
3984 3677
3984 2354
3984 6275
3984 2121
3984 988
3984 6161
3984 4359
3984 703
3984 4283
3984 2359
3984 1074
3984 6971
3984 4863
3984 6909
3984 79
3984 2869
6873 4227
6873 357
6873 194
6873 7124
6873 3973
6873 3224
6873 2795
6873 6891
6873 6821
2044 826
2044 5339
2044 6282
2044 1166
2044 3298
2044 3743
2044 1411
2044 2098
2044 5555
2044 4567
2044 5914
2044 3972
2044 2230
2044 3460
2044 469
2044 397
2044 1078
2044 5762
2044 3015
2044 1216
2044 1833
2044 5493
2044 78
2044 1026
2044 3170
2044 6108
2044 4770
2044 2118
2044 3873
2044 3690
2044 7104
2044 2073
2044 5990
2044 1806
2044 1845
2044 5198
2044 3926
2044 4655
2044 6032
2044 5061
2044 4834
2044 6600
2044 327
2044 2989
2044 5667
2044 1059
2044 1292
2044 1910
2044 4220
2044 1345
2054 71
2054 573
2054 3525
2054 814
2054 1136
2054 5129
2054 4009
2054 1177
2054 3212
2054 5597
2054 3251
5902 4948
5902 5970
5902 58
5902 1792
5902 1975
5902 1333
5902 554
5902 2189
5902 6871
5902 5863
5902 1611
5902 4410
5902 3554
5902 2592
5902 3252
5902 296
5902 4329
5902 6135
5902 4051
5902 7052
5902 5482
5902 1148
5902 5071
5902 954
5902 3816
5902 5664
5902 138
5902 1206
5902 5905
5902 2393
5902 4863
5902 5587
5902 6909
5902 431
5902 4823
890 421
890 3507
890 5331
890 3349
890 3517
890 1598
890 2886
890 999
890 6642
890 1136
890 5129
890 6449
890 5056
890 727
890 6007
890 2054
890 1177
890 5597
890 7099
890 3258
890 3251
890 122
890 4690
485 6711
485 5804
485 6815
485 1400
485 224
485 2716
485 3850
485 442
485 3906
485 6562
485 5578
485 5186
485 5709
485 4559
485 6323
485 688
485 3731
485 2147
485 5344
485 5832
485 3246
485 4280
485 4573
485 3549
485 2676
485 4601
485 7181
485 5665
485 2050
485 4047
485 4885
485 6590
485 5381
485 4075
485 2632
485 1744
485 16
485 5308
485 701
485 410
485 6049
485 2607
485 3720
485 6740
485 5196
485 5625
485 5315
485 2508
485 5316
485 1295
485 4408
485 4724
485 6635
485 6540
485 4465
485 6372
485 2353
485 5679
485 709
485 6967
485 5128
485 4658
485 1085
485 7143
485 6995
485 4639
485 5346
485 3260
4974 6847
4974 3511
4974 294
4974 693
4974 3680
4974 1531
4974 5101
2912 2254
1768 3424
1768 4073
1768 71
1768 3833
1768 4647
1768 3784
1768 1566
1768 4615
1768 5470
1768 1786
1768 3854
1768 2489
1768 4536
1768 3427
1768 6609
1768 6279
1768 118
1768 5996
1768 3563
1768 7155
1768 5757
1768 2602
1304 6308
1304 3121
316 1217
316 956
316 5918
316 2777
316 6817
316 5645
316 5408
316 1550
316 4346
316 6085
3300 282
3300 1828
3300 1939
3300 6196
3300 3161
3300 5954
3300 1729
3300 7081
3300 1505
3300 3820
3300 2581
3300 1494
3300 6731
3300 2299
3300 3385
3300 1825
3300 506
3300 5743
3300 6676
3300 3834
3300 4717
3300 2709
3300 3935
3300 3611
3300 2830
3300 6768
3300 6503
3300 5294
3300 2969
3300 5206
3300 3071
3300 3368
3300 276
3300 750
3300 1085
3300 4403
3300 5510
3300 5790
3300 5267
3300 3527
3300 101
4828 18
4828 5176
4828 4599
4828 4357
4828 7068
4828 5503
4828 2732
4828 7101
4828 722
4828 3025
4828 3708
4828 6987
4828 4317
4828 6918
4828 6589
4828 4963
1990 1571
1990 4977
1990 5099
1990 3878
1990 3442
1990 2485
1990 2461
1177 6453
1177 3600
1177 4291
1177 5262
1177 2905
1177 745
1177 1316
1177 5331
1177 6838
1177 3679
1177 3349
1177 3330
1177 1070
1177 4647
1177 5120
1177 2776
1177 6537
1177 2683
1177 1560
1177 3683
1177 7047
1177 2202
1177 784
1177 6511
1177 2301
1177 6642
1177 5442
1177 1136
1177 5129
1177 6361
1177 5056
1177 2383
1177 727
1177 417
1177 890
1177 5959
1177 7153
1177 691
1177 2553
1177 2475
1177 3943
1177 3251
1177 4019
1177 6795
2929 1088
2929 5411
2929 1889
2929 80
2929 4110
2929 5319
2929 7016
2929 5330
2929 380
2929 2169
2929 5278
2929 591
2929 2870
2929 2779
2929 4024
2929 5253
2929 3342
2929 769
2929 1783
2929 6897
2929 757
2929 2103
2929 7115
2929 4878
2929 1931
2929 6079
2929 1508
2929 4
2929 5773
2929 5429
2929 6625
2929 5108
2929 1805
2929 2016
2929 2837
2929 4489
2929 3961
2929 615
2929 3043
2929 985
2929 4420
2929 2978
2929 6753
2929 4092
2929 3371
2929 6229
2929 24
2929 4068
2929 3696
2929 3510
2929 2119
2929 435
2929 5417
2929 4892
2929 3068
2929 6696
2929 4220
4650 4950
4650 4391
4650 5914
4650 6198
4650 211
4650 4697
4650 3750
4650 6698
4650 5009
4650 6231
6978 6216
6978 535
6978 4837
6978 7123
6978 3243
6978 1565
6978 1037
6978 1359
6978 6616
6978 5379
6978 4276
6978 4499
6978 6729
6978 1674
6978 5039
6978 2818
6978 3766
6978 484
6978 3116
6978 2590
6978 3069
6978 3619
6978 5375
6978 1622
6978 5199
6978 1113
6978 6394
6978 6088
6978 1449
6978 4863
6978 33
6978 5081
6978 1258
6978 4821
6978 2826
6978 6062
2296 6166
2296 1933
2296 5270
2296 5782
2296 1813
2296 430
2296 2222
2296 222
2296 2375
2296 2578
2296 237
2296 1990
2296 5729
2296 6249
2296 5404
402 5643
402 5857
402 1505
402 6809
402 5201
402 6471
402 3838
402 4136
4872 4289
4872 58
4872 4452
4872 3006
4872 6054
4872 846
4872 245
4872 3323
4872 5280
4872 1126
4872 4186
4872 5504
4872 6142
4872 4888
4872 3862
4872 3679
4872 6729
4872 2954
4872 1324
4872 1010
4872 6554
4872 5973
4872 2732
4872 805
4872 6423
4872 5122
4872 3725
4872 1931
4872 4123
4872 4905
4872 976
4872 4194
4872 2560
4872 4980
4872 3708
4872 2112
4872 6716
4872 4895
4872 5310
4872 1118
4872 2310
4872 5071
4872 417
4872 1495
4872 4149
4872 5199
4872 5795
4872 3895
4872 5127
4872 6589
4872 691
4872 2600
4872 1273
4872 2528
4872 4963
4872 6088
4872 6035
4872 3628
4872 2194
4872 2447
4872 2516
4872 6894
4872 1937
4872 2115
4872 4300
4872 5585
4872 2388
4872 4959
4872 1153
3311 602
3311 3340
3311 6563
3311 3244
1122 260
1122 1437
1122 5621
1122 541
1122 1860
1122 4936
1122 17
1122 551
1122 136
1122 5508
1122 6936
1122 1058
1122 4600
1122 1967
1122 6692
1479 388
1479 4289
1479 1779
1479 5857
1479 5680
1479 4820
1479 3439
1479 7113
1479 1217
1479 5065
1479 3115
1479 458
1479 6392
1479 4694
1479 4931
1479 7053
1479 1974
1479 5408
1479 6657
1479 3334
1479 3894
1479 1549
1479 6618
1479 1907
1479 2503
1479 4407
1479 2514
1479 4702
1479 1338
1479 1419
1479 1075
1479 2730
3563 3673
3563 6656
3563 5895
3563 2063
3563 3595
3563 3729
3563 3346
3563 299
3563 4647
3563 2155
3563 5470
3563 3854
3563 340
3563 6667
3563 6883
3563 3706
3563 142
3563 2489
3563 4536
3563 7145
3563 2599
3563 5996
3563 1768
3563 5086
3563 7155
3563 6539
3563 2528
3563 5835
3563 1406
3563 3486
3563 2602
3563 1223
3563 6801
3563 3157
1582 3314
1582 5
1582 3259
1582 5507
1582 6427
1582 7016
1582 4938
1582 1706
1582 4336
1582 4955
1582 4311
1582 2779
1582 6395
1582 2280
1582 6671
1582 171
1582 5877
1582 6008
1582 4826
1582 5683
1582 6599
1582 3711
1582 2614
1582 2317
1582 6133
1582 258
1582 39
1582 6752
1582 2553
1582 1973
1582 1339
1582 2516
1582 4037
1582 1604
1582 5468
1582 3735
94 1285
94 179
94 1141
94 6216
94 4784
94 4943
94 5
94 3481
94 5350
94 6427
94 4837
94 236
94 2635
94 2225
94 2314
94 4469
94 2233
94 3285
94 1732
94 1803
94 66
94 2832
94 4028
94 4311
94 325
94 4991
94 6586
94 4188
94 1425
94 5834
94 6940
94 2071
94 2471
94 4735
94 6799
94 17
94 6078
94 5877
94 6606
94 6831
94 6905
94 887
94 2990
94 3490
94 5561
94 3708
94 4908
94 303
94 3630
94 4674
94 6093
94 6599
94 2112
94 5450
94 6716
94 1296
94 3011
94 3935
94 3166
94 358
94 3674
94 118
94 5158
94 68
94 2627
94 3627
94 5309
94 5815
94 3378
94 5795
94 39
94 3293
94 6326
94 6117
94 2553
94 3547
94 6358
94 3628
94 2194
94 5770
94 6894
94 1701
94 2845
94 1770
94 5521
94 5080
94 721
94 5468
94 3735
6510 2005
6510 4180
6510 6550
6510 2035
6510 5496
6510 1830
6510 6985
6510 6652
6510 4109
6510 593
6510 4181
6510 5299
6510 5358
4081 4391
4081 3219
4081 3048
4081 4330
4081 2167
4081 5317
4081 2468
4081 4061
4081 2946
4081 6198
4081 211
4081 3488
4081 4697
4081 1293
4081 540
6457 3314
6457 3600
6457 179
6457 5115
6457 6908
6457 3679
6457 1
6457 6875
6457 2182
6457 7098
6457 5039
6457 484
6457 2585
6457 3146
6457 2927
6457 3476
6457 4626
6457 5450
6457 1428
6457 5398
6457 2788
6457 5858
6457 5220
6457 6244
6457 1544
6457 555
6457 94
6457 691
6457 3343
6457 24
6457 5016
6457 3959
6457 5784
6457 1663
6457 2908
7012 6686
7012 2303
7012 3767
7012 3805
7012 5192
7012 6001
3582 3415
3582 557
3582 5149
3582 3501
3582 5438
3582 3497
6906 4157
6906 6517
6906 6235
6906 1103
6906 2631
6906 4530
6906 6589
6906 3486
6906 5131
3376 2308
3376 5807
3376 6265
3376 1853
3376 377
3376 6466
3376 1946
3376 2964
3376 2953
3376 2517
3376 6525
3376 2756
2654 5712
2654 3357
2654 2728
962 1889
962 5319
962 591
962 3342
962 6897
962 854
962 78
962 634
962 4
962 5429
962 2837
962 4489
962 4954
962 6531
962 6229
962 3510
962 1059
962 6157
962 6285
5960 3813
5960 4975
5960 2638
5960 637
5960 4808
5960 2136
5960 3676
5960 2160
5960 1468
5960 5613
5960 741
5960 1708
5960 477
3671 5547
3671 6055
3671 4152
3671 2657
3671 7170
3671 6769
3671 6351
3671 3306
3671 763
3671 5065
3671 3730
3671 2472
3671 6782
3671 6579
3671 6014
3671 6590
3671 860
3671 1692
3671 6876
3671 6214
3671 1567
3671 3098
3671 4897
3671 35
3671 3894
3671 3221
3671 706
3671 5211
3671 4407
3671 1816
3671 5721
3671 2413
3671 2009
3671 4932
6439 47
6439 7001
6439 6958
6439 350
6439 6354
6439 5622
6439 3090
6439 3957
6439 2160
6439 2745
6439 2387
6439 4226
6439 3221
6439 4079
6439 6596
6439 2596
2781 4508
2781 1024
2781 74
2781 5666
2781 1334
2781 5219
2556 282
2556 3990
2556 6516
2556 4452
2556 535
2556 2025
2556 6414
2556 2903
2556 5094
2556 5462
2556 3243
2556 6127
2556 4660
2556 2847
2556 5278
2556 1455
2556 4196
2556 6636
2556 6485
2556 6993
2556 2779
2556 4024
2556 6096
2556 7175
2556 5039
2556 5182
2556 4839
2556 2103
2556 1882
2556 3766
2556 1976
2556 484
2556 171
2556 2986
2556 3072
2556 2927
2556 4826
2556 2545
2556 3116
2556 5724
2556 5216
2556 6884
2556 61
2556 575
2556 5334
2556 2016
2556 6768
2556 5375
2556 4707
2556 4317
2556 3754
2556 2293
2556 2586
2556 6589
2556 2289
2556 5314
2556 7011
2556 2190
2556 3841
2556 1339
2556 1449
2556 958
2556 3696
2556 1857
2556 2845
2978 5330
2978 1413
2978 4850
2978 5278
2978 4712
2978 1906
2978 5253
2978 968
2978 2349
2978 4791
2978 854
2978 3886
2978 4928
2978 5773
2978 3966
2978 3757
2978 962
2978 3457
2978 4068
2978 5371
2978 2960
2978 435
2978 5342
2978 2872
2978 3484
2978 3068
2978 6696
2978 1345
6503 3820
6503 6731
6503 1740
6503 6326
1588 3887
1588 3730
1588 2982
1588 4319
1588 5666
1588 424
1588 2781
1588 2175
1588 2952
1588 5600
4512 4983
4512 5115
4512 3884
4512 4972
4512 6853
4512 6838
4512 299
4512 2732
4512 6378
4512 1948
4512 6018
4512 2112
4512 1428
4512 5696
4512 922
4512 258
4512 1573
4512 7153
4512 590
4512 2409
4512 2553
4512 2475
4512 6358
4512 3343
4512 2194
4512 5016
4512 6146
4512 5080
11 6092
11 116
11 5280
11 1010
4059 6055
4059 4598
4059 6363
4059 2859
4059 3193
3265 1173
3265 2791
3265 405
3265 4848
3265 2986
3265 3834
3265 3816
3265 113
3265 1964
3265 4947
6068 4073
6068 71
6068 3204
6068 3784
6068 6667
6068 142
6068 2599
6068 5292
6068 5386
6068 5086
6068 1223
6068 3082
1704 4541
1704 1335
1704 479
1704 5100
1704 2538
1704 699
1704 3725
1704 4045
1704 1640
1704 1765
1704 417
1704 2137
1704 3083
1704 6066
1704 4425
1704 3086
6704 5642
6704 4275
6704 4634
6704 5045
6704 1437
6704 773
6704 2370
6704 2262
6704 1860
6704 1518
6704 2868
6704 3215
6704 3756
6704 3049
6704 17
6704 6973
6704 669
6704 5830
6704 6905
6704 4908
6704 4674
6704 1118
6704 1276
6704 96
6704 70
6704 909
6704 3206
6704 5508
6704 1058
6704 3819
6704 5495
6704 5682
6704 3922
6704 1967
6704 6016
6704 6759
6704 1497
6704 6692
6704 3530
2740 1083
2740 2567
2740 2339
2740 6371
2740 3435
2740 891
2740 6163
2740 4506
2740 378
2740 6968
2740 7117
2740 4824
2740 7095
2740 4316
2740 2816
2740 2737
2740 1876
2740 1131
5797 5387
5797 3261
5797 4308
5797 3689
5797 1693
5797 870
5797 4196
5797 4533
5797 1674
5797 3286
5797 1272
5797 2855
5797 3561
5797 3549
5797 2896
5797 4282
5797 1885
5797 44
5797 1418
5797 5416
5797 966
5797 3072
5797 4419
5797 4548
5797 6448
5797 2632
5797 4490
5797 155
5797 5113
5797 6357
5797 621
5797 1295
5797 2121
5797 6250
5797 395
5797 7149
5797 7023
5797 4768
5797 3399
5797 6387
5797 5458
5797 3123
5797 2176
5797 3672
5797 5078
5797 174
5797 666
5797 2973
5797 4639
5797 2544
5797 3437
2187 1288
2187 241
2187 601
2187 4452
2187 4281
2187 1641
2187 2592
2187 1674
2187 6775
2187 2932
2187 2479
2187 5012
2187 4355
2187 563
2187 4768
2187 5358
2187 4856
6331 663
6331 6817
6331 4401
6331 6505
6331 508
6331 6069
6331 4870
6331 815
6382 3044
6382 2035
6382 5561
6382 3711
5133 4836
5133 3990
5133 4370
5133 2603
5133 3911
5133 4215
5133 2903
5133 3810
5133 5462
5133 4379
5133 2847
5133 1316
5133 6636
5133 3936
5133 408
5133 6494
5133 1165
5133 450
5133 3828
5133 1926
5133 3980
5133 2986
5133 6448
5133 2429
5133 2356
5133 3544
5133 2545
5133 2301
5133 7182
5133 621
5133 5707
5133 5771
5133 5214
5133 2129
5133 417
5133 1617
5133 3883
5133 5741
5133 4317
5133 3754
5133 4534
5133 691
5133 5349
5133 1964
5133 3681
5133 6177
5133 2720
5133 2146
5133 1675
5133 5573
5133 3734
5133 1690
5133 6894
5133 5005
5133 5155
5133 2364
5133 2413
5133 6062
5133 3218
5729 1828
5729 3768
5729 3567
5729 3662
5729 1933
5729 5782
5729 325
5729 2814
5729 1029
5729 5683
5729 3935
5729 358
5729 3136
5729 6208
5729 5790
5199 840
5199 2059
5199 6092
5199 2185
5199 3004
5199 6662
5199 4634
5199 6050
5199 4452
5199 535
5199 3911
5199 5045
5199 6414
5199 6427
5199 4837
5199 5280
5199 1212
5199 2635
5199 1126
5199 7123
5199 2488
5199 2180
5199 6276
5199 1230
5199 6142
5199 4660
5199 5496
5199 848
5199 2351
5199 3285
5199 1359
5199 2832
5199 4843
5199 4276
5199 6729
5199 2474
5199 4443
5199 1674
5199 1535
5199 4930
5199 6197
5199 6189
5199 5039
5199 6731
5199 6184
5199 2338
5199 120
5199 3756
5199 2942
5199 5437
5199 5673
5199 308
5199 6078
5199 5611
5199 6787
5199 4490
5199 1489
5199 6132
5199 4378
5199 5394
5199 692
5199 798
5199 4305
5199 1022
5199 658
5199 3490
5199 381
5199 6830
5199 556
5199 2885
5199 1106
5199 3630
5199 1388
5199 621
5199 6990
5199 5783
5199 789
5199 3205
5199 2354
5199 2788
5199 873
5199 3092
5199 3110
5199 136
5199 2220
5199 5741
5199 6910
5199 6185
5199 5133
5199 2134
5199 3293
5199 5127
5199 2865
5199 4619
5199 2078
5199 5041
5199 2821
5199 5286
5199 4703
5199 5776
5199 4494
5199 681
5199 915
5199 1417
5199 79
5199 5903
5199 2845
5199 6435
5199 5521
5199 2826
5199 4505
5199 7062
5199 1838
1190 994
1190 3296
1190 6556
1190 5481
1190 3489
1190 3646
1190 4284
668 1088
668 6527
668 323
668 2566
668 3138
668 4196
668 397
668 3435
668 1905
668 5143
668 4506
668 4859
668 6179
668 2884
668 4579
668 1076
668 2105
518 5115
518 2936
518 4718
518 6838
518 299
518 1070
518 1189
518 5420
518 2732
518 2530
518 740
518 1493
518 6511
518 6343
518 2112
518 5303
518 258
518 4512
518 64
518 2475
518 4963
518 2194
518 1675
518 5016
3856 5339
3856 6282
3856 1166
3856 3298
3856 3743
3856 463
3856 5501
3856 141
3856 5555
3856 4567
3856 2824
3856 992
3856 4706
3856 3972
3856 2230
3856 4142
3856 397
3856 5253
3856 5762
3856 3015
3856 1216
3856 3337
3856 1833
3856 3759
3856 7165
3856 6199
3856 78
3856 1026
3856 3170
3856 3873
3856 4140
3856 7104
3856 2073
3856 1452
3856 5990
3856 4312
3856 7117
3856 523
3856 4824
3856 3612
3856 7095
3856 4489
3856 119
3856 6375
3856 2520
3856 3926
3856 3482
3856 6032
3856 6600
3856 5617
3856 2737
3856 327
3856 3067
3856 2989
3856 5667
3856 1059
3856 1292
3856 1910
2134 282
2134 3990
2134 4452
2134 2577
2134 3810
2134 918
2134 6158
2134 6636
2134 1673
2134 4657
2134 6993
2134 2779
2134 1750
2134 3381
2134 6494
2134 450
2134 3129
2134 2103
2134 1926
2134 261
2134 5611
2134 2927
2134 2356
2134 4378
2134 827
2134 2545
2134 6725
2134 6195
2134 5961
2134 5683
2134 6947
2134 819
2134 1296
2134 5022
2134 5214
2134 575
2134 3816
2134 297
2134 395
2134 6978
2134 2865
2134 3841
2134 6088
2134 2720
2134 5117
2134 4283
2134 1339
2134 4608
2134 5286
2134 3602
2134 1857
2134 6903
2134 7062
2134 3218
2134 5785
2134 1838
1811 4541
1811 3540
1811 5100
1811 2538
1811 1765
1811 417
1811 2137
1811 3083
1811 5548
1811 1704
1811 6066
1811 1031
1811 1077
1811 1125
1811 833
2754 2159
2754 6547
2754 2841
2754 657
2754 2844
2754 2975
2754 3518
2754 7004
2754 5152
2754 6038
2754 1121
2754 6747
2754 5828
2754 4806
2754 7125
2754 7158
2754 7082
2754 3644
2754 3780
2754 3214
69 3135
69 4152
69 3911
69 2991
69 2657
69 1423
69 6286
69 4183
69 3052
69 2472
69 4843
69 4276
69 454
69 2181
69 538
69 5144
69 6590
69 506
69 5093
69 1568
69 5576
69 2160
69 4605
69 7039
69 6275
69 3297
69 4581
69 5228
69 4059
69 6661
69 2859
69 1130
69 6301
69 2432
69 2359
69 4293
69 2094
69 6596
69 1408
69 1375
69 5569
69 2249
69 6761
69 6909
69 167
69 1259
69 1274
69 3309
69 1688
1477 3903
1477 1327
1477 2897
1477 5105
1477 6234
1808 4628
1808 2958
1808 4780
1808 5344
1808 6408
1808 701
1808 2508
1808 3098
1808 2700
1808 4046
1808 3953
1808 3894
1808 6251
1808 6635
1808 6584
1808 1679
1808 4658
1808 4951
1808 1408
1808 967
1808 5477
1808 3309
1808 5200
1808 3260
6540 5290
6540 4289
6540 4498
6540 2911
6540 1693
6540 1376
6540 5396
6540 5415
6540 6655
6540 3549
6540 2086
6540 3587
6540 1974
6540 5754
6540 5797
6540 5522
6540 1677
6540 5558
6540 4474
6540 1445
6540 1085
6540 4219
6540 352
6540 163
6540 101
3658 4308
3658 1847
3658 1832
3658 5352
3658 6201
3658 1725
3658 6513
3658 3142
3658 1504
3658 1522
3658 6808
3658 3303
3658 4459
3658 3663
3658 4303
3658 2248
3658 4082
3658 4511
3658 4203
3658 423
3335 5547
3335 964
3335 3261
3335 5690
3335 2752
3335 1538
3335 1400
3335 4592
3335 1693
3335 1904
3335 6562
3335 4628
3335 6828
3335 6201
3335 6581
3335 2254
3335 538
3335 4078
3335 5416
3335 4075
3335 1684
3335 6049
3335 6740
3335 6727
3335 6657
3335 1248
3335 1846
3335 5797
3335 5522
3335 3399
3335 4119
3335 3221
3335 6967
3335 4951
3335 2131
3335 1408
3335 3657
3335 6040
3335 4407
3335 5226
3335 1258
3335 2750
3335 2544
3335 5346
3335 5938
3335 4729
3335 32
3335 4692
324 632
324 5154
324 1213
324 6624
324 2897
324 6001
3754 383
3754 2847
3754 3529
3754 740
3754 3025
3754 5961
3754 1617
3754 4530
3754 3627
3754 6589
3754 3486
3754 842
3754 4823
5855 1088
5855 426
5855 4110
5855 323
5855 3972
5855 710
5855 1905
5855 3808
5855 4715
5855 1000
5855 2989
5855 1601
5855 431
6005 2805
6005 6714
6005 3821
6005 6805
6005 4299
6005 5396
6005 355
6005 6438
6005 6985
6005 6772
6005 2560
6005 3674
6005 1894
6005 473
4369 5547
4369 6815
4369 3891
4369 1520
4369 2540
4369 1641
4369 6562
4369 6946
4369 4196
4369 6377
4369 4204
4369 4831
4369 4867
4369 5415
4369 531
4369 2254
4369 3246
4369 1522
4369 3989
4369 5482
4369 3192
4369 4725
4369 3720
4369 4263
4369 2709
4369 2618
4369 4691
4369 3663
4369 6540
4369 4082
4369 5558
4369 709
4369 1837
4369 4951
4369 6418
4369 6456
4369 4637
4369 3908
4369 2205
4369 6995
883 4642
883 3595
374 5867
374 1099
374 1437
374 236
374 2312
374 1803
374 4006
374 2832
374 2262
374 2663
374 5831
374 4143
374 3684
374 3756
374 669
374 1602
374 5567
374 556
374 4908
374 4674
374 4001
374 1118
374 1982
374 5650
374 3819
374 5495
374 1497
374 6631
374 4144
2687 4498
2687 1361
2687 1198
2687 4299
2687 3185
2687 4309
2687 4200
2687 4721
2687 5088
2687 381
2687 5439
2687 2418
2687 7079
2687 5312
3524 5748
3524 843
3524 1889
3524 4643
3524 4747
3524 4889
3524 5498
3524 1976
3524 61
3524 859
3524 4846
3524 5250
3524 3709
3524 3068
4479 2226
4479 5738
4479 864
4479 6436
4479 5774
4479 360
4479 5245
4479 1213
4479 2117
4479 1619
4479 2897
4479 2904
4479 1896
935 6754
935 899
935 5620
935 5333
7149 179
7149 5337
7149 2024
7149 2681
7149 1674
7149 3381
7149 7161
7149 3980
7149 621
7149 5309
7149 5797
7149 5119
7149 5815
7149 4768
7149 2608
7149 2544
7149 4404
2293 241
2293 3990
2293 6216
2293 4152
2293 184
2293 7016
2293 605
2293 3243
2293 5148
2293 1316
2293 210
2293 6533
2293 6993
2293 2779
2293 6665
2293 2767
2293 5253
2293 7175
2293 5973
2293 1783
2293 1882
2293 3766
2293 699
2293 7115
2293 6187
2293 6448
2293 78
2293 3942
2293 976
2293 3544
2293 3116
2293 5216
2293 4841
2293 6136
2293 1120
2293 5858
2293 6295
2293 2593
2293 3674
2293 1831
2293 575
2293 3281
2293 3340
2293 2837
2293 1806
2293 6755
2293 691
2293 1964
2293 2219
2293 3275
2293 1339
2293 1046
2293 5243
2293 5573
2293 1690
2293 4315
2293 1857
2293 3244
2293 3174
2293 1192
2293 2872
2293 1264
4013 1088
4013 6754
4013 6527
4013 3138
4013 4196
4013 7102
4013 397
4013 3435
4013 1905
4013 5143
4013 378
4013 4091
4013 4859
4013 668
4013 4579
6171 2331
6171 48
5212 5486
5212 1624
5212 3204
5212 4504
5212 2015
5212 5865
5212 5120
5212 6911
5212 5470
5212 2114
5212 5947
5212 1645
5212 5386
5212 6437
5212 2935
5212 3943
5212 6271
5212 2027
5212 5757
5212 6047
5212 4019
5212 1701
5212 6792
850 841
850 52
850 5001
850 2000
1436 1538
1436 1387
1436 6201
1436 6317
1436 6677
1436 4839
1436 4434
1436 6000
1436 1206
5347 6744
5347 5535
5347 3904
5347 824
5347 1673
5347 4602
5347 3776
5347 6494
5347 16
5347 2685
5347 1865
5347 2720
5347 7007
5347 3536
5347 4022
5347 666
5347 565
6337 313
6337 6795
5380 5305
2586 3736
2586 4452
2586 6993
2586 1750
2586 2103
2586 1882
2586 3766
2586 1926
2586 171
2586 6187
2586 2927
2586 5302
2586 4490
2586 3092
2586 575
2586 3961
2586 6185
2586 6978
2586 2556
2586 2865
2586 1857
2586 2845
2586 7062
5876 478
5876 1332
5876 3433
5119 5113
5119 5741
5119 5797
5119 4768
5119 2176
5119 2544
5119 5346
6918 3314
6918 4360
6918 2660
6918 5981
6918 1864
6918 5082
6918 71
6918 1577
6918 1126
6918 6297
6918 1706
6918 2724
6918 5504
6918 112
6918 4336
6918 758
6918 1389
6918 6395
6918 3784
6918 4760
6918 1598
6918 3063
6918 1010
6918 5983
6918 4064
6918 629
6918 5122
6918 5394
6918 5870
6918 6642
6918 1136
6918 5129
6918 2489
6918 2317
6918 4666
6918 3110
6918 6244
6918 1952
6918 6185
6918 3380
6918 4338
6918 2054
6918 5959
6918 5127
6918 7155
6918 1273
6918 3251
6918 6271
6918 3704
6918 5835
6918 3628
6918 949
6918 2804
6918 215
6918 1625
6918 1776
6918 5468
5800 2152
5800 6804
5800 7034
5800 4132
5800 3960
5800 6826
5800 6726
5800 1401
5800 2900
5800 3250
5800 5613
5800 2736
5800 4842
5800 5179
5800 4106
5800 2009
4049 1066
4049 5867
4049 1437
4049 236
4049 2312
4049 4936
4049 3684
4049 6443
4049 1602
4049 4001
4049 5650
4049 3922
4049 2447
4049 1497
4049 2801
4049 3480
4049 4144
4933 4196
4933 5809
4740 4196
4740 6674
4740 1983
5851 4774
6604 1509
6604 5711
6604 6495
6604 2462
5815 282
5815 3990
5815 3911
5815 2805
5815 245
5815 5319
5815 2681
5815 3323
5815 2690
5815 4186
5815 6142
5815 4747
5815 3285
5815 66
5815 4028
5815 6485
5815 6586
5815 2589
5815 1674
5815 5039
5815 2818
5815 2732
5815 4839
5815 2471
5815 3766
5815 5437
5815 1418
5815 3980
5815 6973
5815 3072
5815 6577
5815 4905
5815 4305
5815 3025
5815 3708
5815 2112
5815 4990
5815 1821
5815 5220
5815 6244
5815 136
5815 5730
5815 6185
5815 6752
5815 6117
5815 2219
5815 3547
5815 6387
5815 3819
5815 2528
5815 6358
5815 1635
5815 6487
5815 4821
5815 7062
5815 4404
5026 2022
5026 6650
5026 4823
5123 5720
5123 2812
5123 6598
5123 5653
2340 5045
2340 4469
2340 218
2340 2663
2340 6039
2340 1493
2340 1913
2340 2788
2340 2130
2340 4430
2340 1606
2340 4423
2340 1675
2340 2594
2340 3530
4087 228
909 1066
909 1099
909 236
909 2312
909 6443
909 4674
909 4001
909 6704
909 4049
909 5495
909 1497
6584 6744
6584 1782
6584 5900
6584 6116
6584 2716
6584 2085
6584 6595
6584 1904
6584 5344
6584 4280
6584 187
6584 5038
6584 16
6584 2950
6584 2086
6584 3587
6584 701
6584 4426
6584 2685
6584 2817
6584 1295
6584 2700
6584 3894
6584 5755
6584 6635
6584 3335
6584 1687
6584 5142
6584 2353
6584 3221
6584 912
6584 4658
6584 6040
6584 666
6584 4407
6584 2649
6584 5477
6584 5200
6584 2973
6584 1978
6584 4467
6584 6819
6584 3260
20 6349
20 1803
20 7033
20 6905
20 4803
20 551
20 6499
20 6035
20 3814
1394 2404
1394 5512
1394 1611
1394 3732
1394 1641
1394 6828
1394 5281
1394 4867
1394 6581
1394 2147
1394 3252
1394 6239
1394 1983
1394 2607
1394 1528
1394 2593
1394 392
1394 5935
1394 3916
1394 5951
1394 2003
1394 1576
1394 7011
1394 97
1394 958
1394 1028
1394 2939
1394 5587
1394 492
1394 666
1394 2062
1394 2973
1394 4639
1394 1258
6755 2025
6755 5987
6755 3898
6755 1025
6755 4954
6755 1841
6755 2293
6755 4287
6755 6531
6755 3510
6755 2682
6755 2872
6755 3484
5294 3161
5294 5541
5294 927
5294 4717
5294 2171
5294 3270
5294 3300
5294 6927
5294 6463
5294 6468
5294 6074
5294 6742
5681 2997
5681 2805
5681 4527
5681 5350
5681 2635
5681 6781
5681 2888
5681 2351
5681 1316
5681 5720
5681 5472
5681 4143
5681 2530
5681 3766
5681 3725
5681 484
5681 5877
5681 4990
5681 3281
5681 3920
5681 1822
5681 2012
5681 24
5681 4161
5681 1675
5681 1690
5681 2587
5681 2861
5681 4589
5681 472
5681 1701
5681 5819
5681 3125
7023 5044
7023 855
7023 3655
7023 1681
7023 190
7023 4016
7023 608
7023 3025
7023 109
7023 5789
7023 3894
7023 3221
7023 5910
7023 3672
7023 4729
1465 3000
1465 5827
1465 2577
1465 6430
1465 3689
1465 5712
1465 1230
1465 1455
1465 2779
1465 1078
1465 4848
1465 3129
1465 4839
1465 5725
1465 3449
1465 803
1465 6590
1465 6135
1465 3072
1465 6448
1465 6132
1465 2440
1465 5724
1465 768
1465 3690
1465 3677
1465 1296
1465 2354
1465 5022
1465 2121
1465 2016
1465 6450
1465 6585
1465 988
1465 6161
1465 5198
1465 924
1465 6600
1465 2738
1465 5932
1465 4283
1465 3696
1465 1074
1465 6971
1465 5667
1465 4863
1465 6909
1465 79
1465 1701
1465 2973
5763 1140
5763 992
5763 6489
5763 2138
5763 3184
5763 4913
5763 6757
5763 1845
5763 4655
5763 5009
2041 2789
2041 5262
2041 535
2041 5827
2041 5466
2041 2116
2041 2937
2041 3695
2041 3786
2041 4660
2041 4890
2041 1316
2041 2015
2041 2968
2041 1165
2041 740
2041 120
2041 1639
2041 784
2041 3273
2041 6170
2041 3025
2041 2301
2041 5053
2041 5442
2041 3690
2041 1296
2041 3627
2041 4470
2041 5548
2041 5989
2041 5268
2041 6177
2041 4283
2041 6597
2041 2587
2041 1701
2041 842
2041 5564
2041 4856
4287 1094
4287 3299
4287 4026
4287 4756
4287 1988
4287 2903
4287 5462
4287 6608
4287 1641
4287 4890
4287 4850
4287 5423
4287 3550
4287 680
4287 1797
4287 3528
4287 1926
4287 5302
4287 2734
4287 1330
4287 3886
4287 4389
4287 3025
4287 6947
4287 800
4287 6536
4287 3468
4287 3757
4287 3043
4287 2556
4287 6755
4287 6066
4287 6161
4287 6753
4287 895
4287 1182
4287 4590
4287 958
4287 3696
4287 2119
4287 5655
4287 2872
4287 1264
3378 5642
3378 2185
3378 6516
3378 1056
3378 5411
3378 4152
3378 4527
3378 6149
3378 6427
3378 80
3378 6714
3378 3434
3378 2635
3378 2690
3378 4006
3378 1316
3378 2524
3378 2472
3378 4311
3378 5423
3378 1797
3378 1042
3378 4188
3378 1354
3378 602
3378 3063
3378 6554
3378 1049
3378 5899
3378 1919
3378 2471
3378 6423
3378 3725
3378 484
3378 5877
3378 4721
3378 976
3378 916
3378 784
3378 3247
3378 2990
3378 6883
3378 6750
3378 2560
3378 5603
3378 6830
3378 5450
3378 551
3378 4569
3378 5193
3378 417
3378 3281
3378 6185
3378 4872
3378 1582
3378 94
3378 1822
3378 3293
3378 3849
3378 6752
3378 691
3378 6326
3378 1940
3378 5508
3378 6936
3378 5835
3378 5151
3378 24
3378 4161
3378 1654
3378 1690
3378 3959
3378 2587
3378 2784
3378 87
3378 3174
3378 6047
3378 1575
3378 5521
3378 2413
3378 4821
3378 2908
3378 6743
3378 5819
3378 5468
3993 1099
3993 1437
3993 2312
3993 1803
3993 2262
3993 4936
3993 6443
3993 1602
3993 1709
3993 4001
3993 4049
3993 3922
3993 1497
3993 3480
1573 4983
1573 5814
1573 299
1573 2549
1573 5963
1573 4062
1573 3933
1573 6280
1573 5696
1573 258
1573 6030
1573 491
1573 4512
1573 186
1573 3336
1573 1615
1573 2250
1573 24
1573 1690
1573 4099
1573 3027
1573 1326
1573 2782
3212 6453
3212 221
3212 4073
3212 199
3212 3507
3212 5121
3212 3525
3212 6142
3212 3595
3212 5331
3212 4311
3212 3833
3212 3349
3212 3784
3212 2732
3212 754
3212 2683
3212 814
3212 3683
3212 6883
3212 6642
3212 1136
3212 719
3212 5450
3212 5056
3212 3427
3212 2383
3212 727
3212 5386
3212 6609
3212 2766
3212 6244
3212 6789
3212 2054
3212 1177
3212 883
3212 22
3212 729
3212 289
3212 3251
3212 3054
3212 3620
3212 6036
3212 5559
3212 3082
3212 4641
3212 1604
3212 6795
3212 3157
3212 122
3212 4690
3212 5468
3212 256
1377 5481
1377 5879
1377 6712
1377 6237
6618 4289
6618 286
6618 6259
6618 143
6618 4874
6618 2911
6618 1991
6618 1376
6618 4432
6618 7072
6618 478
6618 5529
6618 2020
6618 1047
6618 6288
6618 6296
6618 5530
6618 5216
6618 2064
6618 273
6618 1751
6618 2709
6618 3011
6618 1495
6618 2174
6618 4181
6618 1320
6618 1672
6618 3071
6618 1677
6618 3045
6618 3276
6618 4953
6618 6798
6618 4672
6618 5549
6618 3583
6618 4702
6618 2162
6618 5688
6618 5600
6618 5819
6618 5103
6618 6254
6107 3913
6107 383
6107 1316
6107 1407
6107 6537
6107 784
6107 3273
6107 1456
6107 5442
6107 5022
6107 4523
6107 6589
6107 5349
6107 2012
6107 6177
6107 3602
6107 5155
6107 3218
748 1018
748 4332
2816 3298
2816 463
2816 2824
2816 5914
2816 2053
2816 4706
2816 4196
2816 10
2816 4189
2816 1905
2816 191
2816 3337
2816 1833
2816 3873
2816 634
2816 5990
2816 4824
2816 3612
2816 2044
2816 2740
2816 3856
2816 6348
2816 4655
2816 5617
2816 3987
2816 1910
7051 2789
7051 4891
7051 2968
7051 5053
7051 768
7051 3627
7051 924
7051 2289
7051 5989
7051 842
1320 3653
1320 3925
1320 5680
1320 3559
1320 1903
1320 3439
1320 7113
1320 2399
1320 672
1320 1217
1320 1100
1320 2557
1320 5065
1320 6809
1320 2472
1320 5918
1320 2576
1320 6392
1320 6817
1320 478
1320 1237
1320 2609
1320 1052
1320 6749
1320 4402
1320 1974
1320 777
1320 4775
1320 1658
1320 6500
1320 4414
1320 4447
1320 3334
1320 3894
1320 2979
1320 3230
1320 1549
1320 2552
1320 1907
1320 815
1320 3100
1320 799
1320 3777
1320 750
1320 1408
1320 987
1320 2144
1320 1338
1320 2539
1320 1419
1320 1075
1320 2730
1320 339
2967 2937
2967 5094
2967 49
2967 6932
2967 408
2967 3917
2967 1440
2967 3725
2967 1640
2967 6428
2967 2386
2967 851
2967 995
2967 548
2967 3779
2967 2702
2967 4792
2967 81
2967 748
2967 2219
2967 3931
2967 4117
2967 2820
2967 618
2967 4159
6066 1094
6066 5411
6066 4756
6066 156
6066 80
6066 4541
6066 1928
6066 3845
6066 1909
6066 6412
6066 36
6066 1500
6066 4225
6066 5503
6066 5100
6066 2349
6066 699
6066 3725
6066 4045
6066 1640
6066 2153
6066 417
6066 2137
6066 5223
6066 6972
6066 3782
6066 1841
6066 5548
6066 1704
6066 5198
6066 1727
6066 5164
6066 6529
6066 1169
6066 4611
6066 356
6066 1667
6066 4425
6066 1125
6066 3870
6066 3593
6066 783
6066 5417
6066 925
6066 3568
6066 4892
6066 1819
6066 2872
6066 752
6066 40
6066 3514
2480 6666
2480 4918
2480 1648
3874 4394
3874 6744
3874 115
3874 2657
3874 1387
3874 1333
3874 4874
3874 4659
3874 6278
3874 192
3874 3904
3874 6377
3874 6201
3874 3936
3874 454
3874 1272
3874 1650
3874 6046
3874 4419
3874 1401
3874 6770
3874 692
3874 2607
3874 1238
3874 6295
3874 1295
3874 644
3874 5244
3874 690
3874 2345
3874 113
3874 395
3874 3984
3874 6503
3874 6584
3874 2568
3874 3399
3874 5679
3874 4094
3874 4119
3874 4117
3874 6360
3874 5458
3874 3536
3874 2509
3874 2131
3874 5005
3874 1978
3874 6819
1672 5680
5795 6216
5795 4215
5795 7123
5795 1992
5795 66
5795 6586
5795 1425
5795 3146
5795 5799
5795 4149
5795 6589
5795 6894
85 5671
85 3142
85 1366
85 2810
85 957
85 2568
546 2574
546 6466
186 5163
186 2604
186 3835
186 4471
186 6080
186 6258
186 1138
186 6262
186 6111
186 3884
186 5872
186 6682
186 4706
186 5389
186 5557
186 5963
186 6345
186 4062
186 3933
186 3159
186 1004
186 6424
186 1833
186 6515
186 832
186 6917
186 3262
186 3923
186 2397
186 3700
186 7178
186 3364
186 267
186 420
186 2405
186 4390
186 882
186 5208
186 2760
186 2045
186 4039
186 2239
186 292
186 3498
186 1615
186 5921
186 5487
186 4342
186 2250
186 86
186 1439
186 1490
186 7
186 2515
186 2490
186 459
186 1252
186 4748
186 4099
186 4466
186 3027
186 7082
186 1962
186 3214
186 1461
1342 4938
1342 6608
1342 5787
1342 3550
1342 1743
1342 1931
1342 5426
1342 6536
1342 3757
1342 4954
1342 5655
1342 3174
452 1219
452 6261
452 4901
452 632
452 2117
452 1619
452 324
3691 5994
3691 2085
3691 1725
3691 2685
3691 395
3691 3874
3691 5078
3691 666
3691 3419
1845 1214
1845 6777
1845 2053
1845 469
1845 6745
1845 2468
1845 6489
1845 191
1845 3615
1845 1810
1845 4824
1845 7095
1845 820
1845 1806
1845 6375
1845 6274
1845 6032
1845 5243
1845 4220
3485 2592
1822 4784
1822 1828
1822 3259
1822 3567
1822 1676
1822 2805
1822 3434
1822 2488
1822 2351
1822 3285
1822 602
1822 6197
1822 1010
1822 1511
1822 3129
1822 6772
1822 3047
1822 5546
1822 308
1822 6606
1822 798
1822 487
1822 5837
1822 4717
1822 3630
1822 3711
1822 1296
1822 4569
1822 2614
1822 5765
1822 6275
1822 6646
1822 1582
1822 94
1822 5199
1822 6326
1822 5451
1822 4161
1822 4283
1822 5776
1822 6435
1822 2843
5327 4837
5327 4910
5327 3679
5327 3329
5327 6875
5327 2182
5327 7098
5327 5039
5327 1150
5327 484
5327 2585
5327 2788
5327 1544
5327 555
5327 6303
4465 1662
4465 3383
4465 3891
4465 192
4465 7181
4465 5665
4465 534
4465 5658
4465 2950
4465 6049
4465 5625
4465 4263
4465 3167
4465 4010
4465 35
4465 723
4465 4691
4465 1846
4465 6851
4465 5142
4465 3399
4465 3221
4465 6058
4465 4951
4465 2069
4465 6040
4465 3003
4465 3908
4465 5203
4465 163
4465 32
4465 4179
6161 5994
6161 1094
6161 3004
6161 1538
6161 3626
6161 6430
6161 1308
6161 4100
6161 6083
6161 5094
6161 5055
6161 3312
6161 605
6161 3208
6161 738
6161 2015
6161 1797
6161 4024
6161 1500
6161 6721
6161 5848
6161 808
6161 2114
6161 5725
6161 3725
6161 3886
6161 4591
6161 5426
6161 768
6161 800
6161 1528
6161 3468
6161 6243
6161 3984
6161 6066
6161 5198
6161 2570
6161 1206
6161 4094
6161 1182
6161 3696
6161 3510
6161 5169
6161 5078
6161 4892
6161 1701
6161 3201
6161 203
6161 1280
4638 5547
4638 4747
4638 6201
4638 6317
4638 4750
4638 859
4638 871
39 6099
39 3096
6086 241
6086 6169
6086 4281
6086 4991
6086 2592
6086 6775
6086 120
6086 2932
6086 2479
6086 6992
6086 131
6086 6301
6086 5358
6086 750
6086 2364
3107 5562
3107 1512
3107 535
3107 4498
3107 3145
3107 3044
3107 4845
3107 3141
3107 5415
3107 454
3107 4309
3107 6652
3107 506
3107 4109
3107 1974
3107 3974
3107 3720
3107 2687
3107 1449
3107 5222
4292 5353
4292 4471
4292 19
4292 3076
4292 4706
4292 4537
4292 3450
4292 250
4292 3703
4292 4349
4292 2011
4292 4475
4292 5808
2497 1662
2497 2752
2497 3383
2497 2090
2497 5344
2497 5665
2497 3930
2497 534
2497 5658
2497 6049
2497 4441
2497 4010
2497 659
2497 3894
2497 1846
2497 4465
2497 3399
2497 2738
2497 3221
2497 4794
2497 4658
2497 4951
2497 2218
2497 32
2568 6029
2568 2085
2568 598
2568 141
2568 5671
2568 3286
2568 3549
2568 3808
2568 1983
2568 1330
2568 1238
2568 5315
2568 3303
2568 3894
2568 3658
2568 3874
2568 3221
2568 182
2568 6835
2568 1601
2568 4560
6930 4131
6930 1455
6930 1885
6930 2986
6930 3834
6930 5724
6930 6789
6930 4730
6930 5784
6930 666
6930 1258
6930 6890
3344 4784
4247 5712
4247 2008
4247 5287
4247 6534
4247 3832
4247 1640
4247 2728
4247 396
3717 3784
3717 4615
3717 5996
3717 3563
3717 5757
292 5163
292 5859
292 4471
292 3589
292 6885
292 1331
292 1833
292 1317
292 267
292 4390
292 186
292 5487
292 4921
292 459
292 4413
292 1323
4303 1935
4303 6581
4303 4848
4303 109
4303 5951
4303 3265
4303 6568
1095 5462
1095 6494
1095 4878
1095 4434
1095 5378
1095 3043
1095 3754
1095 4287
1095 7011
1095 97
1095 958
1095 3696
1095 4102
5095 3305
5095 6377
5095 1725
5095 5482
5095 5236
5959 6453
5959 4360
5959 2185
5959 221
5959 4634
5959 1864
5959 5052
5959 3010
5959 6149
5959 2905
5959 4789
5959 5121
5959 3724
5959 4188
5959 1324
5959 6528
5959 754
5959 2886
5959 6900
5959 3756
5959 2683
5959 3683
5959 5601
5959 976
5959 916
5959 1602
5959 6750
5959 5837
5959 1801
5959 6830
5959 556
5959 719
5959 6449
5959 240
5959 3011
5959 4009
5959 727
5959 5386
5959 6185
5959 890
5959 1177
5959 94
5959 5597
5959 3826
5959 6271
5959 3704
5959 3054
5959 2804
5959 4595
5959 4095
5959 6795
5959 122
5959 4690
5959 2575
5959 1153
5959 256
3206 5642
3206 1099
3206 3721
3206 541
3206 2083
3206 5803
3206 6660
3206 17
3206 3576
3206 51
3206 4674
3206 551
3206 1118
3206 3770
3206 3290
3206 5747
3206 3426
3206 6704
3206 4049
3206 4819
3206 878
3206 5682
3206 1014
3206 3922
3206 3480
3206 4144
3206 7040
2003 3991
2003 4308
2003 2903
2003 2189
2003 2545
2003 5482
2003 5071
2003 4317
2003 3754
2003 3391
2003 871
6024 3911
6024 1423
6024 3440
6024 1842
6024 3204
6024 5811
6024 5557
6024 1354
6024 6322
6024 408
6024 1165
6024 3401
6024 740
6024 3976
6024 1926
6024 4826
6024 4389
6024 1718
6024 5988
6024 5450
6024 1297
6024 1544
6024 1622
6024 2627
6024 555
6024 2556
6024 5199
6024 2012
6024 3628
6024 6860
6024 6953
6024 3007
6024 2516
6024 5005
6024 3493
6024 5585
6024 4676
3895 3600
3895 5
3895 4370
3895 3626
3895 1308
3895 2233
3895 2847
3895 5221
3895 2615
3895 4024
3895 3357
3895 6721
3895 2071
3895 6537
3895 754
3895 1132
3895 484
3895 3976
3895 6008
3895 5442
3895 6599
3895 1428
3895 3790
3895 118
3895 4382
3895 5681
3895 3378
3895 4438
3895 6653
3895 2027
3895 3797
3895 1604
185 5550
185 1199
185 7157
185 3897
185 2944
185 4854
185 342
185 3983
185 4757
185 3519
185 863
185 3712
4562 3016
4562 6147
4562 3150
4562 7107
4562 6396
4562 2299
4562 188
4562 1740
4562 5505
4562 2802
4562 285
4562 5816
4562 4817
4562 4114
4562 3927
6945 58
6945 5489
6945 5857
6945 5680
6945 4804
6945 4845
6945 2031
6945 4372
6945 3047
6945 3766
6945 6590
6945 2341
6945 3176
6945 3116
6945 4841
6945 1751
6945 1785
6945 3674
6945 4759
6945 3340
6945 3771
6945 2571
6945 2228
6945 1816
6945 936
6945 3339
425 4414
425 6703
6673 1760
6673 6170
6673 4470
6673 3875
6673 6177
6673 6597
4438 3652
4438 5827
4438 5466
4438 1832
4438 5049
4438 4890
4438 4747
4438 5278
4438 2615
4438 7112
4438 2015
4438 764
4438 6485
4438 5503
4438 5182
4438 2114
4438 740
4438 6423
4438 1976
4438 1926
4438 4826
4438 4389
4438 3476
4438 3690
4438 230
4438 3894
4438 3663
4438 1622
4438 2556
4438 1964
4438 5151
4438 3959
4438 3201
4438 2908
4438 6121
4438 5544
1606 3881
1606 4257
1606 1354
1606 7010
1606 3116
1606 381
1606 153
1606 4326
1606 3311
1606 6563
1606 3421
1606 6088
1606 6035
1606 4423
1606 1715
1606 4531
1606 1046
1606 6692
1606 4622
1717 252
1717 4662
1717 5619
1717 2879
1717 1826
1717 2303
1717 4918
1717 5224
1717 5192
1717 1648
5901 1515
5901 6666
5901 2303
5901 4918
5901 5192
2897 2226
2897 4277
2897 5372
2897 1219
2897 6261
2897 4901
2897 5845
2897 3013
2897 5774
2897 4440
2897 5431
2897 3903
2897 1213
2897 636
2897 1327
2897 2117
2897 1619
2897 4479
2897 4089
2897 1137
2897 5105
2897 3639
2897 6472
2897 5733
5198 5042
5198 6430
5198 4100
5198 463
5198 3538
5198 5712
5198 2860
5198 1641
5198 6777
5198 992
5198 5987
5198 738
5198 3460
5198 3540
5198 1500
5198 4848
5198 2114
5198 1919
5198 5725
5198 4865
5198 854
5198 6448
5198 7165
5198 533
5198 5426
5198 4928
5198 3825
5198 7117
5198 4824
5198 2121
5198 3043
5198 1025
5198 2044
5198 3856
5198 4287
5198 6000
5198 356
5198 2728
5198 6600
5198 4590
5198 5243
5198 5169
5198 4315
5198 6047
5198 4220
5198 1345
2248 5804
2248 6815
2248 1346
2248 6169
2248 885
2248 2472
2248 3996
2248 1725
2248 2855
2248 3840
2248 531
2248 934
2248 3142
2248 99
2248 4182
2248 6590
2248 2223
2248 588
2248 5625
2248 4459
2248 3866
2248 4369
2248 4586
2248 1537
2248 1484
2248 4407
2248 1253
2248 2981
2248 163
6640 2752
6640 4780
6640 2508
6640 1951
6640 1808
6640 4951
6640 2131
3926 6691
3926 6587
3926 6777
3926 5531
3926 210
3926 469
3926 6163
3926 1783
3926 5363
3926 4140
3926 7104
3926 4824
3926 820
3926 5855
3926 1000
3926 4852
3926 5243
3926 3196
3442 903
3442 4298
3442 1536
3442 3377
3442 5991
3442 6668
3442 5017
3442 2139
3442 3281
3442 3071
22 4789
22 3126
22 2525
22 5448
22 3057
22 2748
22 3134
22 1863
22 3728
22 3941
22 767
22 5919
22 1801
22 1228
22 4198
22 267
22 152
22 5553
22 240
22 5208
22 1616
22 1592
22 3826
22 3133
22 4595
22 5014
22 6025
3005 1732
3005 758
3005 1042
3005 1200
3005 4749
3005 1940
3005 5444
1446 5712
1446 5555
1446 6885
1446 5787
1446 3965
1446 5494
1446 3860
1446 4034
1446 1635
1446 3514
1183 5994
1183 1088
1183 3715
1183 5283
1183 4496
1183 6282
1183 6754
1183 3242
1183 323
1183 992
1183 397
1183 1364
1183 2468
1183 445
1183 1905
1183 378
1183 7131
1183 2101
1183 2467
1183 4091
1183 4929
1183 3916
1183 612
1183 4986
1183 321
1183 6148
1183 5009
1183 2688
2898 6092
2898 1141
2898 5867
2898 1864
2898 6259
2898 236
2898 5504
2898 3604
2898 1803
2898 6002
2898 2767
2898 3063
2898 1010
2898 2471
2898 4194
2898 4646
2898 2710
2898 3387
2898 3110
2898 2220
2898 4731
2898 4872
2898 5127
2898 1273
2898 1145
2898 2665
2898 2255
2898 1192
2898 4702
2898 5819
2898 101
3102 2226
3102 6261
3102 6436
3102 632
3102 3070
3102 1213
3102 2117
3102 393
2969 5562
2969 7110
2969 1089
2969 4720
2969 4152
2969 2805
2969 2540
2969 6714
2969 1505
2969 1080
2969 4660
2969 1494
2969 5415
2969 454
2969 1272
2969 1930
2969 6438
2969 4309
2969 6655
2969 3047
2969 248
2969 3385
2969 3766
2969 484
2969 506
2969 4548
2969 1175
2969 6882
2969 1974
2969 3720
2969 4875
2969 1314
2969 6005
2969 5558
2969 6468
2969 797
2969 6040
2969 4989
2969 284
2969 2843
6715 1732
6715 1042
6715 1200
6715 4766
6715 1940
6715 3421
6715 2255
4201 6627
4201 3561
4201 966
4229 349
4229 5410
4229 2004
4229 2022
4229 3848
4229 205
4229 2272
4229 4652
4229 2462
5685 4211
5685 2604
5685 5712
5685 4722
5685 2768
5685 6853
5685 3274
5685 832
5685 7178
5685 420
5685 1013
5685 6965
5685 2760
5685 7
5685 7125
5685 5395
5685 2168
5685 925
5685 6146
5742 115
5742 3000
5742 2991
5742 7024
5742 2684
5742 7001
5742 5004
5742 385
5742 1723
5742 2638
5742 3052
5742 5218
5742 6616
5742 2605
5742 5806
5742 6655
5742 6549
5742 4598
5742 6339
5742 3549
5742 945
5742 5023
5742 4419
5742 4556
5742 860
5742 1568
5742 2160
5742 6988
5742 1238
5742 5315
5742 6920
5742 1148
5742 6295
5742 4724
5742 616
5742 4450
5742 3894
5742 4682
5742 5307
5742 2387
5742 3785
5742 3291
5742 5984
5742 3806
5742 3221
5742 2736
5742 1124
5742 2428
5742 6501
5742 6260
5742 6366
6753 5748
6753 4110
6753 1019
6753 4592
6753 6564
6753 1901
6753 1316
6753 3329
6753 4867
6753 3429
6753 849
6753 99
6753 1150
6753 3725
6753 4832
6753 6079
6753 4348
6753 6188
6753 5071
6753 4907
6753 5548
6753 6833
6753 5250
6753 6442
6753 2587
6753 3462
6753 6178
6753 984
3293 260
3293 1997
3293 2185
3293 3523
3293 1828
3293 6315
3293 3434
3293 7081
3293 2488
3293 6276
3293 7107
3293 3285
3293 4006
3293 782
3293 6320
3293 4188
3293 2814
3293 5834
3293 1010
3293 1511
3293 4876
3293 1556
3293 308
3293 4721
3293 1034
3293 5601
3293 3490
3293 2889
3293 6750
3293 5837
3293 5603
3293 6830
3293 1106
3293 3630
3293 3019
3293 4569
3293 2139
3293 5158
3293 839
3293 2506
3293 3849
3293 1940
3293 5444
3293 5451
3293 375
3293 4328
3293 4528
3293 6692
3293 4622
3293 5819
3293 2575
3293 6912
5127 5885
5127 1285
5127 2059
5127 584
5127 4289
5127 2185
5127 1141
5127 6976
5127 58
5127 6149
5127 1143
5127 2681
5127 2690
5127 2911
5127 2724
5127 1546
5127 4298
5127 5336
5127 2351
5127 1732
5127 1803
5127 6908
5127 4336
5127 781
5127 4888
5127 758
5127 4955
5127 1389
5127 1
5127 1902
5127 4143
5127 4458
5127 1200
5127 1275
5127 2071
5127 805
5127 5759
5127 2585
5127 669
5127 7033
5127 5801
5127 6008
5127 7053
5127 4194
5127 6750
5127 5450
5127 1120
5127 7090
5127 3011
5127 3166
5127 1298
5127 2310
5127 5241
5127 419
5127 2043
5127 6133
5127 1544
5127 6185
5127 258
5127 555
5127 4872
5127 1582
5127 94
5127 39
5127 6715
5127 6752
5127 6117
5127 2553
5127 2475
5127 3143
5127 4857
5127 5790
5127 2115
5127 1604
5127 42
5127 5080
5127 5468
5127 101
5127 1153
5127 2890
5937 6055
5937 6329
5937 3347
5937 2987
5937 2657
5937 1898
5937 982
5937 3730
5937 6782
5937 7169
5937 5806
5937 3030
5937 5144
5937 6735
5937 2234
5937 4556
5937 306
5937 160
5937 1692
5937 1340
5937 1540
5937 6876
5937 609
5937 4409
5937 3564
5937 4897
5937 4450
5937 3281
5937 4682
5937 2745
5937 3671
5937 6335
5937 5984
5937 4226
5937 145
5937 706
5937 5211
5937 4213
5937 1375
5937 5721
5937 2988
5937 2596
5937 6366
2506 5350
2506 7081
2506 675
2506 1556
2506 6186
2506 6668
2506 2139
2506 3293
2506 6326
2506 4494
2506 5521
2865 179
2865 4452
2865 4925
2865 4397
2865 3689
2865 2903
2865 6871
2865 2449
2865 2499
2865 4660
2865 3440
2865 1360
2865 6779
2865 4991
2865 2779
2865 1750
2865 2664
2865 2744
2865 6911
2865 4839
2865 1132
2865 120
2865 5010
2865 1948
2865 7115
2865 5724
2865 1456
2865 6130
2865 1296
2865 2974
2865 6275
2865 4924
2865 5741
2865 6978
2865 5199
2865 5815
2865 5151
2865 4283
2865 4608
2865 3696
2865 1857
2865 3040
2865 1701
2865 2608
2865 4856
2865 2908
3492 232
4619 5045
4619 223
4619 218
4619 2663
4619 3129
4619 5821
4619 1913
4619 5560
4619 2889
4619 6695
4619 2440
4619 5199
4619 1663
1117 4452
1117 1750
1117 3635
1117 3120
1117 1674
1117 1474
1117 1426
1117 563
1117 1399
6000 1094
6000 3299
6000 4026
6000 4756
6000 255
6000 1988
6000 1538
6000 5827
6000 5466
6000 1387
6000 6083
6000 3633
6000 2903
6000 5462
6000 3414
6000 1909
6000 605
6000 6608
6000 1641
6000 4850
6000 2847
6000 5987
6000 5787
6000 5423
6000 680
6000 3540
6000 6317
6000 3529
6000 1078
6000 6494
6000 2862
6000 6677
6000 757
6000 2349
6000 3898
6000 171
6000 3886
6000 800
6000 2016
6000 344
6000 3757
6000 3043
6000 1841
6000 3754
6000 6066
6000 1342
6000 6161
6000 1095
6000 1206
6000 7011
6000 1182
6000 97
6000 958
6000 3593
6000 2869
6000 2872
6000 1264
1907 4289
1907 872
1907 4152
1907 143
1907 2382
1907 4874
1907 6530
1907 4298
1907 4183
1907 5491
1907 478
1907 3232
1907 5529
1907 3725
1907 1047
1907 6296
1907 5530
1907 4861
1907 1751
1907 3011
1907 2174
1907 4653
1907 4872
1907 1320
1907 425
1907 3071
1907 3325
1907 1677
1907 4903
1907 1483
1907 3276
1907 3433
1907 5790
1907 5549
1907 1101
1907 3583
1907 4702
1907 2144
1907 519
1907 6703
4870 3925
4870 1559
4870 3375
4870 5972
7153 6453
7153 6552
7153 4291
7153 5
7153 2049
7153 4925
7153 2936
7153 6933
7153 2233
7153 4504
7153 14
7153 2015
7153 4311
7153 5720
7153 5420
7153 1165
7153 2732
7153 2114
7153 1919
7153 2530
7153 754
7153 6799
7153 6378
7153 3506
7153 814
7153 6008
7153 784
7153 887
7153 3025
7153 5961
7153 2301
7153 3708
7153 3476
7153 5988
7153 6599
7153 6343
7153 2112
7153 5056
7153 2599
7153 1952
7153 4382
7153 5212
7153 5681
7153 2935
7153 590
7153 2475
7153 3875
7153 3352
7153 6358
7153 4963
7153 6177
7153 1125
7153 2194
7153 2027
7153 1690
7153 6036
7153 2861
7153 6047
7153 4019
7153 1701
7153 1604
7153 6607
7153 1337
1679 6744
1679 5900
1679 1925
1679 6946
1679 4628
1679 3587
1679 701
1679 3098
1679 35
1679 3663
1679 5755
1679 6635
1679 6851
1679 5142
1679 2353
1679 3221
1679 1408
1679 3396
1679 1432
1679 5200
1679 3260
5086 3080
5086 2599
5086 5043
5086 3943
5086 1223
3771 6714
3771 7123
3771 2589
3771 4143
3771 6772
3771 6973
3771 3116
3771 2560
3771 4841
3771 5220
3771 3344
3771 105
3771 1989
3771 2843
4346 663
4346 4575
4346 3925
4346 5436
4346 1559
4346 2320
4346 6530
4346 1217
4346 956
4346 2777
4346 6817
4346 273
4346 5972
4346 508
4346 6069
4346 316
4346 1479
4346 6331
4346 1320
4346 4870
4346 815
4346 3100
4346 2514
4346 987
4346 2730
5943 4862
5943 3653
5943 3937
5943 1903
5943 5491
5943 7072
5943 4533
5943 2605
5943 3246
5943 3921
5943 1055
5943 4473
5943 4295
5943 2842
5943 1052
5943 6749
5943 5769
5943 3878
5943 3793
5943 3611
5943 1397
5943 3374
5943 2552
5943 2689
5943 1479
5943 1320
5943 7092
5943 45
5943 412
5943 145
5943 3045
5943 4903
5943 799
5943 3777
5943 750
5943 3137
5943 4411
5943 6260
5943 2485
5943 1101
5943 1769
5943 2539
5943 6254
3269 2997
3269 1316
3269 2023
3269 4846
3269 1735
3269 5548
3269 1646
3269 1280
3519 3351
3519 3451
3519 863
2849 3060
2849 1611
2849 392
2849 6442
2849 3020
3654 155
3654 6250
3654 2413
1900 2090
1900 2254
1900 3488
1900 723
1900 6058
1900 4951
1687 5985
1687 5595
1687 3891
1687 1400
1687 6116
1687 2396
1687 561
1687 1080
1687 688
1687 3731
1687 3286
1687 1272
1687 3121
1687 5344
1687 5832
1687 538
1687 3561
1687 187
1687 1434
1687 4018
1687 3783
1687 4206
1687 716
1687 5381
1687 3930
1687 4075
1687 2632
1687 5453
1687 534
1687 1744
1687 5658
1687 5575
1687 3587
1687 701
1687 5769
1687 6049
1687 5625
1687 2508
1687 6920
1687 3896
1687 6295
1687 1295
1687 723
1687 5244
1687 4691
1687 3085
1687 401
1687 6635
1687 3105
1687 1249
1687 3874
1687 6372
1687 3394
1687 3368
1687 2738
1687 3221
1687 6058
1687 1445
1687 1085
1687 4164
1687 1003
1687 6944
1687 666
1687 1496
1687 4411
1687 3908
1687 7143
1687 6835
1687 5200
1687 2973
1687 1258
1687 3260
1687 4692
2080 5604
2080 6918
2080 2516
1727 241
1727 627
1727 3299
1727 5411
1727 18
1727 80
1727 4215
1727 5094
1727 3845
1727 1909
1727 4186
1727 1832
1727 6608
1727 845
1727 5987
1727 738
1727 4196
1727 680
1727 2954
1727 4225
1727 2862
1727 4418
1727 2066
1727 5899
1727 740
1727 5100
1727 1976
1727 3832
1727 5447
1727 3247
1727 5799
1727 3705
1727 61
1727 3663
1727 5548
1727 3378
1727 6589
1727 2570
1727 3870
1727 3486
1727 5342
1727 6894
1727 1701
1727 5819
6506 6216
6506 3481
6506 3809
6506 3768
6506 1367
6506 3010
6506 6149
6506 5280
6506 4186
6506 2035
6506 4518
6506 6908
6506 5379
6506 325
6506 1
6506 1674
6506 6671
6506 1029
6506 3616
6506 6195
6506 2889
6506 6884
6506 3272
6506 3069
6506 6093
6506 3398
6506 3205
6506 3935
6506 1796
6506 4314
6506 1632
6506 5158
6506 5375
6506 6185
6506 3627
6506 1569
6506 5199
6506 1405
6506 5125
6506 3268
6506 62
6506 3007
6506 858
6506 5081
6506 5585
6506 3113
6506 2843
4273 6261
4273 4901
4273 6436
4273 1225
4273 632
4273 4912
4273 1137
728 4299
728 5786
728 5925
728 4200
728 5088
728 5439
728 1211
728 1894
728 4334
728 2249
728 1647
728 817
138 3991
138 5263
138 5512
138 4397
138 1110
138 1611
138 5049
138 193
138 4889
138 4196
138 7112
138 6201
138 6317
138 3252
138 3834
138 621
138 5071
138 2593
138 1111
138 3534
138 4707
138 1394
138 3391
138 5587
138 492
138 6680
138 4505
895 1809
895 1743
895 5571
7103 4067
7103 1208
7103 835
7103 1121
7103 5879
7103 5979
7103 5702
924 2116
924 2225
924 3786
924 5400
924 3690
924 3627
924 7051
924 3696
924 5667
924 3602
924 472
924 4823
4860 6402
4860 3016
4860 2483
4860 3579
4860 4977
4860 3719
4860 430
4860 5201
4860 6985
4860 3385
4860 6652
4860 1825
4860 6668
4860 6676
4860 5603
4860 1180
4860 196
4860 285
4860 4181
4860 2175
4860 853
4860 375
4860 6463
4860 276
4860 750
4860 3915
4768 1288
4768 4452
4768 870
4768 3286
4768 3381
4768 1418
4768 608
4768 3980
4768 5012
4768 4318
4768 5741
4768 563
4768 6387
4768 2176
4768 6784
4768 2544
4768 5346
4768 3437
6589 2533
6589 6216
6589 6976
6589 2997
6589 18
6589 6259
6589 71
6589 4527
6589 4549
6589 6149
6589 199
6589 1212
6589 2911
6589 5148
6589 1316
6589 1157
6589 764
6589 5396
6589 7068
6589 2613
6589 4615
6589 5503
6589 5973
6589 1049
6589 2732
6589 7101
6589 2706
6589 4865
6589 669
6589 784
6589 4591
6589 3273
6589 3247
6589 5019
6589 3708
6589 3992
6589 2626
6589 800
6589 3674
6589 6987
6589 1622
6589 911
6589 555
6589 4872
6589 774
6589 691
6589 3819
6589 4963
6589 2446
6589 1406
6589 2363
6589 24
6589 2194
6589 5655
6589 2587
6589 1663
6589 4703
6589 215
6589 3988
6589 558
6589 858
6589 4702
6589 1604
6589 4959
2289 6516
2289 4891
2289 4196
2289 6096
2289 3401
2289 1926
2289 5302
2289 4826
2289 827
2289 6947
2289 5400
2289 3627
2289 2556
2289 2041
2289 7051
2289 2190
2289 3602
2289 1635
2289 6890
2289 4823
2298 1094
2298 293
2298 5712
2298 446
2298 3651
2298 3862
2298 7112
2298 1078
2298 7175
2298 6677
2298 2114
2298 1919
2298 5725
2298 4865
2298 5216
2298 5799
2298 6384
2298 2430
2298 1974
2298 3207
2298 575
2298 3894
2298 1553
2298 6589
2298 2902
2298 691
2298 3221
2298 871
2298 5667
2298 1408
2298 3486
2298 6894
774 4289
774 2533
774 2811
774 6216
774 2603
774 5115
774 4925
774 5350
774 6427
774 5319
774 2635
774 6627
774 4972
774 3330
774 454
774 1674
774 1354
774 2744
774 1650
774 5973
774 1919
774 6378
774 338
774 976
774 784
774 2560
774 5603
774 303
774 6093
774 4569
774 1428
774 3935
774 2129
774 2993
774 1632
774 1495
774 1622
774 1569
774 555
774 4317
774 4872
774 5815
774 1822
774 6024
774 3293
774 6531
774 6326
774 1677
774 2864
774 5892
774 6358
774 4161
774 2027
774 3486
774 1816
774 858
774 1253
774 5521
774 1005
774 3088
774 7058
6531 3299
6531 899
6531 1988
6531 3626
6531 3633
6531 5462
6531 6608
6531 6777
6531 6846
6531 4504
6531 5787
6531 591
6531 3679
6531 3550
6531 1797
6531 2253
6531 2767
6531 5571
6531 1783
6531 7105
6531 3015
6531 5493
6531 2734
6531 78
6531 916
6531 4153
6531 6079
6531 3183
6531 4841
6531 4928
6531 5429
6531 6136
6531 1120
6531 2837
6531 4489
6531 1806
6531 3757
6531 4317
6531 962
6531 2556
6531 3754
6531 1095
6531 895
6531 691
6531 7011
6531 97
6531 24
6531 5250
6531 958
6531 5243
6531 1690
6531 2065
6531 5655
6531 4315
6531 1059
6531 1192
6531 3562
6531 2872
6531 1264
6531 7058
4586 4948
4586 58
4586 1641
4586 4845
4586 5174
4586 296
4586 1522
4586 2616
4586 2223
4586 588
4586 5614
4586 954
4586 2248
4586 4082
4586 2175
4586 1484
4586 2393
4586 1074
4586 4560
6632 5748
6632 4747
6632 4889
6632 5498
6632 859
6632 3524
6632 1321
6632 5250
6632 3709
2564 5825
354 2850
354 6666
354 4635
354 2303
354 2906
354 6026
354 3767
354 5192
4534 6662
4534 2603
4534 4991
4534 1493
4534 120
4534 1022
4534 1296
4534 5598
4534 2129
4534 68
4534 5133
4534 5989
4534 2845
4534 6435
4534 4856
4534 6545
6348 6587
6348 2098
6348 82
6348 4742
6348 3615
6348 2014
6348 6375
6348 2816
6348 5061
6348 1876
6348 3028
2360 5748
2360 5049
2360 4747
2360 4889
2360 5498
2360 5182
2360 7105
2360 859
2360 3524
2360 1321
2360 5250
4976 5044
4976 115
4976 6934
4976 4031
4976 6958
4976 1870
4976 4533
4976 3840
4976 3561
4976 945
4976 160
4976 7052
4976 4409
4976 6920
4976 1148
4976 6762
4976 5615
4976 5228
4976 4201
4976 5742
4976 1348
4976 3806
4976 6596
4976 1375
4976 5037
4976 1769
4976 6062
1894 3810
1894 4660
1894 4242
1894 1322
1894 2429
1894 5088
1894 487
1894 5439
1894 1271
1894 310
1894 6005
1894 2687
1894 728
1894 4772
1894 3130
1894 2874
1894 6748
6927 2106
6927 5692
6927 4720
6927 4060
6927 1939
6927 2758
6927 5110
6927 1729
6927 4150
6927 6731
6927 308
6927 1740
6927 5822
6927 5294
6927 5816
6927 4403
6927 5776
6927 2643
6927 3527
305 2059
305 1016
305 2488
305 5638
305 5973
305 2471
305 5837
305 4746
305 5488
305 2334
305 5819
2425 3937
2425 3919
2425 6328
2425 6288
2425 1052
2425 3334
2425 45
2425 6087
2425 1419
2425 6254
3077 1199
3077 3021
7092 214
7092 5093
7092 6288
7092 2335
7092 1583
7092 6541
7092 5943
7092 1419
7092 5103
875 5981
875 5052
875 4416
875 6672
875 573
875 3589
875 6268
875 4544
875 5328
875 5062
875 7087
875 3784
875 1566
875 3517
875 1598
875 6330
875 5624
875 3998
875 3706
875 3623
875 5014
875 6801
875 3944
875 3157
875 1999
6722 627
6722 5330
6722 1641
6722 1901
6722 4486
6722 4035
6722 2779
6722 5677
6722 7115
6722 171
6722 4928
6722 6188
6722 3966
6722 2929
6722 6274
6722 356
6722 2995
6722 3457
6722 1339
6722 2960
6722 3593
6722 1463
6722 2872
6722 4220
6722 1345
3849 5642
3849 6092
3849 4193
3849 18
3849 3010
3849 1437
3849 6427
3849 7016
3849 2635
3849 4938
3849 218
3849 541
3849 4006
3849 325
3849 2868
3849 7010
3849 3357
3849 5834
3849 1010
3849 5503
3849 1132
3849 171
3849 6606
3849 5830
3849 5394
3849 3490
3849 1709
3849 4841
3849 1106
3849 303
3849 3630
3849 5683
3849 3986
3849 3711
3849 6224
3849 1120
3849 3290
3849 5747
3849 4420
3849 555
3849 6704
3849 374
3849 2293
3849 1606
3849 3293
3849 3147
3849 6326
3849 5508
3849 6936
3849 1989
3849 1675
3849 3510
3849 837
3849 6487
3849 2040
3849 898
3849 1770
3849 3530
3849 5521
3849 3068
3849 4144
3849 5819
5206 5110
5206 3161
5206 5954
5206 2035
5206 2299
5206 4295
5206 5860
5206 6676
5206 5541
5206 3423
5206 4717
5206 3711
5206 4176
5206 2171
5206 3270
5206 5158
5206 3300
5206 1328
5206 1525
5206 861
5206 276
5206 6074
5206 6742
5206 4528
5522 5387
5522 4836
5522 568
5522 3000
5522 5712
5522 1693
5522 192
5522 190
5522 3305
5522 6432
5522 1870
5522 405
5522 4633
5522 1272
5522 2181
5522 450
5522 7005
5522 3549
5522 1885
5522 574
5522 5416
5522 6135
5522 1926
5522 608
5522 155
5522 4605
5522 5113
5522 3109
5522 4827
5522 581
5522 4881
5522 7023
5522 1036
5522 4094
5522 2313
5522 4117
5522 3123
5522 1408
5522 6835
5522 6995
5522 1978
796 241
796 293
796 1832
796 2066
796 836
796 4355
796 1727
796 2298
1466 4527
1466 2452
1466 6361
1466 4368
1466 3271
1466 691
2343 4152
2343 3730
2343 2031
2343 1322
2343 6135
2343 5754
2343 5641
2343 2418
2343 6138
2343 2393
2343 5211
2343 6909
2343 1816
2343 936
5235 3745
5235 2795
5235 2357
5235 1461
3194 5269
3194 2339
3194 3200
3194 891
3194 3759
3194 6968
3194 7095
3194 7042
1405 3314
1405 6092
1405 50
1405 4955
1405 4311
1405 1750
1405 1042
1405 2280
1405 3063
1405 1010
1405 4766
1405 5122
1405 3403
1405 4841
1405 5450
1405 2317
1405 1544
1405 555
1405 6978
1405 5199
1405 3005
1405 6752
1405 1940
1405 1273
1405 5444
1405 6088
1405 1192
1405 2516
1405 1153
1405 3735
1576 3305
1576 2147
1576 2607
1576 1394
1576 6829
1576 1986
1576 871
1576 2010
1576 2939
1576 2062
1576 2973
1576 4639
1576 1258
6752 3424
6752 5293
6752 4458
6752 7145
6752 5202
6752 5043
6752 3143
1031 7031
1031 5411
1031 2297
1031 6083
1031 80
1031 1928
1031 1909
1031 6412
1031 1335
1031 4225
1031 2538
1031 699
1031 4045
1031 2137
1031 3083
1031 4454
1031 6529
1031 4751
1031 3812
1031 6398
1031 3761
1031 3086
1031 3174
1031 752
1031 3514
2902 5456
2902 293
2902 2025
2902 80
2902 4215
2902 5094
2902 184
2902 1909
2902 640
2902 845
2902 738
2902 5498
2902 4024
2902 4225
2902 2862
2902 2066
2902 5899
2902 1976
2902 3725
2902 3886
2902 5426
2902 3705
2902 2677
2902 2293
2902 2570
2902 1125
2902 3870
2902 3568
2902 1646
2902 5342
2531 5044
2531 5595
2531 115
2531 4592
2531 2325
2531 1870
2531 3289
2531 1522
2531 4282
2531 6590
2531 5745
2531 5196
2531 6256
2531 3894
2531 2248
2531 6212
2531 1408
2531 4407
2531 2413
2531 4932
1347 4939
1347 1275
1347 17
1347 4310
1347 684
1347 1396
1347 1526
1347 551
1347 136
1347 6070
1347 2771
1347 3206
1347 362
1347 4819
1347 5682
1347 4531
1347 6797
1347 4033
6138 872
6138 1925
6138 4432
6138 5065
6138 2472
6138 4372
6138 6542
6138 347
6138 6590
6138 2019
6138 1974
6138 3910
6138 1785
6138 2343
6138 2313
6138 4407
6138 936
6138 1253
6138 2413
6138 1380
6138 5909
2398 5614
2398 954
2398 2401
5965 5006
5965 3330
5965 2589
5965 7098
5965 2732
5965 6378
5965 3577
5965 4686
5965 3708
5965 2112
5965 5398
5965 518
5965 6358
5965 2194
5965 5016
5965 3088
4714 3331
4714 7087
4714 3517
4714 1598
4714 3
3498 3679
3498 5963
3498 4062
3498 3262
3498 922
3498 491
3498 691
3498 5921
3498 2250
3498 24
3498 3995
3498 3027
3498 3603
473 1361
473 4299
473 1322
473 2356
473 5088
473 5439
473 5102
473 310
473 6768
473 728
473 2359
473 3263
473 6748
6085 3925
6085 5918
6085 2777
6085 6069
6085 4870
6085 815
6085 4265
691 4719
691 7056
691 5
691 18
691 5115
691 2496
691 3626
691 4549
691 2452
691 3507
691 2225
691 4186
691 2180
691 2233
691 6781
691 2888
691 3440
691 5723
691 2615
691 3862
691 5720
691 3330
691 6167
691 3357
691 2703
691 4128
691 1165
691 6721
691 2613
691 1049
691 3274
691 2071
691 5963
691 6537
691 2530
691 4062
691 740
691 1493
691 1132
691 5947
691 6799
691 2287
691 3766
691 6952
691 1976
691 2683
691 3976
691 6973
691 5447
691 1560
691 3262
691 6018
691 2126
691 6428
691 3476
691 1594
691 5988
691 5257
691 6599
691 3690
691 1562
691 1645
691 4368
691 2626
691 800
691 3166
691 649
691 1462
691 5377
691 6275
691 3790
691 1952
691 4039
691 6045
691 922
691 5548
691 6457
691 1573
691 5327
691 3895
691 5198
691 6589
691 2298
691 774
691 1466
691 6752
691 5349
691 1615
691 64
691 1077
691 6191
691 5989
691 6922
691 2250
691 3931
691 6358
691 4963
691 6177
691 6088
691 2495
691 5151
691 2194
691 2027
691 1675
691 6597
691 3797
691 3734
691 1158
691 1635
691 3959
691 3486
691 87
691 925
691 2861
691 3040
691 472
691 1701
691 3988
691 2845
691 1604
691 6391
691 6121
6653 754
6653 5919
6653 3350
1592 3234
1592 5016
1865 3000
1865 5535
1865 4645
1865 6377
1865 1725
1865 187
1865 5038
1865 1485
1865 2685
1865 4092
1865 3536
1865 4022
1865 666
2548 4820
2548 6583
3147 5954
3147 848
3147 602
3147 6772
3147 873
3147 1582
3291 3135
3291 3911
3291 1283
3291 4498
3291 1423
3291 4994
3291 3187
3291 5218
3291 350
3291 4843
3291 4309
3291 2558
3291 1778
3291 175
3291 6590
3291 6135
3291 860
3291 4373
3291 6363
3291 2486
3291 4605
3291 1836
3291 7039
3291 1567
3291 4897
3291 3163
3291 6275
3291 1468
3291 5941
3291 4581
3291 4059
3291 5742
3291 5522
3291 4781
3291 1130
3291 6301
3291 953
3291 2359
3291 5211
3291 4474
3291 5569
3291 2249
3291 4219
3291 6909
3291 1688
6951 1214
6951 1961
6951 6754
6951 899
6951 3073
6951 141
6951 599
6951 2566
6951 4196
6951 6481
6951 965
6951 5762
6951 191
6951 5143
6951 3759
6951 6159
6951 6108
6951 4770
6951 3934
6951 3183
6951 7108
6951 5948
6951 7104
6951 3733
6951 5620
6951 4824
6951 4986
6951 2161
6951 4913
6951 4859
6951 2199
6951 668
6951 4013
6951 5333
6951 4651
6951 4655
6951 6032
6951 5061
6951 4612
6951 110
6951 2884
6951 6110
6951 239
6951 2646
4082 6029
4082 5970
4082 6263
4082 885
4082 4204
4082 5352
4082 1725
4082 2855
4082 531
4082 3142
4082 1504
4082 5809
4082 4182
4082 106
4082 588
4082 4725
4082 6839
4082 4586
4082 6212
4082 1601
4082 5648
1065 6976
1065 6142
1065 4311
1065 669
1065 6132
1065 6407
1065 4841
1065 4895
1065 6298
1065 136
1065 6185
1065 94
1065 3007
1065 4821
1982 4360
1982 3589
1982 5711
1982 5328
1982 3976
1982 1636
1982 5988
1982 3837
1982 5386
1982 2559
5349 7056
5349 2997
5349 5712
5349 1316
5349 3679
5349 6346
5349 784
5349 3273
5349 6170
5349 4565
5349 5707
5349 417
5349 6275
5349 4470
5349 5133
5349 6107
5349 691
5349 24
5349 2587
5349 3233
5349 3040
5349 472
5349 6894
1036 531
1036 4182
1036 5910
1036 2981
225 6200
225 3309
6851 4394
6851 964
6851 568
6851 2752
6851 255
6851 7159
6851 1387
6851 5319
6851 1333
6851 2085
6851 207
6851 1925
6851 4889
6851 6828
6851 6201
6851 6317
6851 4016
6851 6581
6851 5344
6851 2254
6851 538
6851 6071
6851 2896
6851 4018
6851 5665
6851 2050
6851 4075
6851 16
6851 701
6851 5769
6851 5482
6851 5698
6851 6049
6851 6740
6851 859
6851 5071
6851 723
6851 4408
6851 4724
6851 4691
6851 401
6851 975
6851 3984
6851 485
6851 3874
6851 4465
6851 5142
6851 1206
6851 1321
6851 3399
6851 709
6851 871
6851 912
6851 4658
6851 4951
6851 2176
6851 3396
6851 6040
6851 4407
6851 2835
6851 3908
6851 2649
6851 1432
6851 5200
6851 2750
6851 2544
6851 5938
6851 32
6851 3260
6851 4692
1812 4991
1812 3129
1812 120
1812 261
1812 3072
1812 6195
1812 1529
1812 1296
1812 6275
1812 988
1812 5314
1812 4283
1812 4608
1812 5573
6454 3021
6454 1863
6454 353
6454 1616
6454 91
6454 2462
6372 3095
6372 964
6372 5944
6372 224
6372 3906
6372 6323
6372 688
6372 5261
6372 4047
6372 5575
6372 410
6372 3446
6372 485
6372 3394
6372 3399
6372 4120
1300 6621
1300 2214
1300 5063
1300 4280
1300 3061
1300 4898
1300 1304
6335 2657
6335 4298
6335 3306
6335 4660
6335 6014
6335 509
6335 306
6335 2019
6335 3124
6335 2709
6335 5613
6335 5937
6335 4297
6335 2959
6335 5790
6335 1259
6335 5721
6335 283
6335 101
831 2465
831 903
831 2068
831 4733
831 5358
831 5405
831 3339
6274 5339
6274 1889
6274 2025
6274 5933
6274 5319
6274 2860
6274 5330
6274 6608
6274 4850
6274 992
6274 1455
6274 4396
6274 3460
6274 4142
6274 5423
6274 1906
6274 3540
6274 1981
6274 2779
6274 6897
6274 5287
6274 4791
6274 854
6274 4878
6274 6448
6274 4591
6274 5724
6274 1508
6274 7104
6274 1765
6274 800
6274 1805
6274 4824
6274 4986
6274 2016
6274 3757
6274 4420
6274 2044
6274 2293
6274 1845
6274 6531
6274 4651
6274 3482
6274 6032
6274 2728
6274 3371
6274 4068
6274 3510
6274 4315
6274 1059
6274 2667
6274 2158
6274 6696
3336 7130
3336 1168
3336 6932
3336 2549
3336 1189
3336 6099
3336 5963
3336 3933
3336 1004
3336 3262
3336 6280
3336 4332
3336 268
3336 4039
3336 922
3336 258
3336 6030
3336 4512
3336 590
3336 2250
3336 24
3336 443
3336 1690
3336 1473
2630 252
2630 1790
2630 5619
2630 6666
2630 4918
2630 3425
2630 5224
2630 5192
2600 5094
2600 480
2600 1316
2600 4504
2600 2870
2600 3679
2600 4867
2600 5357
2600 4816
2600 849
2600 3725
2600 4832
2600 784
2600 6079
2600 6256
2600 5071
2600 4042
2600 5548
2600 6540
2600 691
2600 24
2600 5250
2600 6442
2600 1690
2600 5587
2600 3462
2600 1816
4297 5290
4297 1089
4297 1512
4297 535
4297 1703
4297 4152
4297 6259
4297 143
4297 3145
4297 5280
4297 1126
4297 4874
4297 1693
4297 1903
4297 1904
4297 1080
4297 5504
4297 3306
4297 3820
4297 474
4297 2028
4297 1157
4297 1197
4297 3634
4297 5415
4297 5991
4297 1272
4297 1930
4297 1324
4297 6655
4297 1010
4297 2441
4297 5039
4297 6731
4297 4573
4297 3561
4297 1322
4297 5122
4297 484
4297 506
4297 4548
4297 1794
4297 5017
4297 509
4297 6288
4297 927
4297 3834
4297 6876
4297 273
4297 2710
4297 3711
4297 1567
4297 4897
4297 5295
4297 7177
4297 4574
4297 7079
4297 113
4297 485
4297 4872
4297 6540
4297 1320
4297 3874
4297 6945
4297 3442
4297 2343
4297 6326
4297 3775
4297 1273
4297 412
4297 2528
4297 1837
4297 5910
4297 2509
4297 4213
4297 1085
4297 797
4297 5776
4297 4347
4297 6894
4297 3927
4297 4669
4297 5222
4297 923
4297 5721
4297 2115
4297 6087
4297 2388
4297 519
4297 5819
4297 6819
4297 3339
4297 3499
4781 3291
4781 1124
2935 2811
2935 2530
2935 6511
2935 5260
2935 5681
2935 1701
7018 47
7018 6958
7018 3584
7018 348
7018 1856
7018 3090
7018 3957
4054 6620
4054 3296
4054 2844
4054 6466
4054 4713
4054 1440
4054 2030
4054 6038
4054 4249
4054 5907
4054 4806
4054 4284
5752 5368
5752 2942
5752 6505
5752 5972
5752 6543
5752 4870
5752 6393
5752 4265
2813 2005
2813 6351
2813 6985
2813 6652
2813 7053
2813 4109
2813 196
2813 817
6326 610
6326 6402
6326 1828
6326 3016
6326 1051
6326 3567
6326 5110
6326 6315
6326 5954
6326 6919
6326 7081
6326 1080
6326 675
6326 7107
6326 4977
6326 454
6326 2814
6326 6671
6326 6731
6326 1650
6326 4876
6326 3685
6326 1556
6326 248
6326 6186
6326 3385
6326 5743
6326 6676
6326 3834
6326 5603
6326 4717
6326 1529
6326 3711
6326 1180
6326 4569
6326 2614
6326 3136
6326 5158
6326 113
6326 5822
6326 839
6326 3874
6326 2969
6326 2506
6326 4297
6326 3368
6326 5451
6326 375
6326 837
6326 3672
6326 797
6326 4403
6326 5776
6326 5521
6326 2188
4879 3349
4879 6900
4879 3683
4879 1136
4879 6639
4879 3483
4879 6035
4879 3814
4879 4477
4879 3169
2943 3991
2943 3060
2943 1832
2943 4196
2943 4832
2943 4355
2943 4740
2943 2568
2943 6442
2943 2010
2943 5587
4092 3990
4092 6662
4092 3000
4092 7067
4092 5466
4092 2116
4092 1333
4092 3689
4092 3695
4092 3786
4092 1230
4092 6689
4092 2779
4092 1078
4092 4848
4092 780
4092 1783
4092 3429
4092 5038
4092 3449
4092 6590
4092 3072
4092 6787
4092 6132
4092 692
4092 4591
4092 2093
4092 2440
4092 768
4092 6964
4092 6275
4092 2016
4092 6450
4092 4907
4092 68
4092 6585
4092 988
4092 3931
4092 5117
4092 5932
4092 460
4092 3696
4092 5667
4092 4863
4092 6909
4092 79
4092 5005
4092 1701
4092 2973
4956 3807
4956 1631
4956 2067
4956 991
4956 2915
4956 1871
1758 6402
1758 1116
1758 5954
1758 2035
1758 2814
1758 3423
1758 4569
1758 2802
1758 2171
1758 3861
1758 3136
1758 5294
1758 5206
1758 6463
1758 276
1758 4136
5333 6338
5333 3972
5333 1364
5333 891
5333 7142
5333 3183
5333 7108
5333 5948
5333 3928
5333 6951
5333 4655
5333 7042
5333 5009
4502 6847
4502 6579
4502 3209
4502 3241
4502 1401
4502 4974
4502 4226
4502 5361
4502 2736
4502 5028
4502 2211
3078 4983
3078 6111
3078 3618
3078 137
3078 2365
3078 5166
3078 1026
3078 4981
3078 2971
3078 1446
3078 3514
7155 3314
7155 3673
7155 584
7155 5507
7155 4837
7155 6142
7155 1359
7155 2350
7155 4955
7155 4311
7155 3346
7155 1389
7155 4760
7155 3063
7155 4615
7155 5122
7155 6008
7155 5594
7155 3403
7155 1267
7155 7145
7155 5043
7155 118
7155 5996
7155 6918
7155 5127
7155 1273
7155 3842
7155 1145
7155 5757
7155 1192
7155 4821
7155 3735
1113 282
1113 5242
1113 4960
1113 6467
1113 535
1113 3810
1113 554
1113 6636
1113 1494
1113 3377
1113 6836
1113 2429
1113 1684
1113 6594
1113 5460
1113 2444
1113 789
1113 5771
1113 3236
1113 3281
1113 1449
1113 1857
1113 3263
1113 148
4472 4524
4472 323
4472 5714
4472 34
4472 6489
4472 1905
4472 4240
4472 3170
4472 2463
4472 2118
4472 4140
4472 1810
4472 725
4472 2347
4472 5588
4472 102
4472 6907
4651 3968
4651 1961
4651 4254
4651 4142
4651 3435
4651 4506
4651 6159
4651 5329
4651 634
4651 2161
4651 820
4651 119
4651 6951
4651 6110
4651 3962
4511 5970
4511 598
4511 4816
4511 5809
4511 2616
4511 2543
4511 2223
4511 957
4511 423
4511 1484
4511 5648
4172 4141
4172 3511
4172 7034
4172 6579
4172 5338
4172 693
4172 4364
4172 4964
4172 4132
4172 5023
4172 6678
4172 4322
4172 3418
4172 2900
4172 4027
4172 1820
4172 5726
4172 5800
4172 4226
4172 4842
4172 6501
4172 3747
4172 2009
4172 3863
45 214
45 1055
45 4473
45 6288
45 273
45 5864
45 1583
45 6541
45 7083
45 6087
45 1419
45 5103
6843 3976
6843 5386
6843 1952
6843 1890
6843 5959
6843 4095
1615 3679
1615 2549
1615 4128
1615 3274
1615 4062
1615 3262
1615 4039
1615 6030
1615 691
1615 6191
1615 4466
1615 2782
1615 3603
7171 4167
7171 5908
7171 4763
7171 3687
7171 939
7171 5889
7171 4016
7171 1254
7171 5698
7171 2328
7171 4827
7171 4761
7171 4022
7171 5037
1968 3195
1968 2997
1968 1889
1968 3804
1968 1308
1968 745
1968 845
1968 2524
1968 6201
1968 4583
1968 450
1968 6677
1968 5182
1968 139
1968 784
1968 5482
1968 4777
1968 859
1968 649
1968 575
1968 3894
1968 1553
1968 4707
1968 1841
1968 1321
1968 871
1968 398
1968 6211
1968 3455
1968 3484
1968 4959
6948 3991
6948 4308
6948 383
6948 2189
6948 1994
6948 2018
6948 2050
6948 3828
6948 2545
6948 1485
6948 1111
6948 4317
6948 3754
6948 1394
6948 6589
6948 3391
5921 3679
5921 4128
5921 3274
5921 4062
5921 6018
5921 4039
5921 922
5921 186
5921 691
5921 2250
5921 1252
863 4063
863 6825
863 2022
863 1048
863 3897
863 353
863 3983
863 4652
863 4199
6405 1790
6405 6666
6405 3127
6405 2303
6405 5192
6405 2727
5487 5859
5487 4471
5487 6258
5487 1030
5487 1138
5487 6885
5487 3345
5487 6364
5487 5557
5487 1070
5487 5448
5487 1891
5487 5840
5487 3159
5487 6129
5487 6515
5487 2277
5487 6511
5487 767
5487 5961
5487 1317
5487 267
5487 1428
5487 1297
5487 3537
5487 4390
5487 7086
5487 292
5487 7153
5487 2553
5487 3875
5487 1490
5487 822
5487 3343
5487 5016
5487 4413
5487 5080
3482 1214
3482 1088
3482 4950
3482 4391
3482 2567
3482 3219
3482 428
3482 3048
3482 6777
3482 2339
3482 6371
3482 2053
3482 210
3482 6745
3482 6489
3482 191
3482 6163
3482 1783
3482 671
3482 4687
3482 4061
3482 3759
3482 7165
3482 6198
3482 2118
3482 4928
3482 7104
3482 6968
3482 211
3482 1810
3482 6724
3482 4316
3482 6757
3482 4859
3482 3750
3482 2044
3482 2740
3482 2816
3482 1845
3482 1000
3482 1293
3482 2737
3482 2622
3482 5243
3482 1876
3482 6148
3482 5138
3482 2379
3482 1345
6012 3665
6012 2152
6012 4975
6012 2638
6012 526
6012 3676
6012 4711
6012 3418
6012 5076
6012 1468
6012 5275
6012 741
6012 477
6012 6501
1506 1214
1506 4950
1506 4391
1506 3219
1506 7111
1506 1140
1506 5914
1506 2167
1506 4061
1506 6198
1506 211
1506 3750
1506 1249
1506 4081
1506 1845
1506 3482
1506 4655
1506 811
1506 5009
1506 2379
1506 6231
4177 4756
4177 6837
4177 6031
4177 4611
1328 3523
1328 1116
1328 1051
1328 6315
1328 4150
1328 3423
4655 972
4655 1088
4655 4950
4655 4391
4655 3219
4655 1140
4655 6777
4655 2824
4655 2675
4655 10
4655 397
4655 3435
4655 1969
4655 6489
4655 671
4655 4061
4655 4240
4655 4506
4655 6451
4655 6198
4655 5662
4655 3934
4655 3873
4655 1033
4655 7108
4655 5620
4655 5990
4655 1810
4655 4312
4655 820
4655 447
4655 4913
4655 6724
4655 6757
4655 2438
4655 5461
4655 2044
4655 2740
4655 3856
4655 935
4655 1845
4655 1183
4655 5333
4655 1506
4655 1000
4655 540
4655 5243
4655 2989
4655 5138
5164 5994
5164 184
5164 845
5164 5423
5164 3540
5164 5498
5164 1976
5164 6180
5164 649
5164 1841
5164 2298
5164 3568
5164 2872
5164 40
5597 2905
5597 3507
5597 2888
5597 5455
5597 2683
5597 2595
5597 4700
5597 4536
5597 2383
5597 727
5597 2766
5597 1952
5597 6007
5597 890
5597 5959
5597 3054
5597 2443
5597 256
1724 1875
1724 3745
1724 2357
1724 1461
3037 2452
3037 5094
3037 5712
3037 479
3037 5287
3037 1640
3037 103
3037 2430
3037 4247
3037 2728
3037 4425
3037 1643
3826 4070
3826 3406
3826 1199
3826 6142
3826 3349
3826 3976
3826 340
3826 3683
3826 6650
3826 5988
3826 719
3826 6244
3826 342
3826 1655
3826 5959
3826 4552
3826 4595
3826 4821
1964 3736
1964 3990
1964 4452
1964 535
1964 2025
1964 6414
1964 5094
1964 3810
1964 3702
1964 5462
1964 4660
1964 4379
1964 1994
1964 6636
1964 4657
1964 6485
1964 6993
1964 2779
1964 4024
1964 6494
1964 450
1964 5182
1964 3401
1964 1882
1964 1976
1964 484
1964 1926
1964 6448
1964 2429
1964 676
1964 2356
1964 4305
1964 2545
1964 6725
1964 3116
1964 5683
1964 6947
1964 819
1964 1296
1964 61
1964 2974
1964 5771
1964 5022
1964 5214
1964 6768
1964 3186
1964 3961
1964 297
1964 395
1964 4317
1964 6978
1964 3754
1964 2293
1964 2586
1964 7011
1964 3841
1964 4117
1964 4283
1964 1449
1964 4608
1964 958
1964 837
1964 1857
1964 4856
1964 3218
3775 903
3775 1536
3775 3377
3775 5991
3775 5017
3775 3838
3775 3281
3775 3442
3775 3071
3775 3339
549 1089
549 1703
549 4508
549 3720
549 6200
549 6540
549 1375
549 1816
549 4084
5314 6516
5314 5535
5314 2577
5314 855
5314 1681
5314 715
5314 4196
5314 6096
5314 3129
5314 3401
5314 1926
5314 261
5314 722
5314 692
5314 6195
5314 109
5314 6947
5314 1296
5314 5707
5314 6275
5314 6024
5314 7011
5314 2190
5314 3875
5314 6177
5314 5117
5314 4283
5314 958
5314 6597
5314 2973
6848 6466
6848 1393
6848 7059
3500 4450
3500 5937
3500 6501
3500 2596
3500 6366
5984 5044
5984 2152
5984 2991
5984 47
5984 1870
5984 6339
5984 6790
5984 4556
5984 3090
5984 1540
5984 4409
5984 894
5984 616
5984 4226
5984 4079
5984 6596
5984 1375
1915 4083
3394 5944
3394 6323
3394 688
3394 5261
3394 2086
3394 410
3394 1687
3394 6372
3394 3399
3394 6819
729 6022
729 573
729 3744
729 3349
729 3517
729 2776
729 4339
729 3706
729 719
729 4536
729 1609
729 2038
729 1952
729 6801
729 3944
729 5710
4358 4634
4358 1437
4358 1359
4358 254
4358 2832
4358 2642
4358 4387
4358 59
4358 1781
4358 3063
4358 2071
4358 4123
4358 5801
4358 4461
4358 722
4358 4990
4358 2993
4358 2739
4358 4666
4358 4326
4358 6133
4358 6185
4358 258
4358 94
4358 39
4358 1606
4358 2553
4358 5508
4358 6394
4358 6936
4358 2475
4358 2495
4358 3143
4358 128
4358 4821
4358 42
274 1168
274 5100
274 81
3071 4960
3071 5290
3071 1089
3071 6092
3071 4152
3071 3150
3071 4215
3071 2936
3071 2716
3071 5280
3071 2911
3071 3439
3071 4186
3071 1904
3071 1080
3071 5504
3071 3306
3071 1536
3071 2035
3071 1198
3071 3820
3071 4888
3071 5396
3071 458
3071 2954
3071 3634
3071 5415
3071 454
3071 5991
3071 5420
3071 5582
3071 4309
3071 3063
3071 1324
3071 6655
3071 1650
3071 4573
3071 2471
3071 3610
3071 2493
3071 1322
3071 1825
3071 506
3071 5743
3071 4548
3071 4075
3071 5017
3071 509
3071 6288
3071 1744
3071 5601
3071 927
3071 3834
3071 3247
3071 6876
3071 4717
3071 1974
3071 3720
3071 2710
3071 3711
3071 1567
3071 1658
3071 2439
3071 4897
3071 2310
3071 3611
3071 6251
3071 4574
3071 6635
3071 113
3071 3785
3071 6540
3071 6584
3071 6618
3071 1320
3071 3874
3071 6945
3071 3442
3071 1907
3071 6326
3071 3775
3071 1273
3071 3368
3071 6499
3071 5558
3071 5910
3071 2509
3071 1085
3071 6468
3071 3672
3071 797
3071 1585
3071 2115
3071 6087
3071 283
3071 6819
3606 2240
3606 7072
3606 1170
3606 6629
3606 5864
3606 7078
3606 6541
6563 3244
3325 4289
3325 3439
3325 6809
3325 4402
3325 4181
3325 1907
3325 1677
3325 4702
3325 101
1940 260
1940 1437
1940 3881
1940 6714
1940 3229
1940 6306
1940 5336
1940 848
1940 2351
1940 6908
1940 1359
1940 254
1940 2642
1940 59
1940 1781
1940 3063
1940 1010
1940 6911
1940 6772
1940 1275
1940 2732
1940 5122
1940 4123
1940 3277
1940 4749
1940 722
1940 5601
1940 5837
1940 3708
1940 2112
1940 6716
1940 873
1940 2993
1940 4666
1940 3790
1940 5418
1940 1582
1940 94
1940 3849
1940 6843
1940 1677
1940 5508
1940 6936
1940 655
1940 2784
1940 1787
1940 1701
1940 7071
1348 1703
1348 4498
1348 2716
1348 1904
1348 2638
1348 5218
1348 4508
1348 4633
1348 5344
1348 5832
1348 5806
1348 3549
1348 966
1348 4419
1348 1794
1348 4075
1348 2086
1348 3587
1348 2160
1348 3720
1348 1238
1348 0
1348 6200
1348 5307
1348 2387
1348 485
1348 6584
1348 4201
1348 3399
1348 3193
1348 3221
1348 2736
1348 6596
1348 3396
1348 6040
1348 1816
1348 352
1348 6819
4228 3204
4228 2280
4228 1566
4228 1598
4228 4064
4228 6008
4228 2652
4228 6642
4228 1136
4228 2054
4228 5959
6661 5069
6661 2472
6661 4709
6661 3041
6661 3291
7042 1961
7042 6754
7042 899
7042 3669
7042 3972
7042 7142
7042 5699
7042 6163
7042 3934
7042 5948
7042 3733
7042 5620
7042 4986
7042 7095
7042 935
7042 5333
7042 4655
7042 2646
6032 1214
6032 1088
6032 3073
6032 4254
6032 6777
6032 992
6032 3138
6032 6745
6032 1783
6032 4240
6032 4506
6032 7165
6032 4928
6032 4986
6032 820
6032 4913
6032 2044
6032 6951
6032 6274
6032 2622
6032 5243
6032 5009
6032 4220
6032 1345
362 4634
362 3721
362 5162
362 2083
362 5803
362 4749
362 4310
362 1396
362 3426
362 2771
362 5650
362 878
362 921
362 4531
5142 4052
5142 2752
5142 1346
5142 3891
5142 1904
5142 6327
5142 192
5142 3286
5142 5344
5142 531
5142 934
5142 6408
5142 3930
5142 3587
5142 2579
5142 275
5142 5196
5142 4263
5142 6734
5142 5356
5142 3098
5142 3335
5142 6584
5142 1678
5142 2353
5142 2270
5142 1507
5142 3657
5142 682
5142 6544
5142 391
5142 2981
5142 32
6240 673
6240 3626
6240 3695
6240 4396
6240 2870
6240 3679
6240 1195
6240 7105
6240 3808
6240 3304
6240 5363
6240 1286
6240 910
6240 2856
6240 3964
6240 4954
6240 2929
6240 5855
6240 3895
6240 2600
6240 423
6240 3510
6240 2587
6240 4892
6240 1601
6051 5339
6051 5269
6051 58
6051 2567
6051 5042
6051 428
6051 1611
6051 1536
6051 4845
6051 2339
6051 54
6051 2675
6051 4142
6051 3329
6051 3719
6051 671
6051 5182
6051 1150
6051 6135
6051 580
6051 5017
6051 392
6051 4824
6051 7095
6051 5902
6051 2849
6051 2393
6051 1074
6051 750
6051 5588
6051 1690
6051 1876
6051 4863
6051 5587
6051 6909
6051 2209
6051 3339
5061 4524
5061 1214
5061 826
5061 1088
5061 4471
5061 3743
5061 82
5061 141
5061 2339
5061 6371
5061 4567
5061 5914
5061 2053
5061 4196
5061 5714
5061 469
5061 7142
5061 1827
5061 6489
5061 1905
5061 1783
5061 3615
5061 1216
5061 3337
5061 3170
5061 6108
5061 4770
5061 204
5061 2672
5061 5948
5061 634
5061 523
5061 6179
5061 2520
5061 3856
5061 2816
5061 6348
5061 4651
5061 4612
5061 1000
5061 2347
5061 5617
5061 2737
5061 5588
5061 1292
5061 102
5050 5994
5050 1088
5050 6754
5050 323
5050 397
5050 1364
5050 2468
5050 1905
5050 685
5050 7131
5050 4091
5050 3916
5050 1183
2570 3299
2570 5700
2570 156
2570 5466
2570 4100
2570 3633
2570 5094
2570 5462
2570 3414
2570 1641
2570 5987
2570 49
2570 5423
2570 680
2570 3529
2570 36
2570 4225
2570 6096
2570 7175
2570 6494
2570 2862
2570 4839
2570 2066
2570 5899
2570 2034
2570 3725
2570 4392
2570 1926
2570 4878
2570 171
2570 4434
2570 5302
2570 6794
2570 3886
2570 836
2570 3025
2570 2095
2570 3705
2570 5378
2570 3271
2570 6161
2570 2902
2570 7011
2570 1182
2570 97
2570 3870
2570 3696
2570 2869
2570 3068
2078 5045
2078 218
2078 4257
2078 6039
2078 1493
2078 3756
2078 1913
2078 2130
2078 1449
2078 1675
2078 1663
2078 2594
6117 179
6117 58
6117 4370
6117 4925
6117 4549
6117 5350
6117 6714
6117 2635
6117 3850
6117 2035
6117 4888
6117 5638
6117 2744
6117 4876
6117 1493
6117 1948
6117 5877
6117 5381
6117 5601
6117 916
6117 2560
6117 6884
6117 3708
6117 731
6117 303
6117 4464
6117 6093
6117 3398
6117 5450
6117 2993
6117 593
6117 4510
6117 1569
6117 5815
6117 3293
6117 6326
6117 5989
6117 6208
6117 5892
6117 6358
6117 770
6117 4161
6117 1675
6117 2393
6117 858
6117 5903
6117 2115
4670 4533
4670 155
4670 6357
4670 6250
4670 4945
5041 5885
5041 6976
5041 6259
5041 1143
5041 4837
5041 1126
5041 6306
5041 6908
5041 758
5041 1324
5041 669
5041 4461
5041 6008
5041 5601
5041 5310
5041 1120
5041 3166
5041 2310
5041 2043
5041 1495
5041 555
5041 5199
5041 6752
5041 5499
5041 1787
5041 1857
5041 2516
5041 2115
5041 5075
5041 4702
5041 721
1206 6711
1206 241
1206 18
1206 3060
1206 2025
1206 5827
1206 5466
1206 6430
1206 4397
1206 2452
1206 5319
1206 5900
1206 5055
1206 3312
1206 1832
1206 1611
1206 5049
1206 6562
1206 3208
1206 3305
1206 5065
1206 4196
1206 7112
1206 3357
1206 3252
1206 1855
1206 1650
1206 5182
1206 4839
1206 7105
1206 5178
1206 5725
1206 803
1206 506
1206 4548
1206 6794
1206 4832
1206 78
1206 5853
1206 4591
1206 3834
1206 5359
1206 3192
1206 1974
1206 6727
1206 621
1206 3167
1206 3098
1206 6136
1206 2709
1206 649
1206 5071
1206 5334
1206 5378
1206 1111
1206 4355
1206 2016
1206 1553
1206 3534
1206 4707
1206 1394
1206 4287
1206 6161
1206 2298
1206 1968
1206 1321
1206 6600
1206 3391
1206 1408
1206 4501
1206 174
1206 3568
1206 4911
1206 4505
1206 3020
2693 3016
2693 535
2693 6365
2693 6919
2693 5376
2693 991
2693 5020
2693 1180
2693 285
2693 37
2693 5240
2693 375
2693 4817
2693 4271
2219 4935
2219 3754
2219 6304
2219 6211
2219 5139
1451 2896
1451 1684
1451 5797
1451 3335
1451 5522
1451 1258
4612 5339
4612 1961
4612 4254
4612 1470
4612 3226
4612 4142
4612 6481
4612 4506
4612 6448
4612 7165
4612 78
4612 3873
4612 5329
4612 3739
4612 3825
4612 800
4612 2161
4612 4489
4612 820
4612 119
4612 6531
4612 6274
4612 4651
4612 5061
4612 356
4612 6110
4612 3510
4612 5243
4612 5667
4612 1059
4612 3562
4612 1345
1000 4524
1000 1083
1000 826
1000 6587
1000 3048
1000 323
1000 3698
1000 992
1000 5714
1000 469
1000 311
1000 4240
1000 4878
1000 2073
1000 725
1000 5461
1000 3926
1000 2347
1000 2119
1000 6148
1000 1292
6512 84
6512 6867
6512 5225
6512 4189
6512 429
6512 2397
6512 830
6512 1043
6512 92
7176 4351
7176 325
7176 6671
7176 4919
7176 5743
7176 2157
7176 3935
7176 5374
1169 5257
4611 4756
4611 5466
4611 4100
4611 80
4611 738
4611 6837
4611 925
4611 4892
4226 4446
4226 6329
4226 6847
4226 1633
4226 264
4226 5238
4226 3264
4226 5497
4226 2638
4226 1852
4226 5218
4226 3511
4226 7034
4226 693
4226 5492
4226 4364
4226 6790
4226 7168
4226 6492
4226 6735
4226 4132
4226 3209
4226 2956
4226 5023
4226 6726
4226 5029
4226 3090
4226 860
4226 1401
4226 6678
4226 5239
4226 277
4226 4478
4226 4027
4226 3022
4226 5820
4226 894
4226 5613
4226 2745
4226 2387
4226 4974
4226 6439
4226 5800
4226 5937
4226 4172
4226 6823
4226 6766
4226 2736
4226 1341
4226 706
4226 4079
4226 2211
4226 3747
4226 5740
590 6092
590 4983
590 4073
590 5280
590 5504
590 2233
590 3440
590 3204
590 4311
590 5062
590 3833
590 6853
590 3346
590 1566
590 4825
590 1010
590 5229
590 2071
590 2732
590 6537
590 2530
590 4062
590 754
590 629
590 1948
590 2562
590 2245
590 5310
590 3080
590 3427
590 679
590 5292
590 5696
590 5386
590 6609
590 5043
590 118
590 3667
590 3096
590 5303
590 922
590 3494
590 3563
590 1582
590 518
590 5127
590 6752
590 6653
590 2378
590 2250
590 4963
590 3628
590 2255
590 6036
590 4019
590 6521
590 1223
590 3082
590 363
590 1337
590 6146
590 3735
2859 4598
2859 1130
2859 3193
434 2005
434 6985
434 4109
434 4181
434 4223
5650 260
5650 6092
5650 116
5650 7123
5650 2690
5650 4469
5650 5504
5650 6002
5650 1
5650 2767
5650 3063
5650 5122
5650 17
5650 4749
5650 5801
5650 6905
5650 3272
5650 551
5650 2130
5650 3110
5650 6185
5650 94
5650 2898
5650 5127
5650 1273
5650 3421
5650 4531
5650 62
5650 4300
5650 1770
64 1997
64 3600
64 4289
64 2533
64 2465
64 4925
64 5350
64 6427
64 4215
64 6714
64 2225
64 4186
64 4972
64 4028
64 2472
64 3377
64 1674
64 2068
64 2744
64 1948
64 669
64 4905
64 976
64 7182
64 1562
64 5783
64 5398
64 1495
64 1622
64 68
64 3627
64 555
64 4317
64 3293
64 6506
64 6589
64 4534
64 2528
64 4963
64 4161
64 2194
64 2027
64 2587
64 5405
64 6047
64 1417
64 5521
64 3088
64 6743
64 5819
1077 2997
1077 745
1077 184
1077 1928
1077 4186
1077 2847
1077 5498
1077 2114
1077 1919
1077 669
1077 5799
1077 5257
1077 1462
1077 3271
1077 6589
1077 691
1077 24
1077 87
1077 6047
1077 6894
2236 282
2236 5337
2236 2681
2236 1418
2236 3980
2236 3072
2236 5309
2236 6387
1273 5885
1273 6216
1273 58
1273 4452
1273 3911
1273 4632
1273 2681
1273 1936
1273 1212
1273 7123
1273 2911
1273 2724
1273 4469
1273 3243
1273 4298
1273 2180
1273 6142
1273 1376
1273 1992
1273 2351
1273 4888
1273 66
1273 6002
1273 4955
1273 4311
1273 1389
1273 6586
1273 1902
1273 4143
1273 5973
1273 2471
1273 629
1273 6799
1273 5759
1273 5854
1273 2585
1273 3146
1273 3277
1273 5801
1273 7053
1273 976
1273 4194
1273 887
1273 2990
1273 3403
1273 3708
1273 2112
1273 2130
1273 4545
1273 5858
1273 3674
1273 136
1273 1655
1273 1495
1273 5730
1273 6185
1273 4181
1273 6978
1273 4872
1273 94
1273 6457
1273 6918
1273 5795
1273 105
1273 4297
1273 4358
1273 6117
1273 1677
1273 3875
1273 4963
1273 770
1273 5151
1273 2194
1273 3007
1273 2447
1273 1701
1273 2826
1273 42
1273 5819
1273 5468
1273 101
4834 4524
4834 3743
4834 2339
4834 6371
4834 5914
4834 4196
4834 5714
4834 1827
4834 204
4834 2672
4834 725
4834 5061
4834 2347
4834 1292
1321 6711
1321 4948
1321 843
1321 1538
1321 5042
1321 6430
1321 2452
1321 3379
1321 3312
1321 4643
1321 2899
1321 4410
1321 4890
1321 192
1321 2847
1321 1455
1321 5065
1321 6779
1321 2472
1321 764
1321 2779
1321 1078
1321 1950
1321 1650
1321 4460
1321 5725
1321 3304
1321 1976
1321 4865
1321 722
1321 4591
1321 3164
1321 2545
1321 3025
1321 5482
1321 1456
1321 3708
1321 1974
1321 4723
1321 6575
1321 61
1321 6136
1321 800
1321 4846
1321 417
1321 5223
1321 3894
1321 2016
1321 1553
1321 3754
1321 6161
1321 2865
1321 6632
1321 2219
1321 6600
1321 3221
1321 2720
1321 1690
1321 1408
1321 4407
1321 1701
1321 2455
1321 2413
1321 5544
1321 3514
1321 7062
4761 939
4761 1922
4761 1254
4761 5698
4761 5316
4761 6778
4761 7171
4761 4119
4761 3657
4761 4022
4761 4411
6823 264
6823 6804
6823 3813
6823 4858
6823 3511
6823 5023
6823 6726
6823 5613
6823 4172
6823 2959
6823 2736
1764 236
1764 1803
1764 4888
1764 1602
1764 374
1764 5650
1764 2447
1764 2801
2409 4983
2409 299
2409 1189
2409 3975
2409 6099
2409 922
2409 590
2409 2250
2409 6146
6191 1859
6191 4457
6191 3274
6191 3933
6191 2287
6191 1004
6191 5257
6191 1645
6191 4734
6191 2045
6191 3782
6191 3498
6191 1169
6191 2250
6191 2446
6191 24
6191 1690
5749 1836
7059 1221
7059 6525
5693 1084
5693 4717
5693 1211
5693 4334
5693 2565
2122 4492
2122 2686
2122 5192
6845 4070
6845 3406
6845 5052
6845 4642
6845 4789
6845 3589
6845 6268
6845 2022
6845 3373
6845 3889
6845 6917
6845 1228
6845 2666
6845 4595
6845 2559
6845 990
166 6921
166 143
166 4820
166 3559
166 6530
166 2240
166 4847
166 3555
166 2557
166 162
166 6293
166 3115
166 6392
166 2441
166 2609
166 4944
166 43
166 4401
166 777
166 3823
166 3341
166 2503
166 2674
166 6703
6829 2189
6829 3172
6829 1641
6829 6377
6829 4867
6829 6581
6829 2147
6829 2018
6829 5809
6829 2050
6829 6239
6829 4832
6829 3834
6829 7013
6829 2607
6829 2345
6829 6574
6829 6442
6829 7077
6829 2939
6829 5587
6829 2973
6829 4639
6829 1258
2368 3913
2368 3004
2368 5262
2368 1015
2368 855
2368 1563
2368 1681
2368 892
2368 1316
2368 4398
2368 6464
2368 6838
2368 6665
2368 408
2368 312
2368 3273
2368 7136
2368 4966
2368 109
2368 5442
2368 5400
2368 4523
2368 6964
2368 2702
2368 7023
2368 6107
2368 5314
2368 3812
2368 6177
2368 6223
2368 24
2368 5912
2368 2761
2368 3602
1135 2603
1135 1773
1135 347
1135 6250
1135 4945
1135 912
1135 2413
4751 5411
4751 80
4751 1797
4751 699
4751 3886
4751 3790
4751 6972
4751 6066
4751 1031
4751 3761
4751 3870
4751 3174
4118 2390
4118 2382
4118 672
4118 4171
4118 1751
4118 3955
321 5305
321 2468
321 2208
321 4986
321 1845
321 4655
321 1000
321 6148
321 5009
7022 774
7022 858
7022 5585
2102 4720
2102 5860
2102 595
2102 6927
2102 1328
412 663
412 6921
412 6139
412 3375
412 6530
412 1903
412 3439
412 7162
412 5368
412 672
412 5424
412 5065
412 6809
412 2472
412 162
412 454
412 2605
412 1237
412 2609
412 74
412 4072
412 2842
412 5769
412 5579
412 5864
412 1658
412 508
412 3793
412 3611
412 3334
412 3894
412 7156
412 4181
412 1479
412 1907
412 5943
412 2264
412 4272
412 5631
412 3276
412 1408
412 2428
412 4407
412 6260
412 1769
412 2413
412 5103
412 339
3505 6122
3505 4103
3505 2991
3505 4146
3505 1151
3505 3549
3505 860
3505 3957
3505 5844
3505 2160
3505 4421
3505 644
3505 690
3505 3221
3505 963
3505 6360
3505 4084
150 2004
150 4107
150 1363
150 6497
5946 3807
5946 5952
5946 4518
5946 1478
5946 222
5946 5590
5946 37
5946 237
5946 1871
1558 2708
1558 3662
1558 7107
1558 2584
1558 5603
1558 4569
1558 2802
1558 4817
4819 17
4819 551
4819 3290
4819 3206
4819 5682
5907 6556
5907 1653
5907 6520
5907 4284
5907 3644
3939 6196
3939 7081
3939 1505
3939 675
3939 4025
3939 3141
3939 1587
3939 1825
3939 3410
3939 6676
3939 285
3939 6927
3939 2102
3939 861
3939 750
3939 6742
1525 2961
1525 5692
1525 4060
1525 6196
1525 3150
1525 1729
1525 6919
1525 7081
1525 3947
1525 675
1525 1587
1525 188
1525 2796
1525 4295
1525 308
1525 6992
1525 3270
1525 5011
1525 5294
1525 4562
1525 5206
1525 6326
1525 375
1525 6822
1525 4403
1525 5776
6162 4227
6162 357
6162 5225
6162 3973
2553 6552
2553 3600
2553 5955
2553 179
2553 6092
2553 2811
2553 4925
2553 4632
2553 5280
2553 5279
2553 6933
2553 4398
2553 5570
2553 4311
2553 1222
2553 299
2553 3330
2553 5120
2553 1165
2553 5229
2553 808
2553 2732
2553 1919
2553 629
2553 5947
2553 6378
2553 1560
2553 722
2553 887
2553 3025
2553 2301
2553 3708
2553 6599
2553 2112
2553 1645
2553 5310
2553 1617
2553 6133
2553 3096
2553 4382
2553 258
2553 1582
2553 518
2553 5127
2553 2935
2553 4358
2553 2012
2553 1973
2553 4963
2553 5932
2553 2495
2553 2194
2553 2255
2553 4019
2553 2516
2553 6607
2553 5468
1130 2152
1130 2991
1130 7170
1130 2085
1130 2436
1130 5441
1130 2529
1130 860
1130 2873
1130 6363
1130 3318
1130 4711
1130 330
1130 4421
1130 3163
1130 1468
1130 69
1130 3291
1130 3193
1130 6360
1130 6501
1130 3621
1130 4084
2175 5857
2175 5680
2175 1128
2175 1832
2175 5007
2175 5474
2175 3730
2175 4196
2175 885
2175 4171
2175 3719
2175 430
2175 351
2175 5357
2175 6836
2175 509
2175 6052
2175 1652
2175 5754
2175 4333
2175 3011
2175 4827
2175 4759
2175 1495
2175 5902
2175 3485
2175 4586
2175 1113
2175 6051
2175 1677
2175 2952
2175 7077
2175 6390
2175 1754
2175 3068
2175 5600
2175 4560
2175 5819
2175 468
2175 431
2175 148
2834 3060
2834 4832
2834 4355
2834 6442
2834 3020
3399 1089
3399 6711
3399 6815
3399 3891
3399 1400
3399 5954
3399 224
3399 6116
3399 3802
3399 561
3399 2711
3399 4659
3399 6562
3399 192
3399 809
3399 6828
3399 4559
3399 3121
3399 5832
3399 2254
3399 4280
3399 157
3399 3549
3399 4793
3399 4018
3399 2676
3399 2050
3399 6590
3399 5381
3399 5453
3399 1744
3399 5575
3399 5308
3399 1384
3399 4340
3399 410
3399 6049
3399 2019
3399 2607
3399 6740
3399 5196
3399 5754
3399 2508
3399 4010
3399 5316
3399 2685
3399 2817
3399 1295
3399 5071
3399 723
3399 3085
3399 1846
3399 5741
3399 6635
3399 3446
3399 3105
3399 5797
3399 6540
3399 3335
3399 6372
3399 3394
3399 5558
3399 709
3399 1837
3399 2270
3399 5391
3399 5128
3399 2482
3399 6058
3399 2131
3399 3396
3399 1003
3399 6944
3399 5790
3399 4669
3399 3908
3399 7143
3399 5200
3399 6995
3399 4639
3399 1258
3399 5346
3399 674
3399 101
72 5093
72 1688
356 1889
356 899
356 2025
356 6083
356 5319
356 463
356 1019
356 6608
356 5501
356 4396
356 469
356 3540
356 1981
356 7048
356 3429
356 5100
356 4240
356 5287
356 699
356 854
356 4591
356 5724
356 800
356 7117
356 4824
356 4986
356 7095
356 4907
356 3757
356 4420
356 2044
356 2978
356 3856
356 2293
356 6066
356 5198
356 6722
356 4651
356 6032
356 6600
356 5371
356 3510
356 4315
356 1059
356 2667
356 3562
356 984
1986 5044
1986 115
1986 4308
1986 2607
1986 4355
1986 6829
1986 2010
1986 1258
5313 5486
5313 3784
5313 537
5313 3717
5374 4919
5374 5743
5374 4717
5374 6992
5374 5181
5374 6236
5374 4083
874 3356
874 2700
874 1808
3496 359
3496 6878
3496 773
3496 541
3496 1518
3496 1112
3496 1014
5849 5786
5849 4200
4088 4232
4088 1199
4088 5210
4088 2290
4088 1289
4088 2525
4088 3596
4088 1062
4088 3373
4088 205
4088 1555
4088 4352
4088 6454
4088 2462
4088 2505
4088 5480
1677 4960
1677 5748
1677 7110
1677 1607
1677 4943
1677 58
1677 6498
1677 1676
1677 3010
1677 4549
1677 245
1677 3161
1677 4215
1677 6315
1677 1126
1677 2488
1677 3439
1677 4186
1677 5504
1677 5496
1677 4888
1677 3141
1677 3862
1677 5379
1677 3634
1677 2182
1677 1674
1677 4143
1677 3063
1677 1324
1677 5449
1677 1010
1677 5973
1677 805
1677 5357
1677 338
1677 1931
1677 2927
1677 5601
1677 4905
1677 1561
1677 976
1677 3616
1677 4686
1677 5837
1677 6884
1677 731
1677 3630
1677 3069
1677 2710
1677 3398
1677 3205
1677 2171
1677 5858
1677 1796
1677 2310
1677 6275
1677 1632
1677 7036
1677 3230
1677 6185
1677 4149
1677 3627
1677 1569
1677 94
1677 6540
1677 5795
1677 2600
1677 5041
1677 1273
1677 7022
1677 6499
1677 2528
1677 5125
1677 24
1677 3268
1677 1445
1677 2565
1677 837
1677 2428
1677 4982
1677 1061
1677 6894
1677 1816
1677 858
1677 1937
1677 4300
1677 2388
1677 3113
1677 1005
1677 6912
1677 5785
3132 349
3132 3298
3132 127
3132 4769
3132 205
3132 6495
3132 3537
3132 3876
3132 2330
3132 5373
5989 5350
5989 6427
5989 5110
5989 4599
5989 2635
5989 2225
5989 4874
5989 7107
5989 3330
5989 4188
5989 5865
5989 7068
5989 5973
5989 6537
5989 7101
5989 436
5989 5877
5989 125
5989 6577
5989 5019
5989 3019
5989 3992
5989 1428
5989 5398
5989 2129
5989 6987
5989 136
5989 3290
5989 3136
5989 1822
5989 3293
5989 3849
5989 1205
5989 5451
5989 5819
4264 2297
4264 5555
4264 2824
4264 2680
4264 578
4264 2876
4264 3860
4264 4071
4264 974
4264 3514
262 7069
262 3036
262 386
262 5817
262 2224
262 6112
262 3298
262 4471
262 1138
262 4706
262 6228
262 2841
262 603
262 5634
262 3159
262 7065
262 1026
262 5524
262 4992
262 6203
262 3132
262 3569
262 3067
262 6097
262 6009
262 4771
262 1962
262 2782
262 1524
4342 3868
4342 2604
4342 26
4342 6262
4342 6111
4342 4722
4342 6010
4342 3357
4342 4128
4342 6345
4342 6538
4342 3923
4342 2397
4342 3700
4342 3364
4342 420
4342 882
4342 2760
4342 6891
4342 186
4342 6529
4342 2490
4342 925
4342 1962
4342 6146
4342 3280
4342 2357
4342 3514
4342 1461
6301 125
6301 5647
6301 4856
6301 1688
2378 5062
2378 5534
2378 5467
2378 1165
2378 754
2378 6460
2378 814
2378 887
2378 5919
2378 6653
2378 3875
2378 6177
2378 6036
2378 1005
4732 1154
4945 4308
4945 2603
4945 6627
4945 3216
4945 1773
4945 4633
4945 1272
4945 2018
4945 44
4945 966
4945 4548
4945 522
4945 3834
4945 4724
4945 69
4945 3654
4945 4670
4945 2413
6922 3274
6922 3262
6922 2250
2353 1662
2353 3383
2353 1782
2353 3891
2353 2716
2353 2396
2353 1925
2353 1904
2353 3607
2353 3121
2353 2254
2353 4793