7447 7329
7447 7451
7447 7262
7447 7339
7432 7186
7432 7453
7432 7302
7432 7279
7432 7188
7432 7416
7432 7337
7432 7406
7432 7320
7432 7427
7432 7385
7432 7440
7432 7232
7432 7339
7432 7204
7432 7429
7432 7448
7460 7395
7460 7409
7460 7339
7301 7188
7234 7293
7234 7285
7234 7465
7234 7288
7234 7216
7234 7197
7234 7456
7234 7256
7234 7192
7234 7365
7234 7321
7234 7361
7234 7236
7234 7283
7234 7402
7234 7267
7234 7385
7234 7329
7234 7262
7234 7191
7234 7339
7216 7184
7216 7270
7216 7441
7216 7320
7216 7347
7216 7448
7197 7285
7197 7186
7197 7218
7197 7368
7197 7339
7197 7429
7403 7293
7403 7453
7403 7216
7403 7456
7403 7218
7403 7222
7403 7436
7403 7247
7403 7361
7403 7283
7403 7421
7403 7329
7403 7262
7403 7368
7403 7339
7403 7429
7345 7381
7345 7412
7345 7223
7345 7450
7345 7280
7345 7214
7345 7192
7345 7215
7345 7321
7345 7361
7345 7320
7345 7402
7345 7267
7345 7291
7345 7298
7345 7344
7345 7201
7345 7200
7345 7396
7345 7346
7345 7401
7345 7204
7463 7186
7463 7246
7463 7192
7389 7406
7387 7412
7387 7186
7387 7223
7387 7450
7387 7446
7387 7445
7387 7262
7281 7270
7281 7201
7274 7247
7240 7393
7419 7293
7419 7246
7419 7416
7419 7441
7419 7283
7419 7300
7419 7368
7362 7285
7362 7453
7362 7216
7362 7274
7362 7280
7362 7222
7362 7321
7362 7247
7362 7446
7362 7185
7362 7355
7362 7201
7362 7348
7362 7353
7362 7225
7362 7239
7380 7395
7380 7441
7380 7194
7380 7239
7380 7339
7280 7368
7325 7293
7325 7187
7325 7285
7325 7186
7325 7453
7325 7223
7325 7216
7325 7419
7325 7256
7325 7222
7325 7397
7325 7375
7325 7231
7325 7290
7325 7417
7325 7217
7325 7446
7325 7185
7325 7402
7325 7299
7325 7421
7325 7298
7325 7344
7325 7348
7325 7445
7325 7257
7325 7369
7326 7447
7326 7267
7326 7445
7386 7408
7386 7266
7386 7229
7386 7431
7386 7312
7256 7285
7256 7186
7256 7184
7256 7450
7256 7380
7256 7280
7256 7188
7256 7208
7256 7337
7256 7406
7256 7239
7256 7200
7256 7429
7294 7293
7294 7381
7294 7187
7294 7186
7294 7288
7294 7302
7294 7279
7294 7362
7294 7188
7294 7222
7294 7416
7294 7320
7294 7354
7294 7427
7294 7421
7294 7323
7294 7232
7294 7204
7399 7184
7377 7441
7305 7293
7305 7453
7305 7341
7305 7279
7305 7419
7305 7218
7305 7321
7305 7375
7305 7417
7305 7446
7305 7402
7305 7427
7305 7344
7305 7348
7305 7390
7305 7300
7305 7239
7305 7200
7305 7339
7305 7204
7246 7448
7218 7362
7218 7283
7218 7354
7218 7300
7378 7256
7378 7329
7306 7227
7306 7441
7306 7195
7306 7194
7306 7339
7292 7403
7292 7222
7292 7416
7292 7413
7292 7283
7292 7421
7307 7321
7307 7455
7307 7402
7307 7393
7307 7263
7188 7330
7188 7320
7213 7251
7213 7197
7213 7256
7213 7218
7213 7441
7213 7320
7213 7322
7213 7367
7213 7448
7428 7381
7428 7214
7428 7315
7428 7385
7428 7451
7428 7346
7340 7223
7340 7227
7340 7450
7340 7218
7340 7222
7340 7321
7340 7375
7340 7231
7340 7247
7340 7217
7340 7446
7340 7185
7340 7402
7340 7194
7340 7344
7340 7348
7340 7300
7340 7262
7340 7368
7258 7412
7258 7395
7258 7223
7258 7450
7258 7362
7258 7256
7258 7416
7258 7406
7258 7441
7258 7445
7462 7406
7462 7321
7462 7402
7462 7250
7462 7393
7268 7216
7268 7407
7268 7262
7268 7368
7192 7288
7192 7236
7192 7323
7192 7368
7278 7187
7278 7186
7278 7216
7278 7256
7278 7321
7278 7446
7436 7426
7436 7285
7436 7216
7436 7456
7436 7214
7436 7337
7436 7247
7436 7361
7436 7315
7436 7427
7436 7385
7436 7329
7436 7367
7436 7262
7436 7346
7436 7339
7430 7426
7430 7293
7430 7193
7430 7465
7430 7184
7430 7216
7430 7326
7430 7218
7430 7436
7430 7375
7430 7361
7430 7402
7430 7322
7430 7344
7430 7323
7430 7289
7430 7300
7430 7262
7430 7368
7430 7369
7430 7461
7430 7435
7430 7448
7365 7184
7365 7326
7365 7222
7365 7430
7365 7413
7365 7267
7365 7421
7337 7437
7337 7280
7337 7215
7337 7291
7337 7421
7337 7393
7433 7448
7282 7184
7282 7218
7282 7192
7282 7321
7282 7441
7282 7247
7282 7402
7282 7445
7282 7368
7282 7339
7282 7448
7425 7251
7425 7256
7425 7218
7425 7441
7425 7320
7425 7322
7425 7189
7425 7367
7425 7448
7406 7395
7406 7421
7406 7393
7454 7395
7454 7270
7454 7197
7454 7456
7454 7192
7454 7337
7454 7406
7454 7321
7454 7402
7454 7295
7454 7427
7454 7298
7324 7223
7324 7247
7358 7456
7358 7419
7358 7222
7358 7416
7358 7375
7358 7231
7358 7361
7358 7217
7358 7421
7358 7344
7358 7448
7226 7441
7226 7361
7226 7367
7226 7429
7372 7333
7372 7216
7372 7256
7372 7298
7372 7448
7397 7327
7356 7223
7356 7287
7356 7456
7356 7218
7356 7385
7356 7262
7356 7368
7215 7186
7215 7288
7215 7236
7215 7239
7215 7219
7215 7429
7272 7381
7272 7333
7272 7227
7272 7447
7272 7419
7272 7362
7272 7380
7272 7246
7272 7192
7272 7278
7272 7433
7272 7454
7272 7215
7272 7375
7272 7231
7272 7206
7272 7361
7272 7411
7272 7315
7272 7267
7272 7194
7272 7323
7272 7252
7272 7257
7272 7191
7272 7263
7272 7232
7272 7346
7272 7204
7272 7435
7321 7339
7330 7381
7330 7184
7330 7450
7330 7216
7330 7402
7330 7385
7330 7347
7375 7218
7375 7416
7375 7445
7375 7368
7319 7406
7319 7402
7319 7250
7319 7393
7319 7263
7343 7246
7400 7426
7400 7285
7400 7456
7400 7240
7400 7256
7400 7222
7400 7231
7400 7441
7400 7290
7400 7455
7400 7459
7400 7299
7400 7298
7400 7393
7400 7339
7400 7369
7400 7429
7449 7266
7407 7216
7407 7291
7238 7186
7238 7456
7238 7441
7238 7446
7238 7339
7231 7195
7266 7227
7266 7306
7266 7459
7266 7421
7441 7186
7441 7192
7441 7368
7441 7429
7290 7240
7290 7321
7290 7417
7290 7402
7290 7250
7455 7192
7455 7231
7455 7441
7455 7290
7455 7417
7455 7402
7455 7421
7455 7298
7338 7227
7338 7408
7338 7431
7338 7312
7195 7426
7195 7186
7195 7227
7195 7408
7195 7216
7195 7456
7195 7246
7195 7192
7195 7375
7195 7247
7195 7291
7195 7421
7195 7344
7195 7348
7195 7300
7195 7368
7195 7263
7195 7232
7195 7448
7261 7285
7261 7395
7261 7186
7261 7192
7261 7339
7229 7318
7229 7398
7229 7419
7229 7305
7229 7416
7229 7406
7229 7321
7229 7375
7229 7231
7229 7441
7229 7361
7229 7217
7229 7194
7229 7298
7229 7344
7229 7445
7229 7253
7229 7352
7229 7232
7417 7393
7360 7223
7360 7456
7360 7218
7360 7385
7360 7262
7360 7368
7211 7251
7211 7256
7211 7320
7211 7322
7211 7404
7211 7439
7254 7316
7254 7307
7254 7222
7254 7462
