7335 7288
7335 7302
7335 7332
7335 7450
7335 7301
7335 7240
7335 7362
7335 7246
7335 7222
7335 7361
7335 7236
7335 7446
7335 7283
7335 7357
7335 7402
7335 7323
7335 7225
7335 7445
7335 7300
7335 7367
7335 7440
7335 7369
7354 7190
7354 7395
7354 7362
7354 7411
7351 7419
7351 7218
7351 7416
7351 7441
7351 7368
7315 7256
7315 7385
7402 7381
7402 7187
7402 7186
7402 7333
7402 7453
7402 7341
7402 7184
7402 7227
7402 7288
7402 7270
7402 7456
7402 7246
7402 7306
7402 7208
7402 7233
7402 7330
7402 7231
7402 7290
7402 7455
7402 7394
7402 7236
7402 7427
7402 7353
7402 7445
7402 7390
7402 7262
7402 7191
7402 7204
7402 7310
7384 7426
7384 7285
7384 7408
7384 7216
7384 7456
7384 7419
7384 7246
7384 7218
7384 7192
7384 7375
7384 7247
7384 7283
7384 7427
7384 7291
7384 7355
7384 7421
7384 7353
7384 7368
7384 7369
7384 7448
7295 7288
7295 7215
7295 7236
7295 7446
7295 7185
7295 7367
7299 7421
7299 7393
7276 7456
7276 7321
7276 7441
7276 7385
7276 7368
7276 7339
7382 7329
7259 7251
7259 7197
7259 7218
7259 7441
7259 7402
7259 7404
7267 7222
7267 7283
7267 7368
7267 7429
7427 7200
7427 7339
7194 7426
7194 7293
7194 7227
7194 7408
7194 7216
7194 7456
7194 7218
7194 7192
7194 7247
7194 7195
7194 7459
7194 7427
7194 7300
7194 7457
7194 7262
7194 7368
7194 7191
7194 7263
7194 7369
7296 7398
7296 7270
7296 7419
7296 7256
7296 7305
7296 7416
7296 7375
7296 7441
7296 7361
7296 7194
7296 7445
7296 7253
7296 7352
7296 7204
7265 7285
7265 7412
7265 7186
7265 7453
7265 7341
7265 7270
7265 7306
7265 7416
7265 7337
7265 7330
7265 7361
7265 7236
7265 7427
7265 7194
7265 7385
7265 7445
7265 7368
7265 7191
7265 7339
7265 7204
7265 7429
7291 7223
7291 7184
7291 7456
7291 7280
7291 7320
7291 7421
7291 7385
7291 7262
7409 7456
7409 7218
7409 7188
7409 7385
7409 7262
7423 7287
7423 7456
7423 7385
7423 7262
7423 7368
7322 7429
7355 7453
7355 7192
7355 7365
7355 7200
7355 7368
7355 7339
7298 7187
7298 7227
7298 7446
7298 7402
7298 7385
7363 7293
7363 7285
7363 7190
7363 7309
7363 7395
7363 7333
7363 7453
7363 7227
7363 7288
7363 7270
7363 7197
7363 7240
7363 7380
7363 7280
7363 7340
7363 7324
7363 7226
7363 7231
7363 7247
7363 7361
7363 7236
7363 7320
7363 7283
7363 7402
7363 7299
7363 7194
7363 7291
7363 7421
7363 7201
7363 7253
7363 7300
7363 7219
7363 7401
7363 7204
7363 7429
7344 7293
7344 7218
7344 7416
7344 7441
7344 7445
7344 7368
7344 7339
7323 7285
7323 7453
7323 7184
7323 7416
7323 7267
7201 7426
7201 7293
7201 7190
7201 7223
7201 7184
7201 7362
7201 7222
7201 7192
7201 7247
7201 7261
7201 7236
7201 7283
7201 7335
7201 7354
7201 7421
7201 7445
7201 7300
7201 7440
7201 7263
7201 7369
7348 7285
7348 7453
7348 7465
7348 7216
7348 7456
7348 7326
7348 7188
7348 7337
7348 7417
7348 7329
7348 7367
7348 7262
7348 7368
7348 7339
7348 7461
7404 7251
7404 7197
7404 7256
7404 7322
7404 7367
7275 7293
7275 7419
7275 7325
7275 7246
7275 7416
7275 7406
7275 7324
7275 7321
7275 7361
7275 7217
7275 7283
7275 7185
7275 7427
7275 7363
7275 7344
7275 7201
7275 7250
7275 7225
7275 7385
7275 7445
7275 7239
7275 7204
7275 7429
7189 7293
7189 7187
7189 7301
7189 7270
7189 7399
7189 7222
7189 7416
7189 7330
7189 7236
7189 7402
7189 7200
7189 7368
7189 7339
7189 7429
7252 7293
7252 7223
7252 7184
7252 7371
7252 7416
7252 7337
7252 7283
7252 7357
7252 7421
7252 7385
7252 7200
7252 7440
7252 7232
7385 7395
7385 7450
7385 7216
7385 7284
7385 7347
7385 7339
7385 7448
7445 7419
7329 7395
7329 7301
7329 7330
7329 7441
7329 7322
7329 7339
7414 7229
7414 7459
7414 7421
7414 7431
7431 7270
7431 7419
7431 7305
7431 7222
7431 7416
7431 7321
7431 7217
7431 7446
7431 7445
7431 7191
7431 7369
7308 7265
7308 7298
7388 7187
7388 7186
7388 7453
7388 7223
7388 7288
7388 7302
7388 7332
7388 7371
7388 7450
7388 7188
7388 7222
7388 7337
7388 7406
7388 7446
7388 7320
7388 7283
7388 7402
7388 7427
7388 7421
7388 7348
7388 7385
7388 7200
7388 7219
7388 7440
7388 7429
7390 7339
7253 7293
7253 7450
7253 7270
7253 7279
7253 7380
7253 7256
7253 7218
7253 7375
7253 7231
7253 7247
7253 7217
7253 7283
7253 7402
7253 7194
7253 7421
7253 7298
7253 7344
7253 7348
7253 7353
7253 7300
7253 7262
7253 7368
7253 7191
7253 7369
7349 7339
7442 7448
7434 7278
7434 7321
7434 7392
7434 7290
7434 7394
7434 7402
7434 7265
7434 7385
7434 7219
7289 7222
7289 7361
7289 7429
7439 7381
7439 7315
7439 7404
7439 7346
7464 7426
7464 7465
7464 7288
7464 7216
7464 7197
7464 7456
7464 7274
7464 7337
7464 7247
7464 7361
7464 7427
7464 7329
7464 7339
7464 7369
7464 7429
7300 7223
7300 7411
7347 7186
7347 7450
7347 7270
7347 7233
7347 7441
7347 7290
7347 7361
7347 7446
7347 7339
7370 7293
7370 7218
7370 7247
7370 7421
7370 7300
7451 7441
7451 7385
7239 7426
7239 7230
7239 7280
7239 7215
7239 7291
7239 7421
7239 7393
7239 7369
7458 7285
7458 7223
7458 7288
7458 7450
7458 7325
7458 7256
7458 7441
7458 7236
7458 7446
7458 7239
7458 7262
7458 7401
7257 7185
7260 7412
7260 7395
7260 7333
7260 7184
7260 7270
7260 7218
7260 7188
7260 7233
7260 7406
7260 7321
7260 7291
7260 7262
7260 7429
7210 7187
7210 7186
7210 7450
7210 7256
7210 7246
7210 7222
7210 7406
7210 7375
7210 7441
7210 7236
7210 7354
7210 7194
7210 7344
7210 7250
7210 7448
7457 7426
7457 7293
7457 7437
7457 7216
7457 7419
7457 7218
7457 7192
7457 7459
7457 7384
7457 7427
7457 7421
7457 7344
7457 7348
7457 7353
7457 7300
7457 7200
7457 7262
7457 7368
7273 7187
7273 7186
7273 7453
7273 7456
7273 7280
7273 7218
7273 7278
7273 7291
7273 7201
7273 7199
7200 7416
7200 7388
7200 7339
7367 7293
7367 7285
7367 7395
7367 7453
7367 7216
7367 7270
7367 7256
7367 7222
7367 7214
7367 7321
7367 7247
7367 7283
7367 7402
7367 7421
7367 7300
7367 7451
7367 7448
7286 7283
7286 7445
7286 7300
7286 7368
7286 7339
7286 7429
7219 7186
7393 7443
7393 7285
7393 7395
7393 7186
7393 7216
7393 7270
7393 7456
7393 7416
7393 7337
7393 7282
7393 7455
7393 7446
7393 7459
7393 7357
7393 7390
7393 7349
7393 7200
7393 7368
7393 7310
7391 7229
7262 7190
7262 7247
7242 7333
7242 7256
7242 7433
7242 7298
7242 7448
7368 7293
7368 7223
7368 7247
7368 7354
7368 7300
7440 7426
