3968 1088
3968 2860
3968 6051
6453 2888
6453 3943
5604 1604
5562 318
5242 2444
5242 6514
5885 1674
5885 3129
5885 6882
2707 2428
5829 2413
2059 976
1066 3849
1066 4622
5135 241
5135 6169
7110 5370
5994 6051
3868 575
1088 615
2789 3913
2708 7107
2708 4569
2708 6374
1089 7110
1089 4709
1089 5754
5642 1192
3600 1070
3600 2732
3600 3025
3600 5398
3600 6177
3600 5016
4394 3657
584 1488
663 58
6744 3098
6744 4584
5955 5757
5547 18
5547 4196
5547 3357
5547 589
5547 2293
3913 1942
3913 7023
4103 2707
2185 6142
2185 4358
2185 3007
5643 6937
2938 2732
2938 6890
1141 1732
5985 2205
6516 6933
964 647
964 1693
5690 5900
5690 192
501 58
1053 2247
1053 580
3195 6403
3195 2524
3195 4583
1789 6176
5456 479
4308 4196
4308 187
2997 6361
7067 692
7067 1528
2752 4658
5262 7153
6282 323
6282 397
3016 2802
3016 276
1390 1901
1390 3066
1390 3140
3481 5375
6754 397
6754 378
6754 1000
5263 4548
5263 3834
6815 4196
6815 4282
6815 6251
6815 1687
1889 4889
3458 4894
2604 3274
4026 2901
3925 6293
6338 5893
6338 4104
3383 723
6641 4360
4174 4823
4370 1493
4370 1675
3006 5830
5255 323
5255 2463
5255 1000
2603 4704
2603 2413
3835 764
1988 4938
1988 1025
1988 3068
5397 5178
1371 4928
3567 2247
6560 573
4152 5489
2297 1635
5436 1217
5436 6293
6921 1320
6591 764
2465 4875
5857 4460
5857 1754
3010 1192
4416 6860
1346 4867
1346 4182
1346 35
1346 4951
2805 916
2224 4769
319 4948
319 2669
319 6201
319 3068
5162 3421
6149 5396
6149 2714
1437 3849
2948 4093
2948 3554
4471 3618
6166 6425
6166 237
4146 4598
245 3486
3891 4691
3891 4951
3891 3908
5210 4823
143 5368
143 6087
4100 3752
4100 1641
4100 2468
5680 5822
4397 803
2290 1863
6091 4652
7024 4598
4820 6590
1559 5368
1559 2942
5319 1635
5900 6595
2905 890
2936 3486
3487 5334
2681 3575
2681 6387
6714 355
6714 774
5954 5683
1185 764
1464 1562
2903 6494
2903 4317
5094 3357
5094 3273
6583 58
236 2310
2320 143
3145 318
3145 3186
5513 4642
6694 5886
6694 2475
2063 4360
2063 4095
6262 764
5280 1324
2085 4219
3507 3517
463 323
6587 826
1019 6564
1019 3429
1411 1635
3375 6293
3375 1320
3538 3752
3538 1182
6351 2068
6351 3883
6351 1438
5462 6494
5462 3754
6919 1828
6919 4569
855 6779
6176 3167
6297 4828
647 3000
3845 479
3845 3273
4938 3890
4592 1561
2051 4295
2051 4176
3414 3652
480 6945
7111 811
3821 1894
903 3075
4134 2465
4134 3339
6306 4545
6306 6457
6306 1158
572 3560
1909 3652
6530 5368
2911 6259
2911 4872
1693 1687
640 6428
2488 5973
223 4619
6637 4823
3439 5077
841 1978
4186 3486
4469 94
76 2841
76 1910
3044 318
3044 3430
3044 5375
1904 1687
5368 7053
5368 3520
5368 5790
6933 2938
6933 6789
1565 4534
1611 492
1546 976
6003 1428
6003 2553
6003 2475
4718 3330
4298 4739
2829 2049
2829 3330
446 6096
141 5970
141 1832
141 6417
1230 5905
6564 4839
1991 7110
1991 3055
1641 6768
5300 3618
5376 4569
323 5994
323 3916
323 2044
1217 6293
1217 956
6278 2449
1470 1088
1470 2860
1174 634
4485 5893
5058 2899
5007 750
2566 210
1548 2209
4330 3698
7107 6919
6286 69
4890 5827
4890 3538
4890 1465
3651 5456
3651 6403
6781 5720
1901 3066
1596 3343
4972 6033
2186 1455
6565 3832
6010 764
1100 3597
2028 3611
4518 4176
5555 5787
192 581
192 3657
6371 6051
6371 2737
2067 6246
2847 472
6846 5712
3698 3048
3904 4584
6946 4426
6946 3275
5711 6091
5711 3848
5711 3620
6885 4835
6885 2841
190 3000
5578 3000
5578 1693
2650 4295
738 4165
738 3068
6682 575
3402 58
4769 6885
231 5144
231 5937
5069 4404
54 580
54 3339
3305 5055
1623 4295
1623 4176
1455 4878
1455 171
1455 3696
4617 6342
5218 4450
5065 3291
5065 1124
2060 2475
5389 6917
4398 2301
4398 5442
4858 5218
4858 3960
4858 5613
4858 2428
4442 4971
4442 4154
6002 2310
6002 2447
5939 1632
6828 3991
6828 3391
6828 6178
3744 1776
4196 18
4196 5334
4196 3961
4196 4094
4150 430
6779 1942
6779 1681
4028 619
2675 1845
6359 315
2472 5489
2472 6351
2472 4932
4321 3120
3729 3204
3729 4190
6293 5436
6293 1217
6293 5408
6293 6085
350 1259
956 2942
5761 4863
4396 171
1935 5135
1935 2223
1935 3658
5062 5886
6877 6342
6838 2233
5379 4134
3918 575
3679 1280
469 6032
397 1088
397 2463
7034 860
1222 3846
5423 843
5423 479
5423 5417
5423 3568
325 2635
5893 1641
5893 6243
5534 7153
5338 4858
2592 2479
2592 2175
1518 541
1518 1014
680 3695
680 3068
458 1974
1364 6282
1364 323
1364 397
1364 5893
1364 378
2576 6293
3330 2732
3330 3025
3330 5398
3330 6177
5557 459
7142 1088
7142 6179
7142 4651
7142 6051
6201 4196
857 4527
4867 6178
4867 3068
5492 4858
5492 4450
1797 4959
3055 58
3055 2064
6513 5135
3776 4584
4171 5680
4171 2393
1070 1428
1070 3343
3162 6024
4647 1768
4647 3943
2998 6909
4016 5789
6581 5135
6581 4308
6581 6169
6581 2973
4189 3159
624 934
624 581
624 6042
1813 1825
1813 6463
1262 58
3719 5007
1189 7153
1189 2553
59 2115
5865 5260
1674 5885
1354 1822
2814 5158
1500 3357
4143 669
4143 5585
5991 5017
355 2180
1891 2732
430 5743
430 5206
1272 1238
3618 3357
7010 4461
7010 6185
3121 2508
3121 4951
2247 580
1598 6642
2147 3305
6096 4707
6671 1632
3357 398
5803 2083
5803 1890
3252 3305
2703 4527
2029 5603
6655 2444
2254 3891
2254 6058
296 4410
5475 453
5475 4119
5475 4729
6554 843
4598 2152
4598 2657
4598 5065
4598 5441
4598 6501
6328 58
3066 4907
3066 984
3443 2669
3443 3068
1905 2044
6985 5405
1650 1124
5503 1701
3129 5885
1275 2659
1275 5601
5586 58
5470 5955
1783 1088
1783 2463
1783 5243
671 5893
538 405
808 5229
4460 58
4460 1562
4460 4863
6184 5585
1850 2448
1850 5996
2071 6599
479 3302
3549 1238
2018 3663
2018 2973
5144 5937
1786 1493
1786 5989
1719 2243
1474 5471
1685 4093
3429 4839
2034 4455
2034 4420
2034 6000
2034 6229
2034 3510
1556 1674
1556 3113
3047 4461
3047 4622
4242 5991
849 5135
849 4355
248 750
1912 7082
5546 1822
2471 2351
2471 2977
2471 5801
2471 1495
2471 6117
2471 1677
6408 6251
3478 3429
5993 1825
740 774
5605 2205
629 2615
629 3007
4240 3856
3518 764
3518 575
7004 7158
1009 5197
1009 4852
2701 3048
2701 1506
589 5236
2796 750
436 5045
1132 3357
6666 6067
2493 3730
2656 2992
