5725 6677
99 4355
4240 323
4240 1905
3518 6591
7004 1221
7004 3780
1132 18
1132 1562
2493 509
5809 6051
5947 7153
5677 2995
120 3575
120 2187
120 6086
120 5965
6799 2225
6799 3486
6378 887
6129 6511
6129 2475
2349 2734
1086 6995
2706 6554
348 860
348 3899
348 6647
2538 5456
1322 5786
1322 5405
1948 2993
2932 5242
2932 1430
3716 3379
4282 2205
6368 3887
7115 1132
7115 6996
5122 2690
222 6553
222 5158
3756 1622
3756 5199
2050 871
3615 323
3615 6051
5180 4471
2683 1598
1004 3679
338 6976
3725 5182
3725 417
6424 1490
4704 1832
4704 2615
4885 3000
3337 1833
3337 2044
5860 5110
5860 6468
1926 6448
4878 543
17 4326
3759 1088
3759 2052
3759 469
171 3961
5023 4079
580 3339
4205 5374
1702 4589
1913 1663
1913 4300
6417 4824
6417 7095
2803 430
608 2685
608 1408
5877 1376
5877 3147
5877 837
5778 5310
6973 5045
3148 4432
1931 1937
3072 1296
6187 3401
6187 2556
125 7110
318 5125
6606 2911
6606 355
6606 976
5686 6909
4324 1978
4419 2685
3146 887
3146 2990
4548 326
4548 1465
340 3735
1156 6885
2157 2247
669 3756
4434 3068
4721 2560
4075 4658
6443 1066
6443 2278
6443 236
6443 5747
5020 1997
832 5503
6794 3068
3041 58
3041 4932
2972 575
1560 7153
5093 6286
5093 5228
979 5218
3090 1476
3090 4031
3090 7052
3090 5742
3090 6062
860 2605
860 5219
860 1253
3277 2732
4051 2468
6288 1583
6288 2552
6288 3221
4866 4499
7047 7153
5801 774
4461 5041
4461 1787
155 2958
5298 2351
722 3913
722 1456
43 6937
2410 509
5088 5381
6008 6589
5576 1570
5576 5218
5576 4858
2479 4684
4250 355
4250 3113
1983 4911
378 3916
378 6051
3728 6007
78 1078
78 5724
695 2481
1401 6678
5658 2254
516 2221
504 1650
1561 2428
539 6828
6511 4382
3438 4823
1684 1408
103 3832
1029 3616
2086 5038
3616 3294
1602 4888
1602 5959
1602 2447
2303 6067
827 3004
827 6464
827 312
1818 6423
1818 5573
1818 6784
6407 7123
4373 2152
2463 4695
6108 4410
6108 6417
3544 2146
6018 691
4402 1157
6876 3730
6876 5211
6876 283
315 3896
315 4408
315 5156
6195 2974
2851 5720
2851 6511
6140 3662
6140 3685
3025 3378
106 1522
6883 1604
3116 1562
3116 1701
3116 4622
670 4471
2866 4471
6128 6919
2118 1088
4916 541
6808 5135
6808 4355
2126 6952
2126 691
2126 24
5724 4747
5724 5278
5724 3966
5724 4707
5724 5874
2560 355
5482 3305
5216 4024
5216 1976
5603 4518
5603 2915
5603 1180
5603 37
5603 237
5603 4114
4999 1088
410 964
410 3399
2301 691
5799 3486
5870 1126
5870 5601
5870 5127
1228 2022
2590 6940
1893 4858
6362 2567
3183 4104
4717 5743
4717 5683
4717 5267
3708 4972
4746 2911
6901 3000
6901 207
6901 187
3097 3330
3284 634
4040 4959
5886 5653
5886 3132
731 5683
877 6408
877 1687
4401 58
5053 5989
3963 4498
5426 3652
2459 4823
2867 3303
3476 79
5653 4666
4908 1622
303 6423
303 5837
303 5819
4554 5498
2397 764
2156 6467
2156 1816
3739 2860
3739 6051
3986 5642
3986 6185
6505 6393
3560 3589
3560 6364
4674 2447
4674 2115
5579 1320
273 6768
273 5943
1396 4360
1396 236
1396 7040
6947 4389
1974 3894
1974 1677
1974 7057
1974 101
3175 2758
6599 2948
6599 6024
6599 3620
5197 6051
4928 5253
3974 4309
3720 3041
5408 6085
3690 5827
3690 5466
3690 1731
3690 6161
5864 4863
1187 4527
1187 5723
6357 2449
2073 1088
1765 3379
1765 3357
1765 691
634 4695
2212 4534
621 2826
5754 3232
5754 6135
6639 551
5661 3965
3124 509
438 237
3398 3481
3398 6768
7078 4863
6575 849
6575 4355
5315 6295
1180 4569
3488 3048
5773 1390
5773 996
5773 3478
5773 4852
529 1832
529 6417
529 7117
5194 5080
1332 1650
4700 5886
4001 3169
551 1192
3705 7175
1567 4897
1567 1816
1658 1562
6500 6087
947 6885
2578 3385
2578 1825
1148 2472
1148 155
152 1863
387 6995
3387 2310
3098 3357
3098 6
3098 589
3098 3378
3098 4119
3098 3657
2714 1056
0 6501
1428 5115
1428 3343
5398 2732
5398 3025
5398 3097
5398 1428
2802 6396
2802 2299
2802 3935
2802 4161
3860 1635
4536 6279
4536 5959
6937 3287
6937 339
4459 5135
2614 6671
800 6677
2709 4739
2709 1561
5064 4709
5553 4642
5553 990
7008 5503
566 2860
5972 6293
5972 6543
341 5080
6200 4498
4176 282
4176 3001
6628 1951
1248 3000
3935 2106
3935 2324
2130 2690
4990 1675
4990 1701
4897 6768
3599 5133
2171 282
649 5049
649 450
649 4865
649 4591
649 800
2129 6062
4091 6282
4091 1364
4091 1000
4009 4360
1118 236
1118 4888
1118 2767
1118 4872
1118 1192
1528 6071
1528 6458
2949 4505
4801 6777
4801 210
4801 1783
4801 4104
4314 6589
3896 5244
6298 3007
6298 2115
4666 4160
4666 1042
4666 6244
4523 6464
1462 857
723 4691
723 4465
723 4951
723 5226
2153 3832
1583 2552
1583 3221
830 4471
3674 6799
280 237
6313 4410
6313 4824
6313 7095
2038 5886
3779 1635
5377 6455
6778 7171
5202 2489
5202 1223
5043 584
3861 7107
3861 5603
3861 4569
3790 6142
3790 774
3883 4848
523 5970
523 4196
523 6201
523 2568
5615 2212
5615 4863
1468 2991
4824 4142
4824 5893
4326 3010
6979 5712
6979 5503
1881 2767
6437 75
6437 2553
4724 6540
4724 1837
4105 3274
6244 3314
6244 1192
6244 721
6244 2890
5789 4729
3611 282
3611 6671
3611 580
342 6322
4875 3075
3334 2552
2121 3068
136 6306
4759 5857
4759 4953
7177 2247
4450 0
5590 5603
15 1462
4355 2855
4355 174
4355 2973
1239 3401
1239 4420
3894 589
3894 3378
954 255
954 1330
1544 555
3340 260
3340 4848
3340 2068
3340 3290
3340 6768
3340 6086
3340 3309
3340 2413
2220 5394
7156 1290
7156 1320
4986 469
4986 6032
1952 6356
3267 4971
3267 5390
3267 874
5917 6765
1547 4907
2016 7115
2016 3468
2016 3696
2016 5874
6151 5720
3663 1132
3075 2465
5158 3935
4530 2847
1657 430
1657 3300
6548 1530
6042 581
401 4324
4682 2428
6768 4299
6768 17
6768 1894
6768 3638
1655 6244
37 4569
4881 621
3534 3834
4810 6885
4489 962
6514 7161
6514 6913
820 1783
820 3856
5375 3011
4170 4283
4170 4404
447 2044
1495 5396
1495 5819
4581 3135
3033 4823
5228 145
4907 5278
4907 4878
4907 3696
4907 3068
4316 615
3597 166
1622 4908
4455 3068
3186 4481
7079 6764
6069 58
237 1828
237 6553
615 1088
2627 3506
2627 3486
2745 4598
563 5220
1334 2794
5303 6694
5303 6838
3866 4196
3501 543
3501 2669
6185 5122
6243 6464
6243 6071
6243 3984
6929 2568
6541 4820
6541 4861
3757 356
3757 984
7086 1240
1871 3616
1871 3001
5822 1529
2342 3357
3785 1794
4954 5278
4954 3401
4954 6531
1569 1632
3920 5720
4454 3965
6646 223
6375 323
4420 395
3494 1189
3494 2553
555 1425
4653 4402
2689 5408
6924 1088
6924 1470
1841 1968
1911 1217
1911 6293
2771 6342
131 750
4317 5573
485 3000
2912 1255
1768 7145
1304 5200
3300 3927
4828 4666
1479 143
1479 5491
1479 4861
1479 1320
1479 3520
3563 1566
94 62
94 4300
6457 5815
2556 3401
2978 4486
2740 1845
2187 5633
2187 5994
2187 1438
6331 5436
6331 1217
5133 6662
5199 3458
5199 4841
5199 1622
5199 1273
518 1428
3856 210
3335 6711
3754 924
6005 6768
4369 3167
2293 6096
2293 4698
5212 1070
6337 6765
6918 1260
6918 1604
5815 4370
2340 4660
2340 4930
2340 5830
2340 1489
2340 5199
2340 6088
1394 3991
5681 3378
1465 1528
1465 6243
4287 6531
3378 1562
3378 3340
3378 2255
3378 5695
3993 1014
3212 1952
6618 6809
6618 1562
2816 1000
7051 1635
1320 5491
1320 273
1320 4861
1320 412
1320 3520
2967 1168
2967 2277
3874 5117
3874 1258
1845 4485
1845 6051
1845 1182
6161 4747
6086 5994
6086 2465
6086 1438
2497 723
4303 6169
1095 5319
1095 738
1095 1926
1095 6947
5959 3212
2248 2531
3926 1088
5685 575
5742 145
5937 4598
2506 2106
6000 5319
6000 6229
6000 3068
1907 5680
1907 5368
4870 6543
7153 3679
5943 5093
5943 5864
2849 4948
2849 5970
2849 6051
1687 3283
895 5411
895 80
895 4938
895 5787
895 1931
895 5426
895 3510
895 3174
895 3068
924 5268
6589 3862
6589 5216
2298 5334
2298 1635
4586 6051
4534 1148
4534 6301
3849 4143
5206 6927
5206 6463
796 843
796 5498
796 6554
796 2902
796 3568
473 6135
6085 1217
691 7153
1592 5720
1592 5260
1592 1240
3147 2040
3291 1124
4082 4355
1065 4837
1065 1359
1036 3834
6851 5900
6335 2410
2600 6753
7018 6647
4956 5603
4651 3183
7171 6278
5164 3357
6529 5712
3239 5319
3239 6897
3239 4420
4358 2185
4358 6142
4358 1042
4358 1132
4358 3378
3071 535
3071 1449
362 6342
5142 4426
5142 4279
6240 6564
2078 1622
2078 5199
