4908 1354
4908 5437
4908 1544
4908 2080
4908 6487
4908 915
303 3285
303 602
303 3293
3192 49
3192 2018
3192 4094
3192 5078
1594 6457
1594 3988
4554 3195
4554 3651
4554 61
4554 5334
4554 4935
4725 49
4725 1238
4725 3098
4725 6295
4725 3275
4725 4094
917 5192
3272 846
3272 1
1529 6060
1529 430
1529 731
1529 1812
1529 1449
1529 1816
1529 1754
812 1544
3630 1376
3630 3986
3630 6185
7124 1125
6882 4308
6882 1641
6882 2018
7121 6351
7121 6086
7121 1438
2397 1185
2397 5503
2397 6891
5988 5621
6384 1528
6384 6243
6384 5169
2156 5857
2156 4508
2156 6671
2156 3611
5113 3840
5113 7161
5113 621
5113 5797
4565 3218
3739 1364
3739 7142
3739 3183
4542 830
4542 1350
5683 1536
5683 5925
5683 580
5683 5743
5683 5877
5683 3711
5683 2655
5683 5765
5683 1822
5683 728
5683 5693
5683 3287
5683 750
5442 4596
5257 1280
3069 6518
3069 338
3069 62
3986 1770
6495 1240
496 2830
6505 6543
2430 3357
2430 4247
2430 1280
3560 6650
3560 655
1836 6549
1836 5905
1836 1124
1836 5219
4674 116
4674 3604
4674 2767
4674 3290
4674 6704
1136 5520
4464 2351
4464 5801
4464 774
4464 1677
5579 4433
273 4820
273 1464
273 5424
273 6629
273 6590
273 2842
273 1052
273 1974
273 3334
273 6541
273 4272
6052 4609
1974 6467
1974 58
1974 6655
1974 2932
1974 4490
1974 6657
1974 4872
1974 6301
1974 4219
5948 725
2033 6342
3175 6326
4861 5065
4861 2472
4861 6293
3973 4902
6093 6976
6093 2948
6093 5148
6093 5503
6093 1132
6093 2590
6093 5858
6093 3378
6599 6142
6599 1493
6599 629
6599 5450
6599 64
6599 1675
5197 1088
5197 4110
5197 4486
5197 4623
5197 5657
5197 2978
1751 4460
1751 6768
1751 1754
1751 148
768 2789
768 2903
777 1320
4352 3889
6056 4360
6056 3589
4318 870
6130 4397
6130 6836
6130 4881
6130 1258
4140 1292
6037 4530
4928 1019
4928 992
4928 5423
4928 78
4928 1805
4928 4489
4928 2978
4928 3593
4928 5667
4928 3562
2246 4999
2246 4316
2246 615
3974 1089
3974 480
1508 2899
1485 3736
1485 6655
1485 1778
3720 7110
3720 4152
3720 3730
3720 6655
3720 4724
3720 5558
3720 4932
5408 3925
5408 1217
5408 1911
5408 6331
5408 3100
3690 5253
3690 4707
3690 1888
730 6911
5864 214
5864 7072
5864 3246
5864 2264
5864 5103
5864 6254
7104 3073
7104 323
7104 2053
7104 397
7104 169
7104 4796
7104 4655
7104 4834
2101 1905
2101 2105
5032 6961
5032 2510
6740 709
1187 1919
1187 1077
6357 4763
6357 4633
6357 538
6357 966
6357 1684
6357 3894
6357 3221
6357 1408
5196 6256
6727 3736
6727 4196
6727 2855
6727 2103
6727 4182
6727 3961
6727 2943
6727 2010
7182 1148
7182 5902
7182 6301
7182 1074
819 2465
7006 830
153 2351
153 381
153 1575
5572 5761
2073 1166
2073 397
2073 615
2073 2044
2073 2989
135 2567
135 378
135 4316
3106 5525
1238 538
1238 2328
1238 5741
5500 561
5500 5419
5625 3167
1765 5712
1765 4454
1765 3812
634 4471
634 4706
634 3337
634 447
1652 5522
2444 1283
2444 1494
2212 4281
2212 1418
2212 3245
2212 2364
7178 3965
4198 6091
621 1418
621 6913
621 1728
621 6387
621 1012
621 5005
2055 871
5754 872
5754 1080
5754 1930
5754 3573
5754 4490
5754 2864
5754 1124
5754 5600
5754 4136
6639 541
6639 848
6639 602
6639 3976
6639 1602
6639 5988
4 1019
4 6564
4 3429
4 4489
427 347
427 3785
6084 7018
2710 5280
2710 1324
5661 6853
5661 3357
3711 2035
3711 2028
3711 6463
3711 898
2453 5621
2453 4001
2453 2007
3564 2493
4027 4858
4027 2736
438 222
438 37
2245 5043
3398 282
3398 6149
3398 5801
3398 3281
3398 1495
3398 1575
6575 5135
1526 6342
1526 1890
5315 6934
5315 6657
5315 3368
5450 6518
5450 537
5450 2194
5450 1192
1562 3771
4263 723
1180 430
1180 1825
1180 6463
1180 750
1180 4114
1180 284
3488 3219
3488 3930
3488 1506
3488 32
5102 3821
5102 1035
5102 6725
5102 1369
5773 1019
5773 4878
5773 4907
910 1748
910 3478
910 6240
529 6313
5077 750
5194 3913
5194 5756
5194 5534
5194 1070
5194 808
5194 2530
5194 3097
5194 3667
5194 2861
4775 5368
4775 2709
4775 1583
3992 4356
3992 5019
3992 3476
3992 6890
1332 4960
1332 5368
1332 4508
1332 1529
1332 5754
1332 4297
1332 1113
1332 3071
1332 3012
1332 101
6224 3299
4700 2888
2508 5547
2508 3121
2508 6408
2508 3283
4001 5394
4001 4095
551 4634
551 6142
551 2083
551 4936
551 3756
551 6973
551 669
551 3311
551 1347
551 6563
551 3819
551 1715
551 2784
551 3007
3303 4082
2457 2261
2457 3330
2457 5750
2457 3506
2457 2301
3910 5881
267 3589
267 6917
2489 5757
3705 5094
3705 738
3705 6554
3167 6377
3167 4867
3167 2018
3167 106
3167 7128
3167 2618
3167 6418
3167 6178
3533 4239
6488 3044
6488 318
4777 2293
6734 723
6734 4951
6734 682
6734 3003
3831 683
1658 672
1658 3055
1658 1974
1658 2174
4727 6278
3184 6198
6105 3385
6105 284
5783 381
6500 5857
6500 3439
6500 6288
6500 1583
6500 1907
1296 5885
1296 3245
1296 68
1296 3575
1296 6086
2578 6128
2578 2139
2655 4351
4569 3016
4569 6919
4569 2639
4569 4977
4569 430
4569 3385
4569 1825
4569 1441
4569 1029
4569 3423
4569 1180
4569 3935
4569 280
4569 5240
4569 3566
4569 4147
1148 1565
1148 7182
1148 5615
1148 4881
1148 1253
1148 2413
61 3164
387 4308
387 1244
387 6034
2795 4722
3430 2592
1211 6241
3098 1387
3098 2085
3098 6201
3098 1650
3098 4078
3098 1974
3098 1562
3098 3340
3098 5989
3098 3368
3098 5117
3098 666
2714 5193
196 3339
557 5664
557 3501
0 4152
0 7170
0 2472
0 1562
0 1468
0 3340
5310 1582
5310 2255
5310 3735
4010 4951
5260 2811
5260 3234
5260 5681
1965 3040
5598 1148
5598 5615
1428 2811
1428 2936
1428 5720
1428 3330
1428 1456
1428 5260
1428 5681
1428 3875
1428 4963
2974 6275
2974 837
789 480
789 3069
5398 3913
5398 3330
5398 1165
5398 808
5398 3506
5398 887
5398 4523
5398 6358
3825 4220
2802 1997
2802 3150
2802 5350
2802 308
2802 6128
2802 4569
2802 1525
2802 5109
2802 3416
2802 4403
2802 284
5316 1238
3860 7031
5159 3946
5707 1147
5707 3378
4536 3424
4536 5331
4536 6883
4536 5450
4536 2489
4536 2054
4536 4641
4536 1604
6937 1505
6937 1974
6937 4136
353 3021
5231 6454
4459 6169
4459 2616
4459 4348
4459 1537
4459 1484
2614 3259
5056 3507
5056 4536
5056 1952
5056 3943
3022 4858
969 6265
969 2953
800 1387
800 4100
800 5712
800 6317
800 5287
800 6161
800 1206
3205 381
3205 5405
5878 342
2383 4536
2709 2699
2709 3963
2709 1314
5064 5370
566 3592
566 323
566 3317
566 3183
566 4928
566 3856
859 5547
859 3990
859 5827
859 5466
859 4396
859 5893
859 3357
859 6996
859 7115
859 4420
859 4317
859 3068
4333 1283
4333 6432
1297 6024
995 6665
995 3779
995 2967
7145 4536
2317 3735
5108 1333
5108 808
5108 3072
5108 68
5108 6243
5108 2041
5108 5905
5108 1888
6316 3435
6657 1272
6657 453
6657 1238
6657 6295
6657 2121
6657 4119
2439 3574
4421 350
4421 538
4421 2387
4421 6260
5972 956
5972 4401
5972 6505
5972 5408
5972 1911
5972 6393
5193 4739
5193 5858
5193 1796
2467 1711
6200 1089
6200 1693
6200 4508
6200 6540
6200 1445
6200 1408
6200 1816
3837 3976
4349 3918
1120 2615
1120 1902
1120 774
4176 3807
4176 1623
4176 6590
4176 1029
4176 5603
4176 3011
4176 5294
4176 6927
2354 6832
6628 4780
6628 4951
4734 1351
4734 1701
5181 3567
5181 5939
5181 580
957 296
957 1330
957 621
2788 4549
548 5139
3245 3635
3245 4534
894 4450
6888 5621
5765 5683
5765 3147
1248 4793
1248 1086
1248 6901
1248 581
5490 5534
5490 1891
5490 6526
7090 1732
7090 7033
5022 7056
5022 6494
5022 768
5022 5707
5022 4523
5022 3754
5990 4471
3011 2805
3011 2954
3011 4188
3011 916
3011 5375
3011 4872
3011 6117
3011 3113
3935 415
3935 4193
3935 535
3935 54
3935 793
3935 2247
3935 580
3935 2216
3935 4403
3935 2643
2130 6976
2130 2642
2130 5396
2130 3247
2130 2990
2130 4841
2130 153
2130 873
2130 1192
2130 4300
1374 5441
1374 3621
2620 691
2620 1690
4990 6714
4990 916
4990 1495
4545 4837
4545 5504
4545 5336
4545 3599
4545 6185
2448 5996
6611 5786
5214 2865
5214 1964
4897 4432
4897 1930
4897 2486
4897 789
4897 3520
4897 1124
4897 6909
4897 1258
4897 5695
3599 6275
3599 6768
760 4360
760 3589
760 111
4130 6472
4715 4486
4979 2574
35 4152
35 2855
35 1493
35 4826
268 3933
268 1645
6458 1641
6458 6377
2171 58
2171 5294
1298 2767
1298 1324
1298 3110
873 1544
873 5199
873 6487
649 1387
649 4747
649 1078
649 7105
649 5725
649 5216
649 911
649 796
649 2219
1785 4953
2129 6616
2129 1148
2129 4534
2129 1408
2129 4407
4091 5059
5149 557
2996 3260
2993 5337
2993 4837
2993 4028
2993 5396
2993 916
2993 1655
2993 4872
2993 7062
5879 1121
5858 2180
5858 602
5858 1192
727 3517
727 2776
4898 4280
1118 116
1118 5983
1118 1275
1118 6905
1118 4841
1118 4326
1118 2898
1528 3990
1528 3004
1528 1333
1528 4848
1528 1926
1528 4924
1528 5905
1796 3268
2949 608
107 5692
107 1505
6256 5044
6256 6595
6256 1160
6256 1870
6256 4867
6256 4078
6256 1330
6256 5071
6256 4022
6256 4407
6256 2205
6256 1258
6256 4932
4801 3968
4801 899
4801 1470
4801 965
4801 4651
4801 5243
4801 4220
4314 4905
4314 6024
528 6550
528 318
5386 1566
5386 6271
3896 5595
3896 2085
3896 187
6298 4837
6298 1126
6298 6729
6298 629
6298 2043
6298 6088
6298 3099
52 4394
6295 1080
6295 6278
6295 2018
6295 4078
6295 1684
6295 5741
2739 1891
659 723
4390 1680
4390 4823
6609 3784
6213 3894
5518 3589
5518 459
4666 6142
4666 2818
4666 6789
4666 4358
4666 5784
4666 6890
5071 1611
5071 2050
5071 1983
5071 1561
5071 4724
3163 2529
3163 860
3163 1568
3163 1238
3163 4724
3163 3894
3163 69
3163 3806
3163 3221
3163 4293
3163 1408
3163 570
3163 6207
1810 1783
1810 2463
4312 634
4312 119
5739 3730
5739 2493
5739 1816
4929 1711
7117 463
7117 992
7117 5893
7117 2044
7117 3962
2593 3534
2593 1394
4523 3004
4523 5535
4523 5611
4523 312
4523 3816
1462 1049
1462 691
723 3891
723 4426
723 4263
723 5203
723 4279
723 4179
5241 5650
4827 5535
4827 2577
4827 1641
4827 6130
4827 251
4827 5117
2766 2905
2766 3595
2766 814
2766 3920
2766 890
2766 1177
417 1015
417 6665
5018 3663
1583 5857
1583 5680
1583 2557
1583 5424
1583 2609
1583 4402
1583 6500
1583 3894
4408 3561
4408 5315
4408 1445
4408 5156
358 4193
358 2324
358 2624
358 5819
1013 922
3674 2936
3674 7123
3674 2314
3674 602
3674 6945
280 5270
280 2814
280 5240
280 1171
6313 5970
6313 5664
392 1387
392 99
1270 3440
1270 1891
1831 2472
1831 155
1831 3340
1831 4932
1609 6736
1609 4561
4584 5985
4584 3000
4584 2577
4584 1400
4584 1641
4584 2958
4584 2855
4584 2685
4584 3894
4584 4219
4584 565
2038 3944
3770 6877
3770 6660
3770 3426
3770 1347
5935 2010
1617 2903
1617 1994
1617 2023
1617 2545
1617 1735
1617 297
1617 3486
3779 4792
3779 2967
6778 3687
6778 3936
6778 3840
6778 7161
6778 4881
6778 5119
2418 535
2418 6764
2418 7098
2418 120
2418 487
6987 5784
6987 6890
5202 7155
5202 3620
3110 6306
3110 4311
3110 2471
3110 5601
3110 976
3110 5520
3110 1120
3110 6752
3110 2890
3861 6919
3861 1441
6965 2768
6965 3428
6965 6350
6839 4816
6839 3866
5167 3217
6964 1942
6964 6243
2673 1968
1805 6564
1805 1901
1805 4396
1805 854
1805 356
3790 6586
3790 2767
3790 4143
3790 1493
3790 629
3790 4841
3790 2043
3790 3340
3790 6768
3790 4358
3790 64
3790 5151
3790 1046
3790 1192
3883 6377
3883 6882
523 1214
523 1088
523 463
523 4254
523 992
523 2246
523 5664
2894 2609
2894 6937
5615 5069
5615 6655
5615 1839
5615 3980
5615 5686
5615 1113
5615 1074
5615 4219
5615 1258
5615 3437
5615 6748
1468 4103
1468 7170
1468 3730
1468 860
1468 6501
1468 4084
1468 1253
1735 2023
1735 2430
1735 5377
4824 463
4824 3669
4824 4485
4824 992
4824 469
4824 671
4824 4140
4824 3482
4824 6032
4824 1182
4824 5588
6227 5712
6227 4342
4326 2615
4326 5449
4326 1493
4326 1715
4326 5585
1881 4841
1881 1273
5220 2465
5220 3323
5220 1212
5220 2180
5220 2585
5220 2927
5220 2885
6437 5115
6437 5865
6437 5260
6437 3842
6437 3735
3793 145
3793 4219
4724 480
4724 3634
4724 155
6244 2185
6244 6908
6244 5328
6244 4143
6244 6378
6244 3476
6244 6599
6244 5707
6244 6589
6244 4358
6244 6088
6244 5151
6244 3959
6244 3486
6244 1575
593 3011
593 6506
3981 3525
5789 4559
5789 6657
5789 2685
5789 3874
5789 5522
5789 4468
5789 666
2137 3651
2137 1335
2137 479
3611 610
3611 58
3611 3145
3611 903
3611 5017
3611 5561
3611 4176
3611 6927
3611 5392
342 4023
342 4625
342 1863
342 2272
342 4578
342 495
4875 54
4875 580
4875 5017
4875 6051
4875 1182
4875 3068
2121 54
2121 2018
2121 580
2121 1562
2121 750
136 2690
136 6877
136 1518
136 6660
136 551
136 6457
2043 4657
2043 6423
2043 1882
2043 1857
2043 1575
1632 7022
230 5334
230 2293
230 2424
5295 3044
5295 1376
5223 1701
3565 4333
4759 3055
4759 3573
4759 2864
4759 2393
5556 4588
612 2468
612 3190
5378 4165
5378 4396
5378 5178
5378 1436
5378 3068
1111 3172
1111 6377
1111 803
1111 44
1111 5482
1111 4725
1111 1485
1111 3109
1111 3167
1111 2345
1111 2003
7036 4289
7036 3011
7036 4608
7177 54
7177 5392
7177 33
4450 4152
4450 2745
4450 6501
6133 2495
6133 1604
5590 7107
4510 3377
4510 2247
4510 6506
4510 1677
4510 4589
251 5535
4355 6513
4355 6581
4355 6575
4355 3501
4355 4707
4355 4082
2139 1813
2139 3915
5606 6070
5244 2085
5244 3221
1239 1926
690 6207
1934 3976
1934 6008
2045 3274
3894 5994
3894 4281
3894 4848
3894 6096
3894 1650
3894 1885
3894 4419
3894 5482
3894 2328
3894 4990
3894 1831
3894 4584
3894 581
3894 6250
3894 4945
3894 871
3894 3244
3290 6518
3290 6276
3290 62
3612 1635
954 3142
954 4355
954 6051
1544 5885
1544 6714
1544 3243
1544 1902
1544 3063
1544 4686
1544 4908
1544 3674
1544 5220
1544 6088
3281 282
3281 1536
3281 1930
3281 4875
3340 5633
3340 6714
3340 3052
3340 3120
3340 4242
3340 1778
3340 5743
3340 3790
3340 2121
3340 1606
3340 1715
3340 3858
3340 2509
3340 4219
2345 1641
2220 758
2220 6858
2220 3169
7156 143
2702 4131
2702 6890
4986 5948
4986 3482
5616 621
5616 4881
5616 4863
1397 5769
1952 3507
1952 340
1952 1762
1952 5988
5011 6822
118 2233
118 4311
118 3976
118 6024
6222 4317
4731 758
1890 6035
1890 3169
3816 3554
5917 199
5917 5470
5917 524
6134 5886
1312 722
3136 1825
3136 237
1547 1019
4603 6197
2016 3990
2016 1641
2016 5278
2016 6897
2016 2103
2016 5302
2016 4389
2016 6243
2016 4420
2016 2556
2016 4092
2016 2219
2016 950
2016 1635
2016 6696
6151 5814
6151 2553
6151 5080
3663 2615
3663 7112
3663 6201
3663 1725
3663 4704
3663 1330
3663 957
3663 2593
3663 4584
3663 5334
3663 3378
3663 2568
3663 5989
3663 5078
3468 2468
3468 6897
3468 3401
3468 7115
3468 1926
3468 5302
3468 5724
3468 2016
3468 2293
3468 2146
3075 5994
3075 5007
3075 4051
3075 4875
3075 6051
3075 3858
3075 750
3075 5405
5664 5339
5664 3415
5664 5893
5664 7117
5664 3068
3085 4724
3085 3894
5158 2635
5158 4721
5158 1328
5158 4589
5158 4528
5158 6912
4530 5148
4530 4972
7095 1088
7095 5339
7095 3669
7095 1641
7095 6051
7095 3962
6450 1942
3815 5680
3815 4759
1657 6074
1657 4136
285 325
285 3935
285 6503
285 6468
285 284
6548 4152
6548 2942
6548 2094
6548 2826
6548 4932
1290 1320
6042 4308
6042 3361
6042 6377
6042 3192
6042 4725
401 2854
401 1248
401 1687
401 1978
70 3049
1426 4836
1426 5069
1426 4299
6891 3868
6891 5503
6891 7008
6891 4342
3151 4360
1553 1889
1314 318
6768 5642
6768 2106
6768 3702
6768 4657
6768 5865
6768 916
6768 6905
6768 2560
6768 5460
6768 6005
6768 5849
6768 6692
6768 1770
1655 1992
1655 6650
1655 5450
3451 342
2837 4489
2161 7142
2161 6179
5967 1505
37 1997
37 6919
37 5274
37 4518
37 2814
37 6140
37 6872
4881 6836
4881 4605
5941 1476
5941 69
4489 4521
4489 3429
4489 5493
4489 5198
4489 356
4489 5667
6514 5535
6514 1684
6514 621
6514 251
6514 1258
820 6282
820 6032
5375 6884
5375 1495
5375 5125
4170 1037
4170 3635
4170 4895
4170 3575
4170 1399
4170 1065
5741 5994
5741 5535
5741 6130
5741 4827
5741 6832
5741 5910
5741 3536
5741 2176
5741 1408
5307 115
2933 2905
2933 2888
2933 1240
1495 4604
1495 2225
1495 4721
1495 5801
1495 1561
1495 916
1495 487
1495 5375
1495 3486
1495 2843
6250 6627
6250 1684
6250 453
6250 5236
6250 1408
6250 2428
6250 5346
6250 4729
4581 4605
4581 6301
4581 2249
4581 6241
4913 3138
6724 1506
6724 811
6724 2379
3667 4632
3667 808
3667 722
3667 4523
3805 6666
2717 4971
3096 299
3096 2301
3096 3097
3033 781
5730 179
5730 3708
5730 5585
1682 4410
3083 3651
3083 3725
3230 1658
5228 4031
5228 6958
5228 4409
5228 5615
5228 1348
5228 3221
5228 6596
5228 6062
4907 1088
4907 5140
4907 1889
4907 5319
4907 1641
4907 3066
4907 5429
4907 1805
4907 3961
4907 5657
4907 985
4907 4420
4907 6229
4907 4068
4907 6696
4316 3429
4316 4907
4316 2667
4316 984
3426 236
3426 2083
3426 3576
3426 1890
3426 1347
3426 5650
6757 5914
6757 5009
1736 3000
6251 5900
6251 2716
6251 6595
6251 2254
6251 3283
6251 35
6251 3663
6251 1687
6251 967
6251 352
100 4119
100 3221
100 4729
6203 5096
6203 5524
6203 6152
6203 1962
1622 6882
68 49
68 2354
68 6275
68 3627
68 5905
4455 6531
4455 3696
424 2952
5726 5613
3186 4289
3186 535
3186 4134
3186 1376
3186 4242
3186 5017
3186 1677
3186 5819
3186 3339
4574 2762
4574 3439
4574 478
6910 2911
6910 2351
6910 6184
6910 3268
1806 78
1806 5667
3961 3736
3961 6243
2174 5688
6820 4360
6820 6765
6820 5470
6820 1267
6820 6860
7079 1198
7079 120
7079 2418
6069 143
6069 1559
6069 4863
5554 5368
237 3526
237 6425
237 6590
237 2139
237 5158
237 37
237 1171
237 6463
237 3001
2623 3428
2623 6174
5348 728
6635 192
6635 5344
6635 4426
6635 723
6635 3894
6635 1808
6635 6851
6635 2353
6635 4279
483 7113
1728 3072
1728 7149
3661 5653
113 3736
113 5686
113 5347
113 1465
615 397
6789 6987
3575 1296
3575 3245
297 5022
297 5131
3750 3219
3750 3698
3750 2946
3750 540
2243 6828
5836 3357
5836 6398
2627 3600
2627 887
2627 2457
2627 2528
2745 4858
2745 3193
2745 2736
563 2788
5303 299
5303 7153
5303 6358
5303 3343
3866 3991
3866 6169
3866 1832
3866 6201
3866 4251
3866 5587
1365 3661
6007 2905
6007 3728
6007 729
6007 122
5951 6574
5951 1576
3501 5614
119 1088
119 4706
119 4189
119 1905
119 4928
119 3987
6185 260
6185 1367
6185 1493
6185 3630
6185 3986
6185 4674
6185 551
6185 1405
6185 858
6185 5585
6185 1770
6045 4007
4382 2233
4382 6599
4382 6133
4382 1604
4382 5080
5657 6564
5657 4486
5657 769
5657 1805
5657 2978
5657 6229
6243 3990
6243 3004
6243 7067
6243 1333
6243 49
6243 692
258 5720
6070 6831
6541 6293
6541 5943
6541 6087
3757 1906
3757 5184
3757 4907
3757 2667
3757 3174
7086 5886
2387 2605
2387 538
2387 5228
2387 69
2387 1259
2387 2413
3043 3652
3888 5078
6030 3933
6030 24
6585 3536
3154 2440
395 6947
395 4420
395 4094
395 5078
3627 6662
3627 2948
3627 6787
3627 4905
3627 4686
3627 2710
3627 3674
3627 555
3627 5133
3627 6024
6638 3968
6638 1470
6638 5893
6638 6051
985 171
1871 4230
1871 1171
5822 6060
5822 430
5822 1825
5822 6463
5822 4136
839 2106
839 2139
839 4403
2342 1500
3302 3845
3302 2870
3302 925
1025 5848
1025 1931
1025 4420
1025 6229
5370 5065
5370 4709
4044 5970
4044 1832
988 6971
3785 1723
3785 5622
3785 3894
3785 1687
3785 3221
4954 2025
4954 380
4954 2468
4954 5302
4954 2901
4954 4826
4954 6947
4954 962
4954 2556
4954 2293
4954 6753
725 1876
3920 1030
3920 3941
3920 1428
3920 1952
3920 3212
3920 3132
3920 3343
3920 5016
1549 143
1549 1479
2239 3274
683 3687
1669 4122
1669 6716
4454 2430
5999 6514
5999 4534
5999 229
2921 1062
4181 3011
4181 1495
3341 1100
3341 166
6375 3170
6375 2737
4420 5712
4420 1725
4420 3401
4420 6448
4420 2901
4420 6947
4420 1095
4420 2065
4420 7062
3494 6511
3494 1428
3494 2861
1379 4558
555 3243
555 2180
555 5122
555 261
555 4908
555 4895
555 6487
4653 1157
4653 6852
4653 2609
4653 4574
5996 5955
5996 1624
5996 4615
5996 1973
5996 5080
5996 6792
2689 5436
2689 6288
6924 6282
6924 323
1841 5456
1841 6211
3928 5339
3928 323
3928 2675
3928 1364
3928 3723
3928 378
3928 3183
3928 4316
5309 179
1911 4575
1911 1559
1911 2576
1911 987
1911 2730
975 4982
975 6178
975 3068
975 3890
2771 1396
2771 1347
2771 5650
4757 342
4757 5480
4470 3816
3105 2205
6574 1986
6574 2973
5548 2015
5548 2507
5548 6721
5548 417
5548 1735
5548 2293
5548 2219
5548 1646
5548 5296
131 3075
4317 3828
4317 3708
1249 2946
1249 540
1399 2788
1399 3245
1399 6435
6336 1390
3984 3004
3984 1333
3984 6464
3984 5005
2044 4471
2044 463
2044 2053
2044 992
2044 4928
2044 634
2044 356
2044 3987
5902 4559
5902 3068
890 2373
890 2595
890 4536
