5829 5093
3868 764
1088 4196
1088 5893
2708 2584
3600 3679
3600 7153
3600 3343
3624 3040
3624 4823
2938 6933
6516 6890
5 1604
3016 1828
1390 1463
6815 517
4026 2034
4452 6054
4452 5220
6523 430
1633 1852
5045 4908
5857 5368
71 6650
4416 4360
4416 5710
1346 3167
6149 4872
3937 4863
2948 4823
6166 2375
143 1562
4820 58
4820 5368
4820 1562
4820 6768
1559 1562
1559 3520
2905 2888
2905 5886
6714 916
5094 5712
236 6863
236 2388
2320 1562
3021 6650
3021 4823
3507 3943
3375 58
3845 398
84 4471
7111 5914
4134 3075
6530 58
1693 3000
4469 6185
76 6885
4722 764
4722 1125
5368 1562
5368 4863
3525 5886
6003 2888
6003 5886
6003 3920
6003 3943
6003 1240
3631 4360
3631 4095
323 4196
323 5893
2233 1604
3651 1976
2028 750
5555 3357
5555 1635
6371 5893
5953 575
2650 750
6682 764
3402 4863
46 6650
758 6493
758 5884
4398 3679
5393 4596
4028 3097
4321 473
3729 2888
3729 3943
956 1562
956 3520
5761 58
5379 5991
2958 912
2083 6342
680 3342
1364 2463
3848 4652
3330 3600
3330 3679
3330 7153
5557 3560
7142 5893
4171 5857
6602 6650
6602 4823
4647 5955
6686 3040
6581 4355
624 275
624 3167
1813 430
2868 541
7010 4634
7010 2832
7010 556
2529 3090
3121 1808
617 4863
5803 6342
4128 3274
5806 5937
4936 236
5798 4943
5798 6863
5798 2220
5798 3005
5798 5127
5798 2388
4598 2991
6328 4863
1905 4196
3373 6650
3373 3620
3373 4823
1650 1930
1650 7057
1275 418
1275 5241
5586 1562
4537 3357
4537 575
3140 1463
1783 210
1783 431
479 398
1474 6909
2034 3342
4242 5017
2471 4872
4473 4863
5993 430
5605 2707
589 3058
6666 3040
6666 4823
6603 5093
6129 2888
6129 5886
6129 3943
6129 1240
3716 6632
3756 5449
1913 4908
704 4596
5877 3011
5877 1677
125 4897
4324 4394
340 6024
804 6650
832 764
832 575
832 1125
3041 4709
860 5065
6288 5864
6917 6142
6917 6024
6917 3620
6023 7153
378 5893
378 2463
4905 3486
4108 3618
1029 4295
4770 6818
6018 3679
6667 3943
5662 5914
337 2475
2851 2553
2691 5045
5019 2812
2126 4527
2126 857
5724 4396
5724 4839
5724 171
3183 210
4746 2471
6901 4394
4646 6843
1172 2496
1172 1586
877 517
303 3011
303 1677
2156 58
4674 236
1396 6342
4861 1562
4352 4823
1765 4527
634 2860
1562 3520
1180 325
551 3849
4680 575
2578 430
2578 6463
4569 5158
387 6291
5398 3343
4536 5955
4536 1488
4536 1776
353 6650
2383 2888
2383 5886
341 2475
3011 5819
2130 6185
2417 4295
2417 750
649 5334
4091 2463
6256 5900
3896 3000
3163 3090
723 3908
1583 1974
1583 5864
358 3935
1013 3274
3674 2180
575 4680
5202 5955
5202 1488
5202 1776
6965 1125
4046 5200
6227 764
6979 764
6437 1706
6437 6781
6437 5720
4724 5357
6244 5437
6244 1655
5614 2568
3334 5864
2043 721
5223 5712
23 6776
2848 4596
15 4527
5244 3000
954 2669
954 4410
954 6201
954 296
3340 17
3340 4622
5917 1267
2016 5724
3663 2293
1426 1894
5747 541
4170 2359
5228 3090
4907 6564
4907 1455
4907 3429
4316 5893
4316 6051
4316 3068
4455 3342
424 1409
424 2781
5303 2475
6185 6908
6541 1562
3757 4239
3757 4928
491 3274
3920 2888
3920 5886
3920 3943
3920 1240
555 2474
555 7098
6924 5893
890 2888
890 5886
485 1687
4650 3048
1479 58
3671 5937
6439 1852
6704 541
6005 5017
5212 6781
5212 5720
6337 1267
4049 541
3212 5955
3212 1488
2816 5893
1320 58
186 3274
6086 2187
1095 3401
1095 4389
5959 6356
6024 6516
5742 3090
1117 6909
2360 6632
5206 430
1347 6342
1592 3943
7171 6778
3071 4739
1000 5893
1000 6051
1000 3068
590 6511
590 7153
64 2805
64 4143
64 6772
4342 764
741 0
2755 430
5340 430
6788 2475
7083 4863
921 6342
2737 5893
4400 4596
7030 3679
3432 6937
5028 1852
443 3679
4608 837
5371 4239
5371 4928
3620 6650
3620 6024
3620 4823
1046 4622
6058 2254
3696 3068
5843 2553
5243 431
3099 721
5588 5893
4213 2493
5169 5924
3900 0
3089 3343
1408 4704
1876 5893
459 5328
459 6917
459 3560
459 6024
2428 2707
1656 4339
1635 97
371 3068
6036 5886
4817 1828
3553 3848
4114 1828
4114 325
4863 5572
3962 4824
3962 7095
4019 3679
3040 4129
4012 6768
6521 5886
5267 750
1223 584
1223 5955
1223 1488
5559 5886
735 2669
735 4410
735 3068
5549 5822
5721 3730
5721 2493
5721 509
5721 1567
5721 5211
1497 541
5219 6368
5219 424
1131 826
2062 2607
6835 1238
3484 5456
1604 3620
2379 5914
3157 1776
2144 1479
6027 3560
3068 3415
3068 3582
3068 1995
2413 3098
5373 5886
6146 6853
3649 3560
431 326
1999 5710
40 3832
101 4739
101 4872
3339 3075
3125 3011
7443 7256
7443 7406
7443 7321
7443 7402
7443 7250
7443 7393
7443 7263
7443 7429
7203 7285
7203 7184
7203 7456
7203 7218
7203 7282
7203 7406
7203 7441
7203 7355
7203 7348
7203 7262
7203 7368
7203 7339
7293 7416
7293 7445
7293 7339
7381 7216
7244 7445
7255 7412
7255 7216
7255 7270
7255 7441
7255 7201
7255 7252
7255 7368
7196 7395
7196 7339
7277 7216
7277 7385
7277 7273
7304 7445
7318 7445
7438 7443
7438 7462
7438 7406
7235 7185
7235 7339
7190 7412
7190 7395
7190 7270
7190 7456
7190 7218
7190 7416
7190 7441
7190 7262
7190 7368
7190 7339
7373 7309
7373 7327
7373 7397
7373 7458
7373 7257
7383 7246
7398 7227
7398 7408
7398 7448
7364 7395
7364 7280
7364 7206
7364 7291
7364 7409
7364 7339
7186 7187
7186 7429
7333 7278
7333 7298
7333 7448
7453 7429
7223 7293
7223 7412
7223 7456
7223 7218
7223 7416
7223 7441
7223 7361
7223 7262
7223 7368
7223 7339
7209 7293
7209 7285
7209 7453
7209 7465
7209 7184
7209 7288
7209 7216
7209 7456
7209 7218
7209 7188
7209 7222
7209 7416
7209 7247
7209 7283
7209 7427
7209 7421
7209 7385
7209 7445
7209 7329
7209 7451
7209 7367
7209 7262
7209 7368
7209 7339
7209 7429
7376 7443
7376 7438
7376 7316
7376 7462
7376 7406
7376 7321
7376 7400
7376 7455
7376 7402
7376 7421
7376 7250
7376 7393
7376 7263
7376 7310
7376 7448
7303 7185
7303 7339
7350 7309
7350 7257
7410 7293
7410 7285
7410 7184
7410 7216
7410 7456
7410 7218
7410 7188
7410 7222
7410 7416
7410 7441
7410 7283
7410 7267
7410 7421
7410 7385
7410 7445
7410 7329
7410 7300
7410 7451
7410 7262
7410 7368
7410 7339
7410 7429
7316 7443
7316 7406
7316 7321
7465 7293
7465 7184
7465 7218
7465 7222
7465 7416
7465 7441
7465 7446
7465 7283
7465 7445
7465 7368
7465 7429
7198 7246
7288 7186
7288 7441
7288 7446
7288 7367
7288 7429
7408 7232
7269 7184
7269 7216
7269 7456
7269 7389
7269 7218
7269 7188
7269 7222
7269 7416
7269 7365
7269 7282
7269 7406
7269 7441
7269 7247
7269 7402
7269 7355
7269 7421
7269 7348
7269 7353
7269 7445
7269 7329
7269 7367
7269 7262
7269 7368
7269 7339
7269 7429
7336 7256
7336 7448
7314 7214
7314 7441
7314 7451
7332 7285
7332 7412
7332 7216
7332 7270
7332 7456
7332 7218
7332 7441
7332 7201
7332 7252
7332 7262
7332 7368
7332 7191
7332 7339
7212 7333
7212 7256
7212 7278
7212 7433
7212 7347
7287 7395
7287 7280
7287 7206
7287 7291
7287 7339
7371 7255
7371 7285
7371 7412
7371 7227
7371 7216
7371 7270
7371 7456
7371 7256
7371 7294
7371 7218
7371 7188
7371 7441
7371 7284
7371 7320
7371 7201
7371 7252
7371 7385
7371 7239
7371 7219
7371 7262
7371 7368
7371 7191
7371 7339
7371 7204
7452 7348
7437 7192
7437 7429
7450 7293
7450 7412
7450 7395
7450 7186
7450 7223
7450 7184
7450 7216
7450 7270
7450 7456
7450 7362
7450 7218
7450 7188
7450 7441
