7352 7252
7352 7385
7352 7414
7352 7442
7352 7347
7352 7370
7352 7257
7352 7200
7352 7391
7352 7262
7352 7368
7352 7313
7352 7396
7352 7339
7352 7374
7352 7317
7415 7443
7415 7244
7415 7196
7415 7187
7415 7186
7415 7205
7415 7376
7415 7341
7415 7465
7415 7288
7415 7437
7415 7403
7415 7463
7415 7389
7415 7281
7415 7224
7415 7188
7415 7258
7415 7208
7415 7433
7415 7226
7415 7290
7415 7229
7415 7334
7415 7417
7415 7236
7415 7446
7415 7320
7415 7351
7415 7267
7415 7194
7415 7322
7415 7323
7415 7201
7415 7252
7415 7385
7415 7308
7415 7442
7415 7379
7415 7458
7415 7200
7415 7367
7415 7219
7415 7393
7415 7396
7415 7352
7415 7422
7232 7426
7232 7293
7232 7190
7232 7309
7232 7437
7232 7447
7232 7432
7232 7301
7232 7197
7232 7362
7232 7188
7232 7327
7232 7215
7232 7272
7232 7283
7232 7185
7232 7335
7232 7354
7232 7315
7232 7295
7232 7299
7232 7267
7232 7291
7232 7363
7232 7323
7232 7225
7232 7349
7232 7367
7232 7369
7346 7293
7346 7193
7346 7412
7346 7333
7346 7453
7346 7223
7346 7288
7346 7287
7346 7447
7346 7279
7346 7274
7346 7380
7346 7378
7346 7222
7346 7208
7346 7192
7346 7454
7346 7226
7346 7247
7346 7236
7346 7284
7346 7185
7346 7354
7346 7402
7346 7267
7346 7194
7346 7291
7346 7201
7346 7252
7346 7257
7346 7260
7346 7262
7346 7368
7346 7263
7346 7401
7339 7381
7339 7304
7339 7438
7339 7235
7339 7398
7339 7205
7339 7376
7339 7316
7339 7184
7339 7212
7339 7287
7339 7452
7339 7301
7339 7389
7339 7326
7339 7294
7339 7224
7339 7213
7339 7214
7339 7418
7339 7430
7339 7454
7339 7358
7339 7397
7339 7319
7339 7266
7339 7254
7339 7284
7339 7413
7339 7351
7339 7315
7339 7265
7339 7423
7339 7385
7339 7329
7339 7464
7339 7352
7339 7415
7339 7346
7339 7461
7339 7317
7339 7199
7369 7424
7369 7187
7369 7190
7369 7309
7369 7223
7369 7465
7369 7184
7369 7447
7369 7403
7369 7226
7369 7397
7369 7215
7369 7272
7369 7283
7369 7185
7369 7411
7369 7351
7369 7291
7369 7322
7369 7388
7369 7349
7369 7257
7369 7440
7369 7422
7401 7426
7401 7381
7401 7277
7401 7318
7401 7453
7401 7303
7401 7410
7401 7184
7401 7302
7401 7230
7401 7301
7401 7463
7401 7279
7401 7240
7401 7419
7401 7280
7401 7325
7401 7224
7401 7222
7401 7340
7401 7324
7401 7231
7401 7338
7401 7334
7401 7206
7401 7361
7401 7357
7401 7384
7401 7299
7401 7276
7401 7194
7401 7291
7401 7409
7401 7322
7401 7363
7401 7344
7401 7348
7401 7404
7401 7275
7401 7353
7401 7252
7401 7445
7401 7329
7401 7431
7401 7253
7401 7349
7401 7300
7401 7451
7401 7260
7401 7457
7401 7273
7401 7262
7401 7440
7401 7191
7401 7263
7401 7232
7401 7422
7401 7199
7204 7205
7204 7303
7204 7465
7204 7288
7204 7251
7204 7331
7204 7301
7204 7345
7204 7325
7204 7359
7204 7418
7204 7340
7204 7258
7204 7365
7204 7327
7204 7272
7204 7375
7204 7238
7204 7206
7204 7413
7204 7185
7204 7411
7204 7351
7204 7296
7204 7409
7204 7363
7204 7344
7204 7221
7204 7388
7204 7464
7204 7451
7204 7396
7204 7374
7204 7435
7204 7311
7271 7293
7271 7381
7271 7196
7271 7318
7271 7190
7271 7412
7271 7309
7271 7341
7271 7303
7271 7410
7271 7184
7271 7288
7271 7302
7271 7408
7271 7437
7271 7301
7271 7197
7271 7463
7271 7389
7271 7419
7271 7362
7271 7380
7271 7280
7271 7359
7271 7224
7271 7188
7271 7340
7271 7258
7271 7433
7271 7454
7271 7397
7271 7215
7271 7342
7271 7247
7271 7261
7271 7206
7271 7217
7271 7411
7271 7357
7271 7384
7271 7322
7271 7323
7271 7275
7271 7385
7271 7431
7271 7308
7271 7349
7271 7442
7271 7434
7271 7248
7271 7260
7271 7210
7271 7367
7271 7262
7271 7440
7271 7191
7271 7396
7271 7232
7271 7204
7271 7199
7310 7203
7310 7424
7310 7255
7310 7304
7310 7383
7310 7364
7310 7205
7310 7209
7310 7410
7310 7269
7310 7336
7310 7314
7310 7331
7310 7371
7310 7452
7310 7403
7310 7281
7310 7224
7310 7378
7310 7213
7310 7258
7310 7436
7310 7233
7310 7430
7310 7365
7310 7425
7310 7358
7310 7372
7310 7356
7310 7272
7310 7335
7310 7315
7310 7267
7310 7423
7310 7404
7310 7388
7310 7289
7310 7439
7310 7396
7310 7415
7310 7346
7310 7461
7310 7312
7310 7311
7310 7317
7310 7199
7461 7426
7461 7304
7461 7285
7461 7412
7461 7186
7461 7205
7461 7465
7461 7227
7461 7230
7461 7216
7461 7197
7461 7456
7461 7274
7461 7419
7461 7188
7461 7192
7461 7321
7461 7375
7461 7231
7461 7441
7461 7342
7461 7247
7461 7261
7461 7417
7461 7264
7461 7320
7461 7283
7461 7411
7461 7354
7461 7315
7461 7427
7461 7194
7461 7344
7461 7323
7461 7201
7461 7250
7461 7329
7461 7289
7461 7300
7461 7451
7461 7248
7461 7262
7461 7191
7461 7310
7461 7311
7374 7304
7374 7190
7374 7184
7374 7216
7374 7197
7374 7281
7374 7362
7374 7325
7374 7188
7374 7327
7374 7220
7374 7226
7374 7356
7374 7272
7374 7342
7374 7206
7374 7360
7374 7236
7374 7185
7374 7351
7374 7363
7374 7344
7374 7323
7374 7225
7374 7257
7374 7396
7374 7435
7429 7426
7429 7381
7429 7190
7429 7223
7429 7205
7429 7341
7429 7465
7429 7447
7429 7216
7429 7345
7429 7456
7429 7281
7429 7436
7429 7220
7429 7356
7429 7375
7429 7247
7429 7334
7429 7211
7429 7354
7429 7315
7429 7267
7429 7409
7429 7423
7429 7363
7429 7250
7429 7189
7429 7385
7429 7329
7429 7388
7429 7289
7429 7439
7429 7210
7429 7440
7429 7202
7435 7375
7435 7283
7435 7411
7435 7351
7435 7344
7435 7300
7435 7393
7312 7255
7312 7304
7312 7333
7312 7184
7312 7437
7312 7301
7312 7234
7312 7197
7312 7463
7312 7456
7312 7362
7312 7280
7312 7218
7312 7188
7312 7192
7312 7433
7312 7282
7312 7324
7312 7397
7312 7392
7312 7195
7312 7261
7312 7206
7312 7185
7312 7335
7312 7402
7312 7291
7312 7409
7312 7322
7312 7355
7312 7363
7312 7250
7312 7308
7312 7442
7312 7434
7312 7245
7312 7379
7312 7248
7312 7200
7312 7367
7312 7393
7312 7262
7312 7263
7312 7415
7312 7401
7312 7374
7312 7317
7448 7381
7448 7235
7448 7193
7448 7350
7448 7184
7448 7287
7448 7452
7448 7328
7448 7456
7448 7389
7448 7326
7448 7258
7448 7192
7448 7327
7448 7238
7448 7338
7448 7247
7448 7206
7448 7207
7448 7276
7448 7382
7448 7267
7448 7322
7448 7404
7448 7225
7448 7439
7448 7273
7448 7415
7448 7346
7448 7435
7448 7202
7422 7293
7422 7255
7422 7196
7422 7277
7422 7304
7422 7190
7422 7309
7422 7209
7422 7301
7422 7234
7422 7389
7422 7274
7422 7325
7422 7359
7422 7294
7422 7377
7422 7305
7422 7258
7422 7233
7422 7226
7422 7397
7422 7400
7422 7342
7422 7247
7422 7334
7422 7206
7422 7217
7422 7283
7422 7411
7422 7315
7422 7295
7422 7276
7422 7267
7422 7275
7422 7252
7422 7225
7422 7253
7422 7442
7422 7289
7422 7379
7422 7300
7422 7347
7422 7257
7422 7260
7422 7457
7422 7273
7422 7367
7422 7286
7422 7440
7422 7232
7422 7374
7311 7277
7311 7304
7311 7318
7311 7341
7311 7302
7311 7332
7311 7230
7311 7240
7311 7325
7311 7399
7311 7306
7311 7213
7311 7340
7311 7208
7311 7327
7311 7272
7311 7330
7311 7266
7311 7342
7311 7417
7311 7357
7311 7299
7311 7259
7311 7265
7311 7409
7311 7363
7311 7250
7311 7404
7311 7189
7311 7431
7311 7308
7311 7390
7311 7253
7311 7349
7311 7434
7311 7289
7311 7370
7311 7260
7311 7393
7311 7310
7311 7199
7202 7426
7202 7381
7202 7341
7202 7465
7202 7222
7202 7233
7202 7356
7202 7215
7202 7247
7202 7417
7202 7283
7202 7295
7202 7299
7202 7323
7202 7250
7202 7225
7202 7445
7202 7329
7202 7451
7202 7369
7202 7435
7317 7443
7317 7203
7317 7424
7317 7255
7317 7336
7317 7314
7317 7230
7317 7197
7317 7403
7317 7389
7317 7294
7317 7377
7317 7188
7317 7192
7317 7278
7317 7226
7317 7272
7317 7261
7317 7229
7317 7206
7317 7236
7317 7320
7317 7357
7317 7354
7317 7315
7317 7295
7317 7322
7317 7201
7317 7252
7317 7225
7317 7385
7317 7442
7317 7379
7317 7393
7317 7440
7317 7263
7199 7196
7199 7190
7199 7309
7199 7223
7199 7465
7199 7408
7199 7336
7199 7437
7199 7279
7199 7281
7199 7240
7199 7380
7199 7377
7199 7246
7199 7462
7199 7208
7199 7416
7199 7433
7199 7282
7199 7220
7199 7272
7199 7231
7199 7290
7199 7455
7199 7247
7199 7261
7199 7334
7199 7206
7199 7417
7199 7254
7199 7361
7199 7283
7199 7459
7199 7354
7199 7315
7199 7194
7199 7409
7199 7355
7199 7344
7199 7225
7199 7445
7199 7329
7199 7390
7199 7434
7199 7379
7199 7300
7199 7451
7199 7458
7199 7393
7199 7440
7199 7191
7199 7232
7199 7346
7199 7310
7199 7435
7444 7412
7444 7186
7444 7333
7444 7453
7444 7184
7444 7227
7444 7288
7444 7450
7444 7279
7444 7240
7444 7380
7444 7218
7444 7306
7444 7188
7444 7416
7444 7215
7444 7321
7444 7330
7444 7290
7444 7361
7444 7394
7444 7284
7444 7185
7444 7357
7444 7402
7444 7427
7444 7194
7444 7265
7444 7421
7444 7250
7444 7385
7444 7442
7444 7239
7444 7260
7444 7273
7444 7367
7444 7368
7444 7191
7444 7263
7444 7232
