7397 7367
7397 7219
7397 7393
7397 7401
7356 7424
7356 7447
7356 7274
7356 7272
7356 7315
7356 7299
7356 7250
7356 7329
7356 7451
7356 7435
7215 7410
7215 7184
7215 7437
7215 7216
7215 7345
7215 7280
7215 7188
7215 7222
7215 7324
7215 7342
7215 7247
7215 7195
7215 7261
7215 7357
7215 7194
7215 7322
7215 7201
7215 7348
7215 7445
7215 7390
7215 7368
7215 7401
7215 7435
7272 7443
7272 7438
7272 7235
7272 7205
7272 7316
7272 7432
7272 7213
7272 7428
7272 7462
7272 7233
7272 7425
7272 7356
7272 7400
7272 7238
7272 7299
7272 7259
7272 7379
7272 7248
7272 7312
7272 7422
7321 7187
7321 7186
7321 7230
7321 7419
7321 7337
7321 7407
7321 7236
7321 7344
7321 7385
7321 7262
7321 7369
7321 7422
7330 7376
7330 7227
7330 7251
7330 7212
7330 7380
7330 7306
7330 7213
7330 7214
7330 7208
7330 7433
7330 7425
7330 7372
7330 7231
7330 7185
7330 7259
7330 7363
7330 7404
7330 7442
7330 7393
7330 7191
7330 7401
7330 7310
7330 7199
7392 7187
7392 7186
7392 7227
7392 7408
7392 7216
7392 7256
7392 7306
7392 7208
7392 7406
7392 7226
7392 7321
7392 7441
7392 7290
7392 7236
7392 7446
7392 7295
7392 7299
7392 7265
7392 7250
7392 7239
7375 7203
7375 7187
7375 7285
7375 7309
7375 7223
7375 7341
7375 7465
7375 7227
7375 7197
7375 7279
7375 7280
7375 7325
7375 7377
7375 7305
7375 7340
7375 7208
7375 7192
7375 7365
7375 7327
7375 7454
7375 7266
7375 7236
7375 7351
7375 7194
7375 7322
7375 7344
7375 7201
7375 7221
7375 7289
7375 7370
7375 7239
7375 7257
7375 7219
7375 7191
7375 7435
7319 7381
7319 7187
7319 7318
7319 7184
7319 7301
7319 7279
7319 7387
7319 7274
7319 7419
7319 7362
7319 7280
7319 7208
7319 7278
7319 7433
7319 7282
7319 7327
7319 7454
7319 7397
7319 7215
7319 7392
7319 7195
7319 7206
7319 7217
7319 7320
7319 7384
7319 7427
7319 7265
7319 7363
7319 7344
7319 7275
7319 7385
7319 7308
7319 7253
7319 7442
7343 7196
7343 7304
7343 7285
7343 7412
7343 7383
7343 7398
7343 7309
7343 7333
7343 7453
7343 7223
7343 7279
7343 7387
7343 7305
7343 7337
7343 7446
7343 7283
7343 7185
7343 7355
7343 7298
7343 7363
7343 7353
7343 7257
7400 7381
7400 7244
7400 7196
7400 7190
7400 7309
7400 7205
7400 7184
7400 7301
7400 7387
7400 7362
7400 7306
7400 7258
7400 7454
7400 7324
7400 7397
7400 7215
7400 7342
7400 7195
7400 7206
7400 7284
7400 7384
7400 7276
7400 7323
7400 7275
7400 7349
7400 7379
7400 7457
7400 7396
7400 7435
7449 7293
7449 7196
7449 7333
7449 7453
7449 7279
7449 7256
7449 7337
7449 7433
7449 7375
7449 7290
7449 7338
7449 7394
7449 7446
7449 7185
7449 7355
7449 7348
7449 7390
7449 7370
7449 7239
7449 7210
7449 7200
7449 7368
7449 7232
7407 7424
7407 7274
7407 7233
7407 7226
7407 7215
7407 7247
7407 7236
7407 7295
7407 7344
7407 7451
7238 7196
7238 7318
7238 7190
7238 7465
7238 7184
7238 7227
7238 7279
7238 7380
7238 7246
7238 7214
7238 7340
7238 7192
7238 7433
7238 7324
7238 7330
7238 7247
7238 7394
7238 7320
7238 7411
7238 7265
7238 7291
7238 7421
7238 7363
7238 7250
7238 7225
7238 7385
7238 7253
7238 7300
7238 7347
7238 7210
7238 7367
7238 7393
7238 7263
7238 7204
7231 7381
7231 7186
7231 7437
7231 7240
7231 7305
7231 7188
7231 7222
7231 7375
7231 7266
7231 7342
7231 7236
7231 7320
7231 7411
7231 7357
7231 7354
7231 7427
7231 7421
7231 7250
7231 7353
7231 7385
7231 7200
7231 7219
7266 7293
7266 7304
7266 7398
7266 7333
7266 7223
7266 7302
7266 7216
7266 7456
7266 7280
7266 7208
7266 7337
7266 7433
7266 7195
7266 7417
7266 7283
7266 7357
7266 7384
7266 7427
7266 7296
7266 7355
7266 7344
7266 7201
7266 7250
7266 7353
7266 7379
7266 7300
7266 7347
7266 7457
7266 7200
7266 7286
7266 7219
7266 7368
7266 7401
7441 7341
7441 7184
7441 7197
7441 7403
7441 7274
7441 7362
7441 7280
7441 7188
7441 7215
7441 7375
7441 7407
7441 7417
7441 7411
7441 7335
7441 7315
7441 7295
7441 7344
7441 7445
7441 7451
7441 7396
7441 7435
7342 7426
7342 7288
7342 7215
7342 7421
7342 7286
7290 7424
7290 7381
7290 7309
7290 7341
7290 7288
7290 7270
7290 7306
7290 7192
7290 7233
7290 7282
7290 7454
7290 7357
7290 7427
7290 7194
7290 7201
7290 7385
7290 7445
7290 7349
7290 7368
7290 7191
7290 7232
7290 7339
7290 7204
7290 7422
7455 7293
7455 7196
7455 7333
7455 7184
7455 7408
7455 7419
7455 7362
7455 7280
7455 7377
7455 7433
7455 7324
7455 7334
7455 7236
7455 7322
7455 7201
7455 7385
7455 7445
7455 7253
7455 7379
7455 7347
7455 7248
7455 7257
7455 7260
7455 7219
7455 7232
7455 7401
7455 7204
7455 7374
7338 7196
7338 7285
7338 7186
7338 7333
7338 7216
7338 7456
7338 7279
7338 7280
7338 7325
7338 7433
7338 7343
7338 7290
7338 7247
7338 7185
7338 7363
7338 7201
7338 7353
7338 7347
7338 7370
7338 7262
7338 7368
7338 7232
7338 7401
7338 7429
7247 7362
7247 7188
7195 7381
7195 7190
7195 7465
7195 7184
7195 7302
7195 7269
7195 7389
7195 7281
7195 7433
7195 7327
7195 7272
7195 7330
7195 7392
7195 7334
7195 7315
7195 7384
7195 7267
7195 7423
7195 7275
7195 7252
7195 7225
7195 7434
7195 7289
7195 7435
7195 7422
7261 7293
7261 7223
7261 7341
7261 7288
7261 7456
7261 7362
7261 7188
7261 7436
7261 7226
7261 7247
7261 7283
7261 7411
7261 7267
7261 7221
7261 7289
7261 7300
7261 7367
7261 7286
7261 7262
7261 7435
7229 7190
7229 7309
7229 7184
7229 7288
7229 7463
7229 7389
7229 7362
7229 7377
7229 7188
7229 7324
7229 7284
7229 7320
7229 7267
7229 7323
7229 7201
7229 7275
7229 7347
7229 7248
7229 7257
7229 7210
7229 7367
7229 7219
7334 7456
7334 7192
7334 7445
7334 7435
7206 7262
7417 7395
7417 7186
7417 7341
7417 7230
7417 7416
7417 7192
7417 7261
7417 7379
7417 7286
7360 7424
7360 7340
7360 7272
7360 7411
7360 7315
7360 7295
7360 7323
7360 7329
7360 7210
7264 7447
7211 7426
7211 7190
7211 7223
7211 7302
7211 7447
7211 7274
7211 7278
7211 7337
7211 7321
7211 7261
7211 7354
7211 7194
7211 7289
7211 7260
7211 7191
7211 7263
7211 7204
7254 7187
7254 7288
7254 7302
7254 7270
7254 7197
7254 7279
7254 7188
7254 7258
7254 7433
7254 7454
7254 7330
7254 7392
7254 7206
7254 7427
7254 7265
7254 7363
7254 7201
7254 7275
7254 7353
7254 7385
7254 7445
7254 7431
7254 7308
7254 7253
7254 7442
7254 7248
7254 7210
7254 7367
7254 7396
7254 7232
7254 7401
7254 7204
7361 7274
7361 7280
7361 7291
7361 7369
7207 7187
7207 7190
7207 7395
7207 7437
7207 7380
7207 7321
7207 7231
7207 7446
7207 7295
7207 7194
7207 7250
7207 7225
7207 7393
7207 7263
7394 7293
7394 7277
7394 7302
7394 7437
7394 7450
7394 7419
7394 7218
7394 7208
7394 7324
7394 7330
7394 7231
7394 7266
7394 7247
7394 7261
7394 7283
7394 7357
7394 7384
7394 7431
7394 7457
7394 7367
7394 7368
7394 7396
7236 7426
7236 7293
7236 7190
7236 7412
7236 7450
7236 7279
7236 7380
7236 7280
7236 7325
7236 7306
7236 7188
7236 7397
7236 7392
7236 7342
7236 7195
7236 7261
7236 7357
7236 7315
7236 7344
7236 7442
7236 7300
7236 7440
7236 7191
7284 7251
7284 7432
7284 7301
7284 7197
7284 7403
7284 7419
7284 7280
7284 7213
7284 7425
7284 7375
7284 7342
7284 7417
7284 7411
7284 7295
7284 7259
7284 7267
7284 7409
7284 7275
7284 7388
7284 7349
7284 7257
7284 7263
7284 7396
7217 7412
7217 7309
7217 7227
7217 7288
7217 7408
7217 7216
7217 7403
7217 7456
7217 7279
7217 7362
7217 7324
7217 7407
7217 7411
7217 7459
7217 7354
7217 7427
7217 7409
7217 7344
7217 7219
7217 7262
7217 7191
7217 7263
7217 7369
7217 7204
7217 7448
7297 7318
7297 7227
7297 7463
7297 7419
7297 7278
7297 7375
7297 7231
7297 7266
7297 7394
7297 7283
7297 7351
7297 7194
7297 7390
7297 7300
7297 7370
7297 7191
7297 7232
7446 7424
7446 7196
7446 7285
7446 7216
7446 7197
7446 7345
7446 7279
7446 7274
7446 7419
7446 7380
7446 7305
7446 7246
7446 7416
7446 7192
7446 7278
7446 7337
7446 7356
7446 7407
7446 7195
7446 7427
7446 7250
7446 7239
7446 7367
7446 7368
7413 7381
7413 7412
7413 7186
7413 7333
7413 7453
7413 7227
7413 7302
7413 7251
7413 7450
7413 7274
7413 7362
7413 7256
7413 7208
7413 7192
7413 7272
7413 7321
7413 7446
7413 7320
7413 7459
7413 7354
7413 7427
7413 7194
7413 7201
7413 7250
7413 7221
7413 7253
7413 7300
7413 7191
7413 7435
7320 7412
7320 7184
7320 7332
7320 7279
7320 7280
7320 7213
7320 7428
7320 7208
7320 7433
7320 7231
7320 7206
7320 7357
7320 7315
7320 7189
7320 7308
7320 7390
7320 7439
7320 7451
7320 7260
7320 7191
7320 7199
7283 7216
7283 7188
7283 7275
7283 7393
7283 7440
7283 7396
7185 7438
7185 7383
7185 7398
7185 7205
7185 7209
7185 7341
7185 7269
7185 7212
7185 7331
7185 7371
7185 7447
7185 7234
7185 7213
7185 7258
7185 7220
7185 7334
7185 7211
7185 7189
7185 7221
7185 7289
7185 7379
7185 7248
7185 7286
7185 7415
7185 7312
7185 7317
7411 7244
7411 7318
7411 7412
7411 7465
7411 7408
7411 7450
7411 7270
7411 7197
7411 7403
7411 7389
7411 7380
7411 7256
7411 7377
7411 7305
7411 7306
7411 7226
7411 7266
7411 7195
7411 7185
7411 7459
7411 7357
7411 7299
7411 7194
7411 7322
7411 7298
7411 7289
7411 7393
7411 7232
7459 7192
7459 7337
7459 7261
7459 7427
7459 7445
7459 7200
7459 7368
7357 7371
7357 7447
7357 7456
7357 7362
7357 7218
7357 7192
7357 7185
7357 7421
7357 7385
7357 7393
7357 7440
7357 7429
7335 7424
7335 7309
7335 7408
7335 7251
7335 7371
7335 7403
7335 7387
7335 7214
7335 7454
7335 7215
7335 7272
7335 7392
7335 7342
7335 7394
7335 7217
7335 7299
7335 7194
7335 7291
7335 7363
7335 7275
7335 7221
7335 7308
7335 7442
7335 7289
7335 7464
7335 7396
7335 7310
7335 7199
7354 7325
7354 7340
7354 7215
7354 7275
7351 7187
7351 7285
7351 7412
7351 7395
7351 7453
7351 7341
7351 7184
7351 7270
7351 7197
7351 7256
7351 7406
7351 7226
7351 7195
7351 7236
7351 7427
7351 7253
7351 7379
7351 7239
7351 7219
7351 7191
7315 7285
7315 7333
7315 7301
7315 7403
7315 7456
7315 7380
7315 7416
7315 7192
7315 7337
7315 7226
7315 7446
7315 7421
7315 7323
7315 7300
7315 7368
7315 7435
7402 7255
7402 7209
7402 7410
7402 7465
7402 7269
7402 7314
7402 7234
7402 7403
7402 7389
7402 7387
7402 7359
7402 7365
7402 7400
7402 7407
7402 7413
7402 7335
7402 7315
7402 7423
7402 7189
7402 7308
7402 7439
7402 7370
7402 7451
7402 7396
7402 7317
7384 7424
7384 7190
7384 7309
7384 7302
7384 7230
7384 7403
7384 7387
7384 7325
7384 7377
7384 7340
7384 7324
7384 7226
7384 7397
7384 7272
7384 7330
7384 7407
7384 7266
7384 7342
7384 7290
7384 7334
7384 7320
7384 7354
7384 7295
7384 7267
7384 7409
7384 7201
7384 7275
7384 7225
7384 7434
7384 7396
7384 7312
7295 7412
7295 7395
7295 7227
7295 7450
7295 7216
7295 7380
7295 7192
7295 7337
7295 7433
7295 7327
7295 7231
7295 7247
7295 7206
7295 7291
7295 7322
7295 7363
7295 7300
7295 7257
7295 7260
7295 7368
7299 7426
7299 7341
7299 7280
7299 7422
7276 7443
7276 7309
7276 7227
7276 7230
7276 7301
7276 7274
7276 7240
7276 7362
7276 7222
7276 7416
7276 7337
7276 7433
7276 7282
7276 7392
7276 7231
7276 7290
7276 7185
7276 7409
7276 7298
7276 7225
7276 7445
7276 7329
7276 7300
7276 7257
7276 7191
7276 7310
7382 7197
7382 7274
7382 7441
7382 7283
7382 7385
7259 7412
7259 7223
7259 7227
7259 7450
7259 7447
7259 7403
7259 7274
7259 7222
7259 7337
7259 7433
7259 7226
7259 7321
7259 7261
7259 7361
7259 7446
7259 7411
7259 7267
7259 7421
7259 7434
7259 7289
7259 7300
7259 7347
7259 7200
7259 7262
7259 7191
7259 7263
7259 7369
7267 7193
7267 7395
7267 7465
7267 7216
7267 7321
7267 7446
7267 7354
7267 7315
7267 7194
7267 7344
7267 7367
7267 7263
7427 7216
7427 7274
7427 7222
7427 7226
7427 7215
7427 7247
7427 7283
7427 7291
7427 7323
7427 7393
7427 7368
7194 7424
7194 7304
7194 7309
7194 7333
7194 7341
7194 7465
7194 7184
7194 7234
7194 7403
7194 7345
7194 7387
7194 7240
7194 7188
7194 7213
7194 7258
7194 7278
7194 7233
7194 7397
7194 7272
7194 7330
7194 7407
7194 7342
7194 7290
7194 7394
7194 7320
7194 7357
7194 7354
7194 7265
7194 7423
7194 7323
7194 7201
7194 7275
7194 7210
7194 7286
7194 7232
7296 7196
7296 7304
7296 7383
7296 7333
7296 7223
7296 7288
7296 7302
7296 7362
7296 7280
7296 7325
7296 7188
7296 7433
7296 7236
7296 7320
7296 7185
7296 7411
7296 7363
7296 7308
7296 7347
7296 7370
7296 7200
7296 7262
7296 7263
7265 7465
7265 7251
7265 7463
7265 7224
7265 7377
7265 7208
7265 7327
7265 7217
7265 7411
7265 7409
7265 7363
7265 7329
7265 7431
7265 7349
7265 7370
7265 7458
7265 7260
7265 7286
7265 7422
7265 7317
7291 7424
7291 7301
7291 7330
7291 7375
7291 7417
7291 7259
7291 7344
7291 7250
7291 7445
7291 7435
7409 7424
7409 7465
7409 7222
7409 7330
7409 7375
7409 7407
7409 7247
7409 7283
7409 7295
7409 7299
7409 7322
7409 7225
7409 7379
7409 7451
7409 7210
7409 7393
7423 7465
7423 7301
7423 7197
7423 7274
7423 7419
7423 7222
7423 7233
7423 7226
7423 7215
7423 7354
7423 7295
7423 7322
7423 7344
7423 7225
7423 7435
7423 7422
7322 7426
7322 7395
7322 7222
7322 7214
7322 7436
7322 7337
7322 7321
7322 7445
7322 7200
7355 7196
7355 7302
7355 7230
7355 7240
7355 7246
7355 7306
7355 7436
7355 7375
7355 7247
7355 7195
7355 7261
7355 7417
7355 7236
7355 7217
7355 7446
7355 7354
7355 7384
7355 7344
7355 7390
7355 7253
7355 7349
7355 7204
7421 7285
7421 7456
7421 7419
7421 7334
7421 7354
7421 7427
7421 7445
7421 7200
7421 7286
7421 7374
7421 7435
7298 7293
7298 7341
7298 7465
7298 7345
7298 7279
7298 7325
7298 7218
7298 7337
7298 7327
7298 7215
7298 7272
7298 7375
7298 7295
7298 7427
7298 7322
7298 7355
7298 7344
7298 7189
7298 7257
7298 7260
7298 7273
7298 7339
7298 7204
7298 7312
7298 7422
7363 7255
7363 7438
7363 7398
7363 7303
7363 7316
7363 7403
7363 7345
7363 7389
7363 7281
7363 7224
7363 7462
7363 7208
7363 7319
7363 7407
7363 7266
7363 7261
7363 7206
7363 7335
7363 7351
7363 7267
7363 7265
7363 7323
7363 7390
7363 7349
7363 7451
7363 7260
7363 7273
7363 7310
7363 7312
7363 7311
7363 7317
7344 7187
7344 7304
7344 7412
7344 7223
7344 7465
7344 7450
7344 7197
7344 7403
7344 7240
7344 7377
7344 7305
7344 7306
7344 7220
7344 7272
7344 7375
7344 7185
7344 7357
7344 7194
7344 7291
7344 7253
7344 7370
7344 7239
7344 7248
7344 7367
7344 7219
7344 7191
7323 7223
7323 7341
7323 7288
7323 7437
7323 7197
7323 7274
7323 7188
7323 7342
7323 7195
7323 7446
7323 7259
7323 7194
7323 7291
7323 7329
7323 7367
7323 7286
7201 7205
7201 7341
7201 7331
7201 7345
7201 7325
7201 7327
7201 7397
7201 7411
7201 7315
7201 7458
7201 7286
7201 7396
7201 7346
7201 7311
7348 7381
7348 7318
7348 7190
7348 7333
7348 7243
7348 7420
7348 7408
7348 7437
7348 7447
7348 7403
7348 7305
7348 7213
7348 7290
7348 7455
7348 7211
7348 7394
7348 7217
7348 7384
7348 7259
7348 7265
7348 7291
7348 7201
7348 7404
7348 7189
7348 7289
7348 7370
7348 7219
7348 7232
7348 7435
7348 7311
7250 7395
7250 7186
7250 7341
7250 7216
7250 7299
7250 7427
7250 7368
7404 7426
7404 7424
7404 7412
7404 7223
7404 7345
7404 7456
7404 7274
7404 7226
7404 7402
7404 7295
7404 7194
7404 7421
7404 7344
7404 7252
7404 7347
7404 7200
7404 7369
7404 7435
7404 7448
7275 7196
7275 7465
7275 7314
7275 7403
7275 7240
7275 7380
7275 7258
7275 7233
7275 7454
7275 7356
7275 7455
7275 7394
7275 7357
7275 7335
7275 7384
7275 7267
7275 7265
7275 7329
7275 7308
7275 7458
7275 7260
7275 7273
7275 7415
7275 7202
7353 7190
7353 7223
7353 7344
7353 7393
7189 7227
7189 7331
7189 7279
7189 7380
7189 7305
7189 7246
7189 7306
7189 7215
7189 7272
7189 7321
7189 7342
7189 7455
7189 7247
7189 7261
7189 7394
7189 7411
7189 7344
7189 7250
7189 7252
7189 7308
7189 7253
7189 7289
7189 7260
7189 7273
7189 7219
7189 7191
7189 7396
7189 7204
7189 7199
7252 7205
7252 7341
7252 7447
7252 7403
7252 7325
7252 7397
7252 7215
7252 7272
7252 7330
7252 7267
7252 7363
7252 7275
7252 7225
7252 7349
7252 7289
7252 7370
7252 7451
7252 7257
7225 7362
7225 7354
7225 7300
7385 7412
7385 7453
7385 7302
7385 7197
7385 7456
7385 7305
7385 7208
7385 7392
7385 7320
7385 7357
7385 7276
7385 7267
7385 7194
7385 7265
7385 7329
7385 7200
7385 7401
7385 7204
7385 7429
7445 7216
7445 7393
7329 7424
7329 7293
7329 7277
7329 7465
7329 7302
7329 7447
7329 7403
7329 7280
7329 7208
7329 7233
7329 7433
7329 7261
7329 7394
7329 7194
7329 7409
7329 7323
7329 7252
7329 7390
7329 7289
7329 7257
7329 7219
7329 7191
7329 7232
7329 7435
7329 7199
7414 7304
7414 7285
7414 7333
7414 7302
7414 7218
7414 7337
7414 7454
7414 7321
7414 7375
7414 7343
7414 7290
7414 7334
7414 7402
7414 7265
7414 7355
7414 7363
7414 7344
7414 7353
7414 7300
7414 7239
7414 7262
7414 7313
7414 7191
7414 7204
7414 7429
7221 7447
7431 7196
7431 7412
7431 7223
7431 7240
7431 7280
7431 7325
7431 7392
7431 7343
7431 7195
7431 7394
7431 7236
7431 7185
7431 7411
7431 7299
7431 7265
7431 7291
7431 7322
7431 7355
7431 7363
7431 7385
7431 7253
7431 7442
7431 7379
7431 7367
7431 7219
7431 7262
7308 7186
7308 7270
7308 7274
7308 7222
7308 7233
7308 7406
7308 7330
7308 7284
7308 7320
7308 7185
7308 7194
7308 7421
7308 7385
7388 7424
7388 7318
7388 7205
7388 7465
7388 7408
7388 7314
7388 7230
7388 7447
7388 7403
7388 7389
7388 7380
7388 7280
7388 7325
7388 7306
7388 7214
7388 7208
7388 7454
7388 7272
7388 7231
7388 7266
7388 7261
7388 7417
7388 7459
7388 7295
7388 7299
7388 7267
7388 7265
7388 7291
7388 7275
7388 7431
7388 7390
7388 7253
7388 7434
7388 7289
7388 7370
7388 7393
7388 7396
7388 7346
7388 7401
7388 7435
7388 7199
7390 7380
7390 7280
7390 7406
7390 7321
7390 7195
7390 7248
7390 7429
7390 7448
7253 7381
7253 7197
7253 7463
7253 7387
7253 7281
7253 7362
7253 7258
7253 7208
7253 7365
7253 7454
7253 7358
7253 7226
7253 7397
7253 7392
7253 7455
7253 7261
7253 7229
7253 7284
7253 7320
7253 7351
7253 7295
7253 7322
7253 7201
7253 7225
7253 7385
7253 7248
7253 7393
7253 7310
7253 7435
7349 7274
7349 7218
7349 7292
7349 7222
7349 7226
7349 7322
7349 7367
7442 7187
7442 7227
7442 7288
7442 7197
7442 7246
7442 7397
7442 7290
7442 7185
7442 7239
7442 7339
7434 7309
7434 7301
7434 7380
7434 7280
7434 7416
7434 7192
7434 7337
7434 7282
7434 7215
7434 7266
7434 7261
7434 7284
7434 7185
7434 7357
7434 7291
7434 7355
7434 7253
7434 7239
7434 7273
7434 7286
7434 7204
7289 7223
7289 7216
7289 7403
7289 7419
7289 7362
7289 7188
7289 7214
7289 7436
7289 7321
7289 7231
7289 7236
7289 7217
7289 7411
7289 7421
7289 7344
7289 7329
7289 7349
7289 7300
7289 7262
7289 7369
7439 7293
7439 7187
7439 7285
7439 7412
7439 7395
7439 7186
7439 7447
7439 7274
7439 7399
7439 7416
7439 7233
7439 7446
7439 7427
7439 7298
7439 7201
7439 7300
7439 7260
7439 7262
7439 7368
7464 7304
7464 7345
7464 7380
7464 7280
7464 7195
7464 7334
7464 7217
7464 7295
7464 7382
7464 7439
7464 7440
7245 7426
7245 7333
7245 7453
7245 7419
7245 7222
7245 7406
7245 7441
7245 7455
7245 7247
7245 7283
7245 7185
7245 7411
7245 7459
7245 7194
7245 7421
7245 7298
7245 7344
7245 7390
7245 7300
7245 7210
7245 7262
7245 7368
7245 7339
7245 7312
7379 7293
7379 7337
7379 7334
7379 7354
7379 7291
7379 7200
7379 7262
7379 7339
7379 7374
7300 7304
7300 7249
7300 7371
7300 7216
7300 7340
7300 7215
7300 7283
7300 7351
7347 7426
7347 7424
7347 7285
7347 7412
7347 7240
7347 7380
7347 7294
7347 7305
7347 7222
7347 7214
7347 7192
7347 7337
7347 7215
7347 7231
7347 7236
7347 7185
7347 7295
7347 7276
7347 7194
7347 7322
7347 7252
7347 7390
7347 7219
7347 7393
7347 7369
7347 7204
7370 7223
7370 7341
7370 7465
7370 7437
7370 7197
7370 7325
7370 7340
7370 7226
7370 7320
7370 7354
7370 7299
7370 7291
7370 7322
7370 7257
7370 7367
7370 7393
7451 7186
7451 7333
7451 7465
7451 7288
7451 7302
7451 7447
7451 7274
7451 7192
7451 7215
7451 7330
7451 7357
7451 7267
7451 7201
7451 7273
7451 7262
7451 7396
7451 7429
7451 7448
7239 7381
7239 7341
7239 7447
7239 7403
7239 7419
7239 7362
7239 7325
7239 7188
7239 7214
7239 7407
7239 7334
7239 7283
7239 7335
7239 7354
7239 7259
7239 7423
7239 7363
7239 7344
7239 7404
7239 7189
7239 7379
7239 7286
7239 7374
7458 7443
7458 7293
7458 7381
7458 7304
7458 7410
7458 7465
7458 7184
7458 7408
7458 7269
7458 7437
7458 7380
7458 7462
7458 7192
7458 7324
7458 7272
7458 7375
7458 7342
7458 7247
7458 7195
7458 7394
7458 7320
7458 7411
7458 7354
7458 7267
7458 7421
7458 7353
7458 7252
7458 7225
7458 7308
7458 7434
7458 7347
7458 7370
7458 7260
7458 7273
7458 7422
7257 7223
7257 7450
7257 7216
7257 7270
7257 7256
7257 7327
7257 7226
7257 7231
7257 7361
7257 7236
7257 7194
7257 7298
7257 7219
7257 7368
7260 7255
7260 7309
7260 7465
7260 7227
7260 7314
7260 7371
7260 7197
7260 7274
7260 7240
7260 7380
7260 7246
7260 7306
7260 7222
7260 7213
7260 7208
7260 7282
7260 7327
7260 7324
7260 7397
7260 7215
7260 7272
7260 7231
7260 7455
7260 7247
7260 7261
7260 7394
7260 7283
7260 7459
7260 7357
7260 7194
7260 7363
7260 7353
7260 7225
