1857 6993
1857 1750
4114 6402
4114 3016
4114 3579
4114 5505
4114 4569
4539 4823
6784 5199
174 803
3433 4402
6418 5547
5405 5633
5405 5849
5405 5358
925 3702
62 2690
62 1
62 2767
62 3272
62 1273
3007 2185
3007 1359
3007 6586
3007 3529
3007 1781
3007 5437
3007 6407
3007 2990
3007 6830
3007 3708
3007 5653
3007 3628
3007 1192
3007 721
3244 2413
4863 6245
4863 554
4863 903
4863 538
4863 1652
4863 6768
4863 1728
4863 468
5587 605
5587 4832
6909 2592
6909 1474
6909 3041
6909 1113
6909 4334
4589 6772
4589 3047
4589 3766
4589 2843
5776 3150
5776 308
6643 1192
1344 6468
2447 6002
2447 2310
2447 2898
2447 2388
4019 4398
4019 691
6487 6714
6487 3819
4494 1677
167 1570
167 5144
167 2428
4328 6692
492 99
1003 90
3040 5811
3040 422
4022 1254
4022 453
2040 6714
2040 1354
2040 4703
2040 1575
29 5032
6742 7081
6742 3300
6742 6468
6269 454
6269 1974
3568 61
6680 6096
396 3832
5788 405
974 3357
5790 1495
2196 5680
102 725
2516 3314
2516 781
2516 629
2516 6244
2516 1192
666 6
666 1036
666 5905
666 5346
1259 3511
1259 0
4892 6531
466 4198
4982 4816
4982 1937
2602 7145
2591 4107
2591 4595
2696 5014
6850 353
6850 4199
4407 1650
4407 589
4407 1684
4407 581
4407 3663
4407 1206
4407 3244
4411 4219
967 5985
967 1565
967 5031
967 6768
967 5905
967 5005
967 2364
967 229
967 4404
915 6088
472 5349
472 5525
5267 5007
5267 4136
5037 3000
5037 4201
1223 1267
1223 3943
1417 5877
1417 3011
1417 1822
1417 2843
79 5905
79 5151
79 1258
7093 4912
6260 175
6260 1408
6260 1259
6260 4407
6260 4411
391 2752
391 4691
391 5226
4095 2516
2774 4389
1914 1070
4055 1901
5342 4959
6894 7175
6894 6911
6894 1132
6894 3025
6894 5681
6894 691
6894 3875
6472 3589
3927 5816
5005 68
5005 1465
5005 4092
1816 5065
4669 2205
33 4717
1701 4143
3003 6049
3003 4691
2559 5507
6157 3284
5549 4289
6818 323
6818 1905
6818 2246
936 3055
817 731
817 4608
923 2548
3201 5319
2505 178
5009 992
5009 5948
5009 6032
5721 480
5721 4598
5721 5357
5721 2019
5721 4213
1862 7107
1862 237
1862 375
2358 3068
5219 6215
5219 2982
5219 6119
4620 3717
4620 5313
6692 17
5477 4628
806 2146
1575 2560
1575 4872
1575 1822
203 2968
203 2289
4037 75
4037 1267
858 1120
5903 6149
5903 4188
5903 4721
5903 4589
5192 6001
6390 4245
983 2553
990 4642
990 5513
3562 3429
987 1559
987 5368
987 1562
1274 3090
6801 4339
6801 1240
1937 4592
6631 5621
4622 5927
4622 4326
126 5707
6374 5603
2209 5174
2209 6135
2209 2393
3309 4152
3309 4704
2115 4617
2364 282
2364 2932
2364 6768
2364 5905
5480 653
5480 4578
842 5563
842 2968
1680 1030
4996 723
4900 3192
4900 2834
4900 3068
6178 5150
3944 2888
5081 3011
1432 1564
4300 7123
4300 2690
4300 6908
4300 2732
4300 1192
898 2247
2205 1089
2869 18
2869 1132
4413 3162
4413 6024
6903 5462
6903 3218
7057 5381
7057 7063
7057 4827
7057 6301
7057 1430
6087 5093
6087 5943
6087 2413
6835 5985
6835 3840
6835 2018
6835 4419
6835 860
6835 3654
2787 2802
2872 843
2872 3195
2872 5319
2872 3651
2872 1976
2872 4935
2872 1025
2872 6211
1910 6885
363 4988
2845 6662
2845 4379
2845 5151
2845 4505
5585 2351
3755 6976
3755 3323
3755 6423
3755 1273
7071 2255
6872 6553
6872 4569
3780 4211
3780 969
3780 575
3484 450
3484 4239
3484 61
3484 4954
3484 2293
3484 4287
3484 3510
752 3357
1770 3247
1601 4196
1601 6201
1601 3866
1601 4511
6001 6686
5200 5142
5200 4951
2973 5535
2973 3689
2973 803
2973 1528
2973 3951
2973 5788
2973 2826
4702 1495
4702 1677
1957 398
5564 2903
5564 6494
6435 2212
6435 2187
6435 4534
1754 5857
1754 6135
1754 3148
1754 4638
1754 3221
1754 3012
1754 2413
1604 6297
1604 6518
1604 5835
1604 3628
1604 1675
1604 3007
1769 3793
1769 5228
1769 5742
1769 2428
1769 6260
6995 4152
6995 3058
12 1852
2801 5959
3638 3185
6119 6549
6119 5605
6119 1124
6119 4863
4989 5017
5688 3439
5521 5374
2379 469
2379 4986
6607 1456
6607 3790
3157 2489
3157 4536
3157 6279
3157 5835
4515 5822
2144 4931
2144 3479
2144 6087
2188 4193
2188 2635
2188 1376
2188 5877
2188 1677
284 2106
6545 6662
6545 6275
6545 68
3068 6485
3068 5673
3068 5950
3068 1528
3068 5169
4323 5113
4199 1863
3214 4722
3214 575
3480 4143
3480 1709
3480 5747
3480 6016
4271 4230
6797 2659
5404 222
5404 237
5404 5729
2413 7024
2413 589
2413 4132
2413 0
2413 570
2009 4196
2009 4407
5373 6003
519 6583
519 923
519 6087
3354 1489
3354 4619
4821 2936
4821 3529
4821 722
4821 2255
4821 3007
4144 5747
5600 1925
5600 6655
5600 1408
5695 6725
229 6390
2132 4119
2132 3657
1337 2475
283 3730
283 5211
6285 4907
3217 4211
2843 916
2843 6750
2843 2560
2843 5858
2908 5989
2908 79
2908 1258
2908 5695
6146 3884
3088 4821
5203 534
5203 32
6890 2702
2158 3183
1264 2025
1264 4455
1264 3510
1978 3368
1978 2738
1978 666
3527 6463
5080 3667
5819 2351
5819 5396
4729 5985
4729 326
4729 538
2494 653
1430 2354
4676 3373
4676 6024
163 6176
163 2254
163 3192
163 4725
163 5196
163 3663
163 6042
163 871
721 6423
468 6390
3649 3589
7040 1890
1438 6051
431 2025
431 3626
2575 556
2461 750
1075 5368
1999 5328
1999 7087
1999 1598
1999 875
40 5447
4959 80
4959 4040
4959 1727
3514 2023
3514 3832
3514 3668
984 1088
984 6564
984 1455
2454 4569
4505 4836
4505 4559
4505 5113
4505 4863
4505 6909
7062 6458
7062 575
7062 2720
101 2225
101 3730
101 1561
3339 6005
1153 2275
6231 5914
3735 629
3735 5127
3735 696
3437 2932
5103 5093
5103 4272
2107 575
6062 5069
6062 1839
6062 2356
6062 5902
6062 1074
6062 1258
6062 6748
3218 5712
495 3406
495 4737
495 6650
4179 2254
339 5857
339 1562
339 6463
339 750
3125 4289
3125 6423
3125 4494
4220 6722
4136 5206
3196 5363
4692 4793
7426 7293
7426 7456
7426 7192
7426 7354
7426 7393
7443 7293
7443 7408
7443 7365
7443 7327
7443 7226
7443 7272
7443 7330
7443 7392
7443 7195
7443 7261
7443 7284
7443 7265
7443 7344
7443 7201
7443 7275
7443 7225
7443 7253
7443 7434
7443 7300
7443 7458
7443 7367
7203 7190
7203 7288
7203 7403
7203 7274
7203 7380
7203 7321
7203 7315
7203 7402
7203 7291
7203 7322
7203 7344
7203 7323
7203 7250
7203 7252
7203 7390
7203 7219
7424 7197
7424 7274
7424 7416
7424 7337
7424 7276
7424 7339
7424 7448
7293 7395
7293 7344
7293 7275
7381 7277
7381 7450
7381 7279
7381 7213
7381 7446
7381 7357
7381 7259
7381 7219
7244 7196
7244 7186
7244 7223
7244 7216
7244 7279
7244 7306
7244 7406
7244 7324
7244 7358
7244 7354
7244 7210
7255 7426
7255 7465
7255 7281
7255 7185
7255 7335
7255 7315
7255 7295
7255 7267
7255 7344
7255 7451
7255 7393
7255 7263
7196 7426
7196 7293
7196 7187
7196 7223
7196 7288
7196 7270
7196 7240
7196 7282
7196 7261
7196 7236
7196 7283
7196 7185
7196 7421
7196 7298
7196 7348
7196 7385
7196 7349
7196 7300
7196 7393
7196 7369
7187 7395
7187 7197
7187 7345
7187 7416
7187 7278
7187 7361
7187 7354
7187 7201
7187 7367
7277 7187
7277 7285
7277 7186
7277 7333
7277 7301
7277 7456
7277 7279
7277 7280
7277 7294
7277 7454
7277 7321
7277 7231
7277 7236
7277 7357
7277 7252
7277 7239
7277 7199
7304 7412
7304 7453
7304 7223
7304 7288
7304 7450
7304 7270
7304 7274
7304 7380
7304 7306
7304 7406
7304 7324
7304 7321
7304 7402
7304 7368
7304 7429
7285 7426
7285 7197
7285 7280
7285 7222
7285 7236
7285 7322
7285 7323
7285 7367
7285 7393
7285 7422
7318 7426
7318 7187
7318 7412
7318 7383
7318 7309
7318 7227
7318 7270
7318 7362
7318 7280
7318 7340
7318 7337
7318 7397
7318 7195
7318 7459
7318 7354
7318 7291
7318 7298
7318 7323
7318 7210
7318 7457
7318 7367
7318 7369
7318 7435
7438 7381
7438 7277
7438 7412
7438 7333
7438 7341
7438 7227
7438 7387
7438 7419
7438 7362
7438 7380
7438 7208
7438 7192
7438 7433
7438 7282
7438 7355
7438 7344
7438 7201
7438 7300
7438 7347
7438 7232
7235 7443
7235 7333
7235 7184
7235 7280
7235 7325
7235 7246
7235 7278
7235 7231
7235 7394
7235 7283
7235 7354
7235 7402
7235 7295
7235 7363
7235 7348
7235 7250
7235 7191
7235 7263
7190 7437
7190 7258
7190 7226
7190 7195
7190 7206
7190 7411
7190 7459
7190 7409
7190 7344
7190 7250
7190 7289
7190 7370
7190 7458
7190 7457
7190 7393
7190 7440
7190 7263
7190 7232
7373 7412
7373 7453
7373 7362
7373 7280
7373 7406
7373 7454
7373 7427
7193 7216
7193 7456
7193 7214
7193 7421
7193 7367
7193 7346
7193 7339
7412 7395
7412 7216
7412 7275
7412 7393
7383 7304
7383 7186
7383 7223
7383 7387
7383 7380
7383 7340
7383 7282
7383 7324
7383 7375
7383 7247
7383 7446
7383 7265
7383 7355
7383 7363
7383 7353
7383 7300
7383 7239
7383 7262
7383 7191
7383 7352
7383 7232
7383 7401
7383 7317
7398 7196
7398 7187
7398 7230
7398 7437
7398 7274
7398 7240
7398 7280
7398 7282
7398 7324
7398 7392
7398 7449
7398 7229
7398 7417
7398 7394
7398 7411
7398 7357
7398 7201
7398 7250
7398 7434
7398 7200
7398 7368
7398 7401
7309 7187
7309 7453
7309 7450
7309 7456
7309 7362
7309 7441
7309 7361
7309 7402
7309 7219
7309 7429
7395 7216
7395 7463
7395 7246
7395 7306
7395 7337
7395 7406
7395 7195
7395 7291
7395 7409
7395 7339
7364 7381
7364 7190
7364 7274
7364 7362
7364 7416
7364 7354
7186 7216
7186 7345
7186 7215
7186 7417
7186 7354
7186 7322
7186 7323
7186 7445
7186 7393
7186 7435
7333 7293
7333 7309
7333 7230
7333 7185
7333 7295
7333 7329
7333 7253
7333 7257
7333 7260
7453 7409
7453 7263
7223 7203
7223 7318
7223 7184
7223 7437
7223 7216
7223 7403
7223 7240
7223 7325
7223 7246
7223 7258
7223 7337
7223 7397
7223 7261
7223 7206
7223 7267
7223 7194
7223 7323
7223 7253
7223 7451
7223 7210
7223 7369
7205 7267
7209 7301
7209 7345
7209 7195
7209 7334
7209 7206
7209 7207
7209 7351
7209 7384
7209 7299
7209 7259
7209 7189
7209 7396
7209 7422
7209 7311
7249 7293
7249 7416
7249 7324
7249 7206
7249 7354
7249 7201
7249 7348
7249 7353
7249 7225
7249 7385
7376 7277
7376 7190
7376 7463
7376 7279
7376 7362
7376 7305
7376 7246
7376 7188
7376 7454
7376 7375
7376 7247
7376 7195
7376 7206
7376 7284
7376 7384
7376 7322
7376 7323
7376 7275
7376 7442
7376 7199
7420 7267
7420 7445
7303 7381
7303 7318
7303 7190
7303 7246
7303 7188
7303 7454
7303 7272
7303 7206
7303 7320
7303 7354
7303 7295
7303 7421
7303 7344
7303 7353
7303 7252
7303 7253
7303 7434
7303 7300
7303 7347
7303 7393
7303 7191
7303 7263
7303 7369
7350 7186
7350 7456
7350 7224
7350 7418
7350 7446
7350 7339
7410 7309
7410 7230
7410 7279
7410 7419
7410 7294
7410 7306
7410 7213
7410 7208
7410 7436
7410 7195
7410 7417
7410 7394
7410 7250
7410 7352
7410 7232
7316 7412
7316 7341
7316 7270
7316 7389
7316 7208
7316 7433
7316 7392
7316 7320
7316 7265
7316 7344
7316 7201
7316 7385
7316 7379
7316 7347
7316 7204
7465 7419
7465 7362
7465 7306
7465 7454
7465 7397
7465 7272
7465 7206
7465 7394
7465 7265
7465 7308
7465 7434
7465 7347
7465 7370
7465 7257
7465 7457
7465 7204
7465 7199
7184 7256
7184 7322
7184 7367
7184 7346
7198 7398
7198 7256
7198 7305
7198 7306
7198 7445
7198 7369
7198 7204
7227 7395
7227 7223
7227 7288
7227 7274
7227 7416
7227 7192
7227 7261
7227 7236
7227 7320
7227 7250
7227 7379
7227 7367
7288 7190
7288 7223
7288 7227
7288 7188
7288 7208
7288 7337
7288 7283
7288 7411
7288 7357
7288 7265
7288 7442
7288 7257
7288 7263
7288 7369
7302 7416
7302 7421
7302 7200
7302 7440
7302 7339
7302 7369
7408 7426
7408 7395
7408 7270
7408 7456
7408 7256
7408 7416
7408 7321
7408 7446
7408 7384
7408 7308
7408 7390
7408 7191
7269 7424
7269 7213
7269 7208
7269 7278
7269 7455
7269 7413
7269 7185
7269 7351
7269 7315
7269 7259
7269 7265
7269 7404
7269 7189
7269 7253
7269 7349
7269 7457
7269 7396
7269 7232
7269 7435
7251 7188
7251 7402
7251 7322
7336 7381
7336 7395
7336 7408
7336 7246
7336 7222
7336 7233
7336 7337
7336 7361
7336 7284
7336 7320
7336 7299
7336 7427
7336 7421
7336 7201
7336 7250
7336 7200
7336 7219
7314 7187
7314 7412
7314 7395
7314 7223
7314 7465
7314 7288
7314 7274
7314 7362
7314 7246
7314 7436
7314 7272
7314 7247
7314 7261
7314 7446
7314 7320
7314 7323
7314 7311
7332 7375
7332 7342
7332 7417
7332 7335
7332 7344
7332 7329
7332 7451
7332 7393
7212 7424
7212 7381
7212 7453
7212 7227
7212 7456
7212 7280
7212 7416
7212 7454
7212 7185
7212 7459
7212 7427
7212 7421
7212 7348
7212 7252
7212 7300
7212 7260
7212 7393
7212 7368
7212 7396
7230 7341
7230 7369
7287 7426
7287 7381
7287 7187
7287 7190
7287 7288
7287 7362
7287 7222
7287 7330
7287 7320
7287 7367
7287 7393
7371 7424
7371 7309
7371 7465
7371 7452
7371 7403
7371 7419
7371 7380
7371 7280
7371 7305
7371 7208
7371 7397
7371 7394
7371 7217
7371 7185
7371 7315
7371 7267
7371 7363
7371 7344
7371 7308
7371 7253
7371 7289
7371 7370
7371 7257
7371 7260
7452 7187
7452 7412
7452 7302
7452 7269
7452 7450
7452 7270
7452 7274
7452 7380
7452 7280
7452 7246
7452 7214
7452 7208
7452 7342
7452 7247
7452 7261
7452 7349
7452 7451
7452 7393
7452 7368
7452 7263
7452 7346
7328 7447
7328 7222
7328 7421
7437 7187
7437 7230
7437 7222
7437 7417
