7188 7333
7188 7214
7188 7348
7188 7329
7213 7426
7213 7412
7213 7403
7213 7274
7213 7280
7213 7226
7213 7283
7213 7291
7213 7298
7213 7201
7428 7300
7428 7200
7428 7368
7428 7339
7418 7186
7418 7185
7340 7381
7340 7270
7340 7280
7340 7324
7340 7236
7340 7320
7340 7291
7340 7275
7340 7367
7258 7277
7258 7333
7258 7184
7258 7408
7258 7197
7258 7380
7258 7337
7258 7433
7258 7454
7258 7206
7258 7320
7258 7348
7258 7434
7258 7458
7258 7210
7258 7191
7462 7412
7462 7395
7462 7186
7462 7453
7462 7387
7462 7192
7462 7337
7462 7231
7462 7194
7462 7355
7462 7390
7462 7200
7462 7369
7268 7381
7268 7223
7268 7184
7268 7288
7268 7362
7268 7354
7268 7423
7268 7367
7416 7190
7192 7184
7192 7230
7192 7274
7192 7295
7192 7367
7192 7393
7278 7424
7278 7381
7278 7197
7278 7185
7278 7194
7278 7201
7278 7239
7278 7369
7278 7204
7436 7186
7436 7437
7436 7362
7436 7417
7436 7236
7436 7250
7436 7349
7233 7381
7233 7441
7233 7320
7233 7347
7430 7187
7430 7412
7430 7450
7430 7279
7430 7362
7430 7380
7430 7384
7430 7311
7365 7285
7365 7227
7365 7288
7365 7197
7365 7456
7365 7419
7365 7436
7365 7321
7365 7247
7365 7459
7365 7344
7365 7329
7365 7289
7365 7300
7365 7200
7365 7262
7337 7216
7337 7197
7337 7403
7337 7274
7337 7362
7337 7272
7337 7299
7337 7368
7337 7422
7433 7216
7433 7446
7282 7412
7282 7395
7282 7223
7282 7227
7282 7288
7282 7437
7282 7270
7282 7274
7282 7188
7282 7215
7282 7217
7282 7411
7282 7354
7282 7291
7282 7298
7282 7385
7282 7370
7282 7204
7425 7277
7425 7412
7425 7453
7425 7447
7425 7274
7425 7321
7425 7427
7425 7298
7406 7426
7406 7341
7406 7465
7406 7184
7406 7218
7406 7367
7406 7262
7220 7412
7220 7201
7454 7302
7454 7437
7454 7306
7454 7433
7454 7261
7454 7459
7454 7354
7454 7322
7454 7355
7454 7353
7454 7390
7454 7349
7454 7458
7454 7232
7454 7435
7324 7216
7358 7426
7358 7216
7358 7256
7358 7397
7358 7355
7358 7393
7358 7263
7226 7309
7226 7465
7226 7227
7226 7456
7226 7380
7226 7246
7226 7278
7226 7283
7226 7354
7226 7442
7226 7300
7226 7191
7226 7232
7372 7395
7372 7227
7372 7288
7372 7188
7372 7233
7372 7330
7372 7392
7372 7394
7372 7320
7372 7201
7372 7385
7372 7239
7372 7339
7372 7429
7397 7190
7397 7288
7397 7362
7397 7256
7397 7226
7397 7236
7397 7200
7397 7262
7397 7396
7397 7429
7356 7426
7356 7222
7356 7233
7356 7283
7356 7354
7356 7421
7356 7393
7215 7293
7215 7465
7215 7227
7215 7270
7215 7274
7215 7256
7215 7416
7215 7192
7215 7272
7215 7231
7215 7298
7215 7257
7215 7191
7215 7263
7215 7396
7215 7448
7272 7244
7272 7304
7272 7302
7272 7332
7272 7463
7272 7387
7272 7240
7272 7399
7272 7351
7272 7439
7272 7273
7272 7310
7321 7285
7321 7421
7330 7453
7330 7454
7330 7361
7330 7308
7330 7434
7330 7339
7392 7394
7375 7244
7375 7304
7375 7412
7375 7395
7375 7184
7375 7288
7375 7456
7375 7306
7375 7282
7375 7324
7375 7367
7319 7293
7319 7341
7319 7450
7319 7389
7319 7380
7319 7192
7319 7194
7319 7291
7319 7355
7319 7348
7319 7390
7319 7191
7319 7401
7343 7293
7343 7456
7343 7419
7343 7380
7343 7306
7343 7222
7343 7321
7343 7375
7343 7231
7343 7441
7343 7459
7343 7421
7343 7262
7343 7369
7343 7204
7400 7187
7400 7333
7400 7341
7400 7288
7400 7389
7400 7279
7400 7330
7400 7375
7400 7319
7400 7320
7400 7427
7400 7344
7400 7201
7400 7385
7400 7308
7400 7257
7400 7260
7400 7232
7449 7426
7449 7227
7449 7386
7449 7305
7449 7231
7449 7361
7449 7194
7449 7363
7449 7344
7449 7414
7449 7253
7449 7191
7449 7352
7449 7369
7449 7204
7407 7293
7407 7381
7407 7416
7407 7369
7238 7285
7238 7270
7238 7197
7238 7325
7238 7278
7238 7295
7238 7194
7238 7445
7231 7196
7231 7412
7231 7223
7231 7407
7231 7217
7231 7445
7231 7191
7266 7285
7266 7279
7266 7380
7266 7256
7266 7218
7266 7308
7266 7239
7266 7191
7266 7429
7441 7381
7441 7395
7441 7456
7441 7226
7441 7236
7441 7320
7441 7291
7441 7250
7441 7385
7441 7349
7441 7367
7441 7440
7441 7369
7342 7395
7290 7395
7290 7186
7290 7227
7290 7230
7290 7450
7290 7216
7290 7380
7290 7441
7290 7429
7455 7227
7455 7270
7455 7456
7455 7279
7455 7261
7455 7320
7455 7357
7455 7262
7338 7395
7338 7337
7338 7375
7338 7427
7338 7194
7338 7344
7338 7390
7338 7339
7195 7240
7195 7362
7195 7278
7195 7417
7195 7320
7195 7185
7195 7265
7195 7323
7195 7201
7195 7308
7195 7253
7195 7257
7261 7426
7261 7230
7261 7447
7261 7197
7261 7403
7261 7416
7261 7295
7261 7322
7229 7223
7229 7437
7229 7450
7229 7280
7229 7208
7229 7278
7229 7433
7229 7282
7229 7343
7229 7247
7229 7195
7229 7185
7229 7411
7229 7291
7229 7363
7229 7250
7229 7442
7229 7262
7334 7200
7417 7325
7417 7339
7360 7381
7360 7222
7360 7233
7360 7369
7211 7187
7211 7285
7211 7412
7211 7333
7211 7453
7211 7361
7211 7284
7211 7283
7211 7421
7211 7323
7211 7201
7254 7186
7254 7218
7254 7416
7254 7192
7254 7282
7254 7446
7254 7348
7254 7390
7254 7368
7254 7429
7361 7395
7361 7429
7207 7186
7207 7419
7207 7192
7207 7375
7207 7200
7207 7346
7394 7412
7394 7395
7394 7270
7394 7279
7394 7188
7394 7226
7394 7195
7394 7427
7394 7194
7394 7348
7394 7200
7394 7232
7236 7227
7236 7345
7236 7456
7236 7337
7236 7272
7236 7421
7236 7451
7236 7200
7236 7262
7284 7424
7284 7288
7284 7437
7284 7362
7284 7222
7284 7185
7284 7354
7284 7323
7284 7300
7217 7293
7217 7463
7217 7218
7217 7337
7217 7406
7217 7375
7217 7247
7217 7283
7217 7291
7217 7353
7217 7429
7297 7426
7297 7398
7297 7306
7297 7431
7297 7312
7446 7288
7446 7272
7446 7231
7446 7291
7446 7457
7413 7293
7413 7216
7413 7270
7413 7345
7413 7246
7413 7188
7413 7375
7413 7329
7413 7339
7413 7311
7320 7381
7320 7277
7320 7333
7320 7453
7320 7301
7320 7298
7320 7348
7283 7304
7283 7215
7185 7255
7185 7376
7185 7316
7185 7230
7185 7301
7185 7403
7185 7377
7185 7208
7185 7358
7185 7330
7185 7455
7185 7417
7185 7276
7185 7267
7185 7260
7185 7273
7185 7440
7185 7346
7411 7227
7411 7288
7411 7419
7411 7282
7411 7375
7411 7217
7411 7446
7411 7250
7411 7390
7411 7239
7411 7367
7459 7285
7459 7395
7459 7429
7357 7232
7335 7205
7335 7465
7335 7432
7335 7281
7335 7220
7335 7321
7335 7459
7335 7315
7335 7295
7335 7298
7335 7344
7335 7329
7335 7370
7335 7273
7335 7393
7335 7401
7351 7304
7351 7274
7351 7354
7351 7402
7351 7348
7351 7390
7351 7204
7351 7448
7315 7222
7315 7441
7315 7361
7315 7402
7315 7445
7402 7244
7402 7190
7402 7316
7402 7362
7402 7325
7402 7294
7402 7340
7402 7324
7402 7226
7402 7397
7402 7247
7402 7283
7402 7265
7402 7409
7402 7252
7402 7329
7402 7253
7402 7300
7402 7367
7402 7219
7402 7232
7384 7187
7384 7240
7384 7261
7384 7206
7384 7417
7384 7236
7384 7363
7384 7250
7384 7308
7384 7219
7384 7401
7384 7204
7295 7333
7295 7465
7295 7184
7295 7208
7295 7416
7295 7226
7295 7272
7295 7361
7295 7354
7295 7402
7295 7201
7295 7445
7295 7429
7299 7417
7299 7369
7276 7426
7276 7424
7276 7412
7276 7395
7276 7184
7276 7288
7276 7280
7276 7361
7276 7236
7276 7295
7276 7299
7276 7250
7276 7239
7276 7200
7259 7187
7259 7285
7259 7288
7259 7270
7259 7456
7259 7233
7259 7323
7259 7201
7259 7445
7259 7429
7267 7426
7267 7453
7267 7274
7267 7192
7267 7361
7267 7427
7267 7329
7267 7200
7267 7369
7427 7280
7427 7272
7427 7342
7427 7250
7427 7396
7194 7187
7194 7190
7194 7274
7194 7362
7194 7282
7194 7324
7194 7215
7194 7417
7194 7236
7194 7185
7194 7409
7194 7322
7194 7298
7194 7308
7194 7219
7194 7393
7194 7401
7296 7293
7296 7216
7296 7279
7296 7278
7296 7247
7296 7283
7296 7402
7296 7355
7296 7348
7296 7368
7296 7339
7296 7401
7265 7381
7265 7184
7265 7301
7265 7197
7265 7456
7265 7325
7265 7261
7265 7357
7265 7384
7265 7295
7265 7201
7265 7390
7265 7248
7265 7257
7265 7273
7291 7419
7291 7233
7291 7215
7291 7354
7291 7329
7409 7381
7409 7184
7409 7288
7409 7301
7409 7197
7409 7445
7423 7426
7423 7381
7423 7184
7423 7362
7423 7330
7423 7236
7423 7369
7322 7285
7322 7456
7322 7368
7322 7339
7355 7293
7355 7412
7355 7395
7355 7380
7355 7256
7355 7292
7355 7342
7355 7427
7355 7298
7355 7393
7355 7263
7298 7197
7298 7240
7298 7188
7298 7233
7298 7406
7298 7284
7298 7194
7298 7219
7298 7369
7363 7426
7363 7424
7363 7196
7363 7371
7363 7359
7363 7377
7363 7258
7363 7192
7363 7337
7363 7433
7363 7282
7363 7290
7363 7284
7363 7384
7363 7431
7363 7347
7363 7458
7363 7457
7363 7367
7363 7396
7363 7435
7344 7256
7344 7324
7344 7283
7344 7300
7344 7262
7323 7403
7323 7456
7323 7247
7323 7283
7323 7427
7323 7221
7323 7349
7323 7451
7323 7262
7201 7424
7201 7309
7201 7465
7201 7437
7201 7447
7201 7432
7201 7214
7201 7233
7201 7226
7201 7215
7201 7417
7201 7344
7201 7252
7201 7388
7201 7370
7201 7451
7348 7223
7348 7230
7348 7345
7348 7231
7348 7236
7348 7446
7348 7411
7348 7354
7348 7194
7348 7253
7348 7349
7348 7204
7404 7187
7404 7285
7404 7186
7404 7447
7404 7270
7404 7222
7404 7416
7404 7233
7404 7330
7404 7267
7404 7323
7404 7201
7404 7300
7404 7339
7404 7429
7275 7197
7275 7359
7275 7294
7275 7377
7275 7192
7275 7247
7275 7417
7275 7459
7275 7295
7275 7421
7275 7298
7275 7323
7275 7210
7275 7393
7275 7440
7275 7232
7275 7369
7275 7310
7353 7395
7353 7375
7353 7411
7189 7426
7189 7190
7189 7412
7189 7395
7189 7403
7189 7280
7189 7194
7189 7291
7189 7421
7189 7201
7189 7300
7189 7435
7252 7426
7252 7281
7252 7220
7252 7342
7252 7185
7252 7295
7225 7283
7385 7301
7385 7433
7385 7454
7385 7361
7385 7446
7385 7315
7385 7260
7445 7223
7445 7362
7329 7251
7329 7450
7329 7197
7329 7222
7329 7321
7329 7361
7329 7427
7329 7291
7329 7445
7329 7260
7329 7200
7329 7367
7414 7318
7414 7453
7414 7305
7414 7222
7414 7416
7414 7394
7414 7194
7414 7445
7414 7352
7414 7232
7431 7285
7431 7383
7431 7333
7431 7453
7431 7456
7431 7278
7431 7427
7431 7308
7431 7368
7431 7415
7431 7339
7431 7429
7388 7437
7388 7197
7388 7274
7388 7377
