3894 4704
3894 3098
954 2669
954 4410
954 6201
954 296
3340 3047
3340 17
3340 4622
1952 6342
1952 2453
1952 3814
5917 1267
1312 2577
2016 5724
3663 4196
3663 2293
6042 3167
1426 1894
6768 282
6768 3520
5747 541
4170 2359
5228 3090
4907 6564
4907 1455
4907 3429
4316 1088
4316 5893
4316 6051
4316 3068
4455 3342
424 1409
424 2781
3186 5379
4574 58
113 3834
297 2847
5303 2475
119 2463
6185 6908
6929 3068
6541 1562
3757 4239
3757 4928
491 3274
3785 3090
3920 2888
3920 5886
3920 3943
3920 1240
555 6976
555 2474
555 7098
555 5220
555 1544
6924 5893
890 2888
890 5886
485 1687
4650 3048
1479 58
94 2767
94 1192
3671 5937
6439 1852
6704 541
5199 6088
1808 5390
6005 5017
2293 18
2293 3357
2293 5989
5212 6781
5212 5720
6337 1267
5876 58
5876 6809
5876 6590
4049 541
3378 3790
3378 5989
3212 5955
3212 1488
2816 5893
1320 58
3874 3368
186 3274
6086 2187
1095 3401
1095 4389
5959 6342
5959 2453
5959 6356
6024 6516
5742 3090
1117 6909
6589 5799
2360 6632
5206 430
6752 1604
1347 6342
1592 3943
6951 4104
1065 66
1065 1369
7171 6778
3071 4739
3325 58
5142 2254
6051 4196
6051 2121
6051 1182
6117 1273
1000 5893
1000 6051
1000 3068
590 6511
590 7153
64 4370
64 2805
64 4143
64 6772
64 1493
64 1663
6829 2010
321 826
3399 1687
1677 1495
4342 764
741 0
145 5093
2313 570
3287 6671
2755 430
5340 430
6788 2475
3421 5162
6499 5396
1973 5955
7083 4863
921 6342
6088 5199
2737 5893
5905 6909
4400 4596
7030 3679
3432 6937
5151 179
3343 6838
3343 5016
5028 1852
4283 3129
1449 535
1449 4660
1449 5039
949 3204
443 3679
4608 837
1125 3725
3067 4471
5371 4239
5371 4928
2646 4655
1675 774
1675 5989
655 6024
3620 6142
3620 6650
3620 6024
3620 4823
1046 3047
1046 4622
6058 2254
3696 4878
3696 3068
5016 5115
5016 4972
5843 2553
6463 430
3510 1889
3510 5319
3510 4420
2393 6135
2393 4863
2393 6909
3143 6863
5243 431
750 5201
3099 2043
3099 5695
3099 721
5588 5893
4213 2493
5169 5924
5169 1528
1867 7153
3900 0
3089 3343
1628 4182
1628 3167
1628 6352
1408 4704
1408 3894
1408 2413
128 5019
1876 5893
459 5328
459 6917
459 3560
459 6024
1329 4584
2428 2707
3294 6768
1656 4339
1635 97
6468 927
3959 3599
3486 4186
3486 3025
371 3068
6036 5886
5014 5710
3001 6768
4817 1828
3553 3848
4114 1828
4114 325
925 5712
925 3845
925 3357
4863 58
4863 5572
4863 6909
6909 4836
6909 5069
6909 5905
6909 4863
6207 0
3962 4824
3962 7095
1192 2767
4019 3679
3040 4129
6742 430
2196 58
2196 5368
4012 6768
4407 4704
4407 6995
967 2449
967 2958
967 6514
914 3342
6521 5886
5267 750
1223 584
1223 5955
1223 1488
1223 1776
5559 5886
4095 6024
1816 1409
1701 1832
1701 3098
1701 3790
1701 3378
2559 6024
735 2669
735 4410
735 3068
5549 5822
5721 3730
5721 2493
5721 509
5721 1567
5721 5211
1497 541
2608 5815
5219 6368
5219 424
1131 826
2062 2607
6835 1238
3484 5456
6435 6197
1604 6752
1604 3620
1604 5468
6995 4196
2379 5914
3157 1776
2144 1479
6027 3560
6545 3959
6545 2908
3068 5994
3068 1088
3068 3415
3068 3582
3068 2119
3068 1995
3068 3890
2413 2472
2413 3098
2413 1408
2413 4407
5373 5886
5600 6296
5695 66
5695 1369
6146 6853
6890 6933
1430 6301
163 4182
163 3167
163 4369
3649 3560
1438 405
431 5994
431 326
431 2468
431 6051
431 1182
4823 6650
4823 4686
4823 6024
1999 5710
40 3832
364 374
4959 2524
4959 5962
4959 4583
5468 1604
3514 3357
101 4739
101 4872
3339 54
3339 3075
4404 3520
339 6937
339 3777
3125 3011
3125 1822
7443 7438
7443 7256
7443 7406
7443 7321
7443 7402
7443 7250
7443 7393
7443 7263
7443 7429
7203 7285
7203 7184
7203 7314
7203 7452
7203 7456
7203 7377
7203 7218
7203 7282
7203 7406
7203 7324
7203 7441
7203 7355
7203 7348
7203 7239
7203 7262
7203 7368
7203 7339
7293 7456
7293 7218
7293 7222
7293 7416
7293 7445
7293 7368
7293 7339
7381 7216
7244 7445
7255 7412
7255 7216
7255 7270
7255 7256
7255 7441
7255 7284
7255 7201
7255 7252
7255 7368
7196 7395
7196 7453
7196 7380
7196 7256
7196 7321
7196 7231
7196 7361
7196 7446
7196 7390
7196 7339
7277 7216
7277 7256
7277 7385
7277 7273
7304 7445
7285 7337
7285 7429
7318 7445
7438 7443
7438 7376
7438 7462
7438 7406
7438 7254
7235 7397
7235 7185
7235 7257
7235 7339
7190 7412
7190 7395
7190 7270
7190 7456
7190 7218
7190 7416
7190 7441
7190 7262
7190 7368
7190 7339
7373 7309
7373 7327
7373 7397
7373 7458
7373 7257
7193 7365
7193 7267
7193 7348
7383 7246
7398 7227
7398 7408
7398 7246
7398 7448
7309 7397
7364 7395
7364 7280
7364 7256
7364 7441
7364 7206
7364 7291
7364 7409
7364 7339
7186 7187
7186 7285
7186 7192
7186 7337
7186 7406
7186 7441
7186 7342
7186 7361
7186 7427
7186 7239
7186 7191
7186 7429
7333 7278
7333 7298
7333 7448
7453 7429
7223 7293
7223 7412
7223 7456
7223 7218
7223 7416
7223 7441
7223 7361
7223 7262
7223 7368
7223 7339
7209 7203
7209 7293
7209 7285
7209 7453
7209 7465
7209 7184
7209 7288
7209 7314
7209 7452
7209 7447
7209 7216
7209 7403
7209 7456
7209 7389
7209 7377
7209 7218
7209 7188
7209 7222
7209 7416
7209 7365
7209 7282
7209 7406
7209 7324
7209 7441
7209 7247
7209 7283
7209 7402
7209 7267
7209 7427
7209 7322
7209 7355
7209 7421
7209 7323
7209 7348
7209 7353
7209 7385
7209 7445
7209 7329
7209 7451
7209 7239
7209 7367
7209 7262
7209 7368
7209 7339
7209 7429
7376 7443
7376 7438
7376 7316
7376 7462
7376 7406
7376 7321
7376 7400
7376 7455
7376 7402
7376 7421
7376 7250
7376 7393
7376 7263
7376 7310
7376 7448
7243 7348
7420 7348
7303 7309
7303 7327
7303 7397
7303 7185
7303 7458
7303 7257
7303 7339
7350 7309
7350 7257
7410 7293
7410 7187
7410 7285
7410 7184
7410 7288
7410 7314
7410 7452
7410 7216
7410 7197
7410 7456
7410 7389
7410 7274
7410 7377
7410 7218
7410 7188
7410 7222
7410 7416
7410 7365
7410 7282
7410 7406
7410 7324
7410 7226
7410 7441
7410 7236
7410 7283
7410 7267
7410 7427
7410 7355
7410 7421
7410 7348
7410 7353
7410 7385
7410 7445
7410 7329
7410 7300
7410 7451
7410 7239
7410 7367
7410 7262
7410 7368
7410 7339
7410 7429
7316 7443
7316 7406
7316 7321
7465 7293
7465 7187
7465 7184
7465 7288
7465 7197
7465 7274
7465 7218
7465 7222
7465 7416
7465 7226