6768 3771
6768 6563
6768 1715
6768 4403
6768 2843
6768 3527
1655 6378
1655 3277
1655 6008
4532 4916
1043 1281
1043 84
1043 5225
1043 429
1043 4542
1043 1125
1043 1350
3 1598
3 6860
3 1999
2979 6605
2979 4433
1815 2897
3451 3699
3451 6081
3451 5480
2837 5933
5747 236
5747 2868
5747 4936
5747 6443
5747 1709
5747 374
5747 3849
5747 6016
164 2141
164 3103
2161 6951
2161 4651
2161 3962
5967 2005
5967 2028
5967 6882
5967 4875
5967 3548
5967 5405
5967 4684
5967 3339
37 1828
37 5968
37 2051
37 2143
37 5376
37 4977
37 991
37 5020
37 3616
37 438
37 2171
37 5158
37 4606
37 5240
37 3566
37 5519
37 3001
37 284
4881 5633
4881 4836
4881 5970
4881 1087
4881 201
4881 6432
4881 6201
4881 3936
4881 3129
4881 6135
4881 4333
4881 3565
4881 1012
4881 2359
4881 3672
4881 6909
4881 5346
4881 468
3534 3689
3534 803
3534 621
3534 5522
3534 4119
3534 1408
3534 4505
4810 1138
4810 4769
4810 3994
5941 2181
5941 6301
5941 953
5941 5647
5941 1124
5941 2428
4489 1019
4489 6564
4489 4
4489 5429
4489 1547
4489 6274
4489 6600
4489 3371
4489 3068
4489 4220
6514 3261
6514 4397
6514 3689
6514 1494
6514 4559
6514 187
6514 4078
6514 5031
6514 16
6514 692
6514 575
6514 5861
6514 5741
6514 5119
6514 4534
6514 5117
6514 5005
820 2053
820 992
820 3972
820 469
820 397
820 7165
820 378
820 3183
820 4928
820 800
820 4986
820 6274
820 2989
820 5009
820 4220
4214 4698
5375 6259
5375 6149
5375 3243
5375 3044
5375 2351
5375 5379
5375 4499
5375 2471
5375 2889
5375 3186
5375 4872
4170 3129
5741 5044
5741 115
5741 1641
5741 192
5741 1870
5741 4602
5741 405
5741 187
5741 6423
5741 608
5741 155
5741 16
5741 2607
5741 5113
5741 621
5741 5214
5741 575
5741 2121
5741 6514
5741 6243
5741 2865
5741 4094
5741 2313
5741 3672
5741 5078
5741 6784
5741 4639
5741 2544
5307 3840
5307 4573
5307 1561
5307 6540
5307 3221
2933 1979
2933 814
2933 2766
2933 890
447 1088
447 4471
447 4706
447 3337
447 634
447 119
447 1876
4880 4818
4880 832
4880 5167
1495 6498
1495 1676
1495 2805
1495 4549
1495 4215
1495 2936
1495 6714
1495 1126
1495 223
1495 3377
1495 805
1495 1556
1495 2927
1495 5601
1495 6195
1495 2560
1495 5799
1495 2019
1495 2709
1495 6275
1495 4875
1495 3281
1495 6646
1495 5199
1495 1907
1495 7022
1495 6499
1495 5125
1495 4589
1495 6894
1495 1816
1495 5081
1495 3113
6250 5605
6250 966
6250 5741
6250 5797
6250 4119
6250 3221
6250 570
2971 3965
2971 6146
4581 3810
4581 4379
4581 6636
4581 2181
4581 2356
4581 6132
4913 5762
4913 6163
4913 4796
4913 4104
4913 2246
4913 1810
4288 3848
6724 3219
6724 1140
6724 3048
6724 4913
6724 1845
6724 3482
6724 540
3667 3600
3667 3913
3667 6933
3667 3440
3667 6838
3667 1891
3667 1165
3667 669
3667 6511
3667 827
3667 887
3667 1456
3667 2607
3667 6093
3667 7023
3667 858
3667 1005
3805 4492
3805 2303
2717 4442
2717 6842
2717 3356
2717 874
3096 619
3096 2457
3096 6151
3096 258
3096 2553
3096 2475
3096 6526
3096 1604
3096 5080
3033 6378
3033 3476
3033 3628
3033 3959
5730 1493
5730 6577
5730 774
5730 5989
5730 3875
1682 5970
1682 255
1682 5893
1682 6201
1682 954
3083 417
3083 5548
3083 4425
3230 5680
3230 3439
3230 2709
3230 4297
5228 2684
5228 2638
5228 350
5228 1870
5228 1272
5228 6655
5228 945
5228 5093
5228 860
5228 1568
5228 1540
5228 4724
5228 616
5228 5307
5228 4976
5228 5631
5228 2428
5228 5219
5228 6835
5228 1769
4907 3626
4907 4110
4907 380
4907 2870
4907 6485
4907 996
4907 5253
4907 769
4907 6897
4907 2103
4907 3304
4907 1508
4907 4
4907 6625
4907 4489
4907 6753
4907 2600
4907 4092
4907 6240
4907 356
4907 3371
4907 3510
4907 2119
4907 435
4907 5417
4907 4892
4907 4220
4316 4110
4316 1019
4316 2186
4316 5531
4316 2675
4316 1905
4316 4878
4316 5734
3426 2801
5666 88
5666 5219
6757 4252
6757 3184
6757 4655
91 7133
91 5231
91 6454
91 5906
3597 4433
3597 273
1736 1687
6251 6744
6251 5547
6251 1904
6251 2676
6251 5665
6251 2950
6251 2086
6251 4340
6251 877
6251 2817
6251 3894
6251 4691
6251 3335
6251 6851
6251 3399
6251 5679
6251 2270
6251 1408
6251 6040
6251 4407
6251 5226
6251 5938
100 3894
6203 3036
6203 1138
6203 4769
6203 7065
6203 7125
2011 4680
1622 1126
1622 6187
1622 5837
1622 3011
1622 2220
1622 1495
1622 1677
1622 5499
1622 3548
1622 3530
68 3911
68 1565
68 780
68 6132
68 6094
68 621
68 1296
68 6768
68 4092
68 5989
68 6784
68 4863
4455 1455
4455 6755
4455 2119
4455 3174
4455 1264
424 4508
424 5219
5726 4858
5726 693
5726 4172
3186 4452
3186 6259
3186 6149
3186 2351
3186 6993
3186 4188
3186 6671
3186 6772
3186 1882
3186 6078
3186 2927
3186 5837
3186 6884
3186 7036
3186 1495
3186 4872
3186 6005
3186 5299
3186 2565
3186 2843
3186 3499
4574 5680
4574 6809
4574 2020
4574 273
1363 6091
1363 5711
1363 2004
1363 6888
6910 6149
6910 5638
6910 2471
6910 4494
6910 3113
1806 591
1806 1078
1806 3284
1806 4
1806 4489
1806 3562
3961 1333
3961 2779
3961 3129
3961 395
3961 3984
6820 5981
6820 199
6820 4064
6820 524
6820 2448
7079 4991
7079 2687
7079 290
6069 4575
6069 5368
6069 5491
6069 273
6069 4861
6069 5408
6069 5572
6069 6541
6069 1320
6069 3100
6069 6087
5554 1924
5554 799
5554 750
237 3662
237 6351
237 6919
237 1933
237 5952
237 4977
237 4491
237 5270
237 5782
237 430
237 2029
237 2222
237 3385
237 1825
237 1029
237 3616
237 438
237 2578
237 2171
237 5590
237 3136
237 6793
2623 5898
2623 3780
4859 6745
4859 6489
4859 4913
4859 1076
3374 5093
6152 5096
6152 5524
6152 7125
1038 3306
1038 3730
1038 283
5348 4804
5348 4739
5348 5786
5348 5925
5348 5405
6635 6744
6635 2752
6635 4628
6635 3098
6635 4691
6635 3663
6635 3396
6635 352
483 6087
1728 870
1728 4318
1728 2236
1728 6784
1531 2736
3661 5955
3661 5570
3661 2475
113 6744
113 58
113 3689
113 326
113 2791
113 1725
113 44
113 658
113 3951
113 2393
113 1074
113 6909
113 5788
113 4947
615 1019
615 6564
615 323
615 5531
615 6489
615 3066
615 1905
615 4878
615 5197
615 5855
615 2667
615 984
6789 4599
6789 2702
3575 2180
3575 4991
3575 3185
3575 2474
3575 1474
3575 6990
3575 3638
3575 4856
297 5462
297 6235
297 5750
297 619
297 3506
297 3544
297 5961
297 5398
297 5214
297 1617
297 4530
297 3218
3750 4330
3750 2167
3750 4697
3750 723
2243 2050
2243 4640
5836 2297
5836 2924
5836 1500
5836 3860
2627 6976
2627 2261
2627 5503
2627 338
2627 4905
2627 5398
2627 774
2627 2368
2627 5866
2627 6894
2627 5585
2627 1005
2745 5218
2745 5023
2745 1540
2745 1468
2745 616
2745 4682
2745 7027
2745 2596
563 2180
563 2068
563 6940
563 1663
563 3755
5303 5115
5303 4972
5303 3708
5303 6343
5303 341
5303 258
5303 1337
3866 5135
3866 241
3866 1847
3866 598
3866 5809
3866 1522
3866 4832
3866 2867
3866 4459
3866 957
3866 4511
3866 4900
3866 1601
1365 5955
1365 6838
1365 1222
1365 6511
5443 7125
6007 2888
6007 1609
6007 890
6007 2871
6007 5559
5951 1394
5951 6829
3501 5970
3501 6317
3501 296
3501 2018
3501 4548
119 3298
119 1411
119 6777
119 5555
119 2824
119 6199
119 5990
119 3612
119 447
119 3856
6185 179
6185 4943
6185 4925
6185 5280
6185 7123
6185 2314
6185 2180
6185 6276
6185 5157
6185 4257
6185 6586
6185 6940
6185 2732
6185 1948
6185 5877
6185 6606
6185 6905
6185 2990
6185 3490
6185 3116
6185 381
6185 3708
6185 3476
6185 6093
6185 2112
6185 5450
6185 3674
6185 4326
6185 3340
6185 6457
6185 1822
6185 1606
6185 5127
6185 3147
6185 4358
6185 6563
6185 3547
6185 4963
6185 1715
6185 2194
6185 104
4382 4311
4382 5988
4382 118
4382 2475
5657 1748
5657 1455
5657 4396
5657 996
5657 3342
5657 4715
5657 985
5657 4954
5657 6722
5657 423
5657 6442
5657 3510
5657 4900
5657 984
922 3679
922 3274
922 4062
922 3262
922 1573
6243 6662
6243 2577
6243 5924
6243 3129
6243 1277
6243 5673
6243 1926
6243 2440
6243 6275
6243 68
6243 5117
6243 79
6243 2869
6243 2973
6929 3142
6929 5150
6929 957
6929 2970
258 2553
258 5843
258 6146
258 5080
1698 3267
6070 3721
6070 7066
6070 2083
6070 3426
6070 1347
6070 7040
3782 3679
6541 956
6541 6288
6541 4401
6541 5864
6541 45
6541 5103
3757 7116
3757 5501
3757 2186
3757 3550
3757 5571
3757 3429
3757 5677
3757 5426
3757 2016
3757 4287
3757 6000
3757 5369
3757 4844
3757 3068
7086 1030
7086 6003
7086 2888
7086 5720
7086 5448
7086 1331
7086 3941
7086 2475
2387 2684
2387 350
2387 1272
2387 5806
2387 175
2387 3090
2387 4373
2387 4059
2387 145
2387 3806
2387 2736
2387 6596
2387 1408
2387 4407
2387 6260
2387 5219
2387 3309
3043 80
3043 49
3043 1797
3043 2468
3043 3068
3888 479
3888 1182
3888 925
6030 857
6030 6952
6030 15
6030 691
6030 6391
6585 5535
6585 2577
6585 3689
6585 803
6585 1528
6585 5741
6585 6243
6585 1465
6585 5117
6585 2973
3154 3129
3154 5560
3154 6695
3154 6145
491 3603
395 5535
395 1641
395 4848
395 5302
395 6770
395 692
395 2121
395 6450
395 3961
395 6243
395 2556
395 1964
395 1182
395 2146
395 398
395 925
395 666
395 1258
4149 380
4149 5071
3627 6976
3627 1423
3627 4657
3627 1165
3627 6911
3627 669
3627 2927
3627 3577
3627 4490
3627 7039
3627 819
3627 5707
3627 1120
3627 3599
3627 3790
3627 68
3627 6589
3627 1273
3627 3855
3627 3486
3627 2845
3627 5585
3627 2826
6638 1783
6638 3429
6638 3739
6638 2246
6638 615
6638 2667
6638 5734
4246 4916
3380 6883
3380 4666
3380 4828
985 49
985 3342
985 6000
985 4102
985 2869
1871 2051
1871 5376
1871 1029
1871 280
1871 5240
1871 3294
5822 286
5822 5350
5822 6731
5822 3148
5822 3175
5822 5754
5822 6488
5822 3935
5822 861
5822 6742
5822 5549
839 4977
839 3935
3446 964
2342 4541
2342 1765
2342 925
3302 3357
3302 5447
3302 5164
3302 398
3302 2587
1025 2025
1025 5319
1025 3538
1025 3695
1025 380
1025 5278
1025 769
1025 2656
1025 5302
1025 4954
1025 6531
1025 97
1025 4892
5370 1124
4044 529
4044 6313
4044 5664
4044 1876
988 5885
988 3004
988 715
988 892
988 6464
3785 1703
3785 2958
3785 4075
3785 860
3785 3831
3785 6200
3785 6295
3785 6540
3785 3399
3785 967
3785 6819
4954 3626
4954 3538
4954 1641
4954 4747
4954 2870
4954 3679
4954 4024
4954 7105
4954 3015
4954 3304
4954 1931
4954 5493
4954 1330
4954 3468
4954 2600
4954 1182
4954 97
4954 1059
4954 3562
4954 3068
725 4524
725 1214
725 3743
725 2118
725 5948
725 4472
725 1000
725 5588
725 102
1569 5683
4849 1852
3920 3507
3920 6220
3920 3349
3920 1070
3920 5448
3920 5865
3920 3517
3920 1598
3920 2748
3920 1331
3920 1863
3920 5289
3920 3683
3920 4536
3920 1616
1549 2441
1549 273
1549 4861
1549 3276
1549 3479
1549 6087
2239 4769
2239 4466
683 5929
683 3042
683 5999
6179 4142
6179 6481
6179 3435
6179 7142
6179 4506
6179 3183
6179 6951
6179 3962
1669 1042
1669 4123
1669 2993
1669 2739
1669 5418
1669 1940
1669 5884
4454 137
5999 1283
5999 2958
5999 6594
5999 2444
5999 2328
5999 1074
3271 6665
2921 4625
2921 6322
2921 6953
2921 3493
2921 4676
4181 4960
4181 6259
4181 6149
4181 5007
4181 2483
4181 6809
4181 3377
4181 3719
4181 5357
4181 580
4181 5017
4181 5601
4181 196
4181 2709
4181 4860
4181 1677
4181 5299
4181 5892
5418 846
5418 6716
5418 2739
5418 6394
6646 4604
6646 6427
6646 6100
6646 6197
6646 5877
6646 2927
6646 487
6646 1495
6646 1822
6646 4619
6646 290
6646 1061
6646 5785
6441 5368
6441 6809
6441 1751
6441 4672
3341 4433
3341 5579
3341 273
3341 1290
6375 463
6375 6371
6375 5914
6375 1905
6375 4240
6375 3615
6375 2014
6375 3183
6375 523
6375 2044
6375 3856
6375 327
4420 4026
4420 3172
4420 2499
4420 4747
4420 2664
4420 3015
4420 5287
4420 5302
4420 4305
4420 6136
4420 859
4420 1239
4420 4907
4420 6755
4420 1321
4420 2728
4420 97
4420 2720
4420 5286
4420 4102
4420 3174
4420 3040
4420 3419
4420 3562
4420 1838
3494 4988
3494 6838
3494 2530
3494 5080
1379 3979
1379 3478
1379 5773
1379 6240
1379 1601
555 1676
555 1212
555 3577
555 1296
555 6457
555 5041
555 290
555 1857
555 858
4653 5680
4653 6809
4653 43
5996 71
5996 6781
5996 3846
5996 5570
5996 1070
5996 3784
5996 1850
5996 5886
5996 3661
5996 3563
5996 2553
5996 5757
2689 388
2689 4575
2689 143
2689 4820
2689 1559
2689 2320
2689 6530
2689 7113
2689 5368
2689 1217
2689 5491
2689 956
2689 2441
2689 4072
2689 4433
2689 4861
2689 6543
2689 1911
2689 6393
2689 3221
2689 4863
2689 2730
6924 397
6924 3183
1841 843
1841 5423
1841 6897
1841 479
1841 1586
1841 61
1841 2673
1841 4420
1841 2293
1841 6000
3928 5269
3928 899
3928 2567
3928 2339
3928 3972
3928 6481
3928 965
3928 4796
3928 5948
3928 135
3928 5620
3928 4651
3928 4655
3928 1000
5309 1493
1911 3925
1911 3375
1911 956
1911 2777
1911 6817
1911 6505
1911 4261
1911 5972
1911 6543
1911 6393
975 5745
975 6256
975 6851
975 1937
2771 3589
2771 4310
2771 556
2771 1890
1306 6360
4757 3406
4757 3699
4757 4854
4757 4088
4470 6933
3105 3221
6574 6239
6574 5482
6574 2607
6574 7077
6574 2939
6574 2062
6574 1258
7050 3653
7050 5311
7050 3287
7050 4222
7050 799
5548 3990
5548 6567
5548 4632
5548 4938
5548 6412
5548 5279
5548 2847
5548 6665
5548 5865
5548 5503
5548 2023
5548 1639
5548 1330
5548 784
5548 2545
5548 5961
5548 5216
5548 5799
5548 4846
5548 575
5548 1617
5548 5334
5548 4530
5548 3271
5548 4317
5548 6753
5548 6589
5548 691
5548 6358
5548 24
5548 1690
5548 1280
5548 1957
131 2465
131 54
131 2279
131 5017
131 4051
131 6992
131 4875
131 2121
131 3858
131 3339
6373 1905
4317 3913
4317 5535
4317 6187
4317 784
4317 417
4317 6987
4317 4530
4317 3536
4317 3734
4317 6047
4317 5585
1249 3698
1249 1293
1399 2068
1399 1474
1399 120
6336 1901
6336 3140
6336 5773
6336 6188
6336 2978
6336 1463
3984 3786
3984 2016
3984 68
3984 5905
6873 1125
2044 1083
2044 1214
2044 2860
2044 2824
2044 4706
2044 10
2044 1969
2044 4189
2044 5253
2044 4240
2044 854
2044 7165
2044 6199
2044 378
2044 4824
2044 4986
2044 119
2044 6375
2044 6274
2044 3482
2044 5617
2044 5588
2044 1876
2044 5417
2044 5009
5902 3321
5902 1832
5902 918
5902 4196
5902 6201
5902 5809
5902 2593
5902 6051
5902 3040
890 6453
890 221
890 2683
890 4700
890 1952
890 3212
890 5959
890 1240
485 5985
485 2752
485 5900
485 2396
485 1080
485 3286
485 538
485 4078
485 4018
485 534
485 3587
485 4340
485 877
485 2685
485 1248
485 3896
485 5244
485 4691
485 401
485 5741
485 5797
485 6584
485 3874
485 6851
485 3368
485 2270
485 4951
485 4151
485 3396
485 4669
485 3908
485 352
485 6835
485 5200
485 1258
2912 6049
1768 6883
1768 3212
1768 6539
1304 331
1304 2214
1304 2809
316 2730
3300 2778
3300 2028
3300 1587
3300 4126
3300 430
3300 496
3300 6927
3300 3939
3300 1525
3300 6463
3300 1344
3300 284
3300 4136
4828 6883
4828 3875
1990 3385
1990 2139
1177 5720
1177 3517
1177 1598
1177 1952
1177 3212
2929 49
2929 3066
2929 4374
2929 2629
2929 3966
2929 1339
2929 2869
2929 984
4650 1662
4650 2701
4650 1293
6978 4660
6978 66
6978 5069
6978 4843
6978 2182
6978 4490
6978 789
6978 5785
2296 3526
2296 6553
2296 6128
2296 4147
402 5680
4872 4837
4872 6714
4872 2225
4872 2911
4872 6908
4872 1
4872 5420
4872 5799
4872 4841
4872 2710
4872 1544
4872 3486
4872 62
4872 1192
3311 3047
3311 1715
1122 4326
1122 4622
1479 672
1479 6809
1479 2472
1479 2942
1479 1658
1479 3230
1479 5943
1479 3221
1479 1408
1479 2144
1479 2413
3563 5955
3563 2888
3563 6008
3563 5043
3563 5757
3563 1776
1582 18
1582 3357
1582 5503
1582 1132
1582 2652
1582 2293
1582 3378
94 6149
94 2948
94 7123
94 6911
94 2732
94 338
94 976
94 916
94 556
94 551
94 5310
94 1582
94 1405
94 6752
94 6499
94 2516
94 1604
6510 3502
6510 4804
6510 1376
6510 5561
6510 2614
6510 6506
6510 4223
6510 1677
6510 3287
4081 7111
6457 4837
6457 2936
6457 6518
6457 4972
6457 2474
6457 2767
6457 3063
6457 4007
6457 136
6457 1655
6457 6185
6457 6045
6457 1273
7012 6666
7012 4492
3376 969
2654 5287
2654 3832
2654 3037
962 1783
962 4521
962 2656
962 3284
962 3562
3671 2152
3671 2991
3671 4858
3671 4196
3671 3960
3671 306
3671 1401
3671 6678
3671 3663
3671 1408
3671 6501
3671 1253
3671 6995
6439 1570
6439 1633
6439 2638
6439 860
6439 4421
6439 2736
2556 2789
2556 3736
2556 3913
2556 4100
2556 5049
2556 4396
2556 6494
2556 450
2556 7115
2556 676
2556 827
2556 7136
2556 3468
2556 3961
2556 395
2556 6978
2556 1964
2556 97
2556 4117
2556 5573
2556 5874
2556 4947
2556 806
2978 1641
2978 1901
2978 5987
2978 1455
2978 2779
2978 3140
2978 1783
2978 4839
2978 5677
2978 7115
2978 171
2978 5724
2978 3284
2978 3873
2978 634
2978 6188
2978 5035
2978 1841
2978 6274
2978 2995
2978 1339
2978 5243
2978 3593
2978 1463
1588 5219
4512 5814
4512 6511
4512 3708
4512 518
4512 2250
4512 4963
4059 2657
4059 3111
4059 4373
4059 1130
6068 590
1704 3651
1704 1811
6704 260
6704 5867
6704 6397
6704 2832
6704 2663
6704 1709
6704 556
6704 4326
6704 136
6704 1122
6704 4049
6704 6936
6704 4622
6704 4144
2740 5269
2740 1641
2740 323
2740 2675
2740 671
2740 4796
2740 3928
2740 3482
2740 1000
2740 1182
5797 5994
5797 1641
5797 7161
5797 574
5797 3980
5797 2607
5797 2313
5797 5910
5797 1408
2187 1301
2187 4308
2187 5098
2187 6377
2187 4991
2187 3719
2187 2068
2187 2018
2187 7161
2187 120
2187 3980
2187 5017
2187 4490
2187 658
2187 6882
2187 7182
2187 1562
2187 1296
2187 6301
2187 750
2187 4468
2187 79
2187 2364
2187 6435
2187 3339
2187 3437
6331 3375
6331 5972
6331 3100
6331 4265
5133 1230
5133 1493
5133 6187
5133 6768
5133 2556
5133 831
5133 472
5133 806
5133 2826
5133 4505
5729 6166
5729 2143
5729 6425
5729 222
5729 237
5729 5114
5199 5535
5199 4549
5199 4894
5199 5504
5199 2663
5199 6158
5199 4991
5199 1010
5199 6071
5199 5877
5199 676
5199 5837
5199 4895
5199 5193
5199 575
5199 5220
5199 4603
5199 6978
5199 1822
5199 2080
5199 3849
5199 1654
5199 1989
5199 1663
5199 1857
5199 6487
5199 806
5199 3530
5199 2843
5199 3125
518 4972
518 3708
518 6358
518 2861
3856 1083
3856 1214
3856 4471
3856 2860
3856 2053
3856 10
3856 469
3856 4189
3856 1078
3856 1783
3856 854
3856 2118
3856 4986
3856 447
3856 1845
3856 6274
3856 4834
3856 356
3856 1876
3856 5417
3856 5009
3856 4220
2134 5535
2134 5462
2134 3243
2134 4379
2134 6071
2134 5673
2134 3544
2134 2556
2134 3754
2134 5314
2134 703
2134 2146
2134 6784
1811 5094
1811 5723
1811 1335
1811 3725
1811 4045
1811 1640
1811 3086
2754 6164
69 6847
69 5758
69 5065
69 3111
69 1773
69 5441
69 175
69 4373
69 7015
69 5941
69 2736
69 4115
69 1124
69 2413
1477 6472
1808 5547
1808 2752
1808 1951
6540 1494
6540 6920
6540 1124
6540 5790
6540 4669
3658 4196
3658 2018
3658 4251
3658 849
3335 6744
3335 201
3335 3286
3335 6
3335 2050
3335 3894
3335 4691
3335 401
324 1219
324 6261
324 4901
324 6436
324 4479
324 3932
3754 3440
3754 2968
3754 6911
3754 3828
3754 2545
3754 5053
3754 768
3754 297
3754 2289
3754 5989
3754 5564
5855 397
6005 4607
6005 903
6005 3120
6005 484
6005 5858
6005 1449
6005 2843
4369 4308
4369 6176
4369 2018
4369 6727
4369 581
4369 682
4369 4911
374 1066
374 2278
374 4437
374 6878
374 2868
374 6443
374 6056
374 551
374 6888
2687 1426
2687 473
2687 3638
4479 324
4479 1137
935 3972
935 1364
935 7142
935 3183
7149 282
7149 6346
7149 2236
7149 5151
7149 3959
7149 6784
7149 4505
2293 3626
2293 6169
2293 5712
2293 3752
2293 591
2293 764
2293 6494
2293 3015
2293 1926
2293 171
2293 5302
2293 4389
2293 4725
2293 5257
2293 4555
2293 5429
2293 4355
2293 4454
2293 6051
2293 2728
2293 3668
2293 806
2293 3562
2293 3484
2293 4932
4013 1076
5212 6552
5212 4398
5212 6537
5212 1919
5212 1560
5212 5260
5212 1428
5212 5996
5212 5681
5212 3343
1436 255
1436 2016
5347 2577
5347 187
5347 4584
5347 5117
5347 1329
6337 5895
6337 5470
6337 5945
6337 524
6337 5917
6337 6820
6337 6866
6337 5757
2586 68
5876 4460
5876 5813
5119 3936
5119 5005
6918 5604
6918 781
6918 902
6918 2350
6918 4955
6918 4311
6918 2280
6918 1566
6918 524
6918 4828
6918 1192
6918 2516
6918 3735
5800 1852
5800 4858
5800 2211
4049 6342
4049 4888
4049 5394
4049 5747
4740 1832
4740 2568
6604 349
6604 2022
6604 205
6604 4652
5815 6054
5815 5337
5815 5045
5815 2351
5815 6908
5815 4143
5815 436
5815 4721
5815 5830
5815 5801
5815 2691
5815 1728
5815 2865
5815 774
5815 64
5815 1675
5815 5585
5815 1838
5026 1032
2340 6185
909 3215
909 5747
909 5650
909 2447
909 2801
909 3480
6584 4659
6584 192
6584 4628
6584 5832
6584 5453
6584 3098
6584 3663
6584 6851
6584 2131
6584 1003
6584 1258
6584 4279
1394 5263
1394 2189
1394 5055
1394 3172
1394 6377
1394 2018
1394 2103
1394 2050
1394 803
1394 621
1394 6458
1394 2345
1394 138
6755 1889
6755 6897
6755 2034
6755 4455
6755 4420
6755 6000
6755 1264
5294 5954
5294 5206
5681 3913
5681 6772
5681 1493
5681 6511
5681 548
5681 22
5681 64
5681 2475
5681 5585
7023 2577
7023 1942
7023 3440
7023 538
7023 3234
7023 722
7023 692
7023 6901
7023 3875
7023 6177
7023 2973
1465 3004
1465 6662
1465 5535
1465 5466
1465 2116
1465 1942
1465 1333
1465 3786
1465 4890
1465 6464
1465 49
1465 5924
1465 808
1465 1926
1465 6787
1465 692
1465 2093
1465 68
1465 395
1465 2041
1465 5117
1465 5905
1465 460
1465 1888
1465 203
5763 5914
2041 5712
2041 1760
2041 768
2041 5707
2041 924
2041 3875
2041 5667
2041 203
4287 3695
4287 380
4287 5278
4287 5987
4287 1455
4287 2468
4287 769
4287 5848
4287 3401
4287 4878
4287 4826
4287 4892
4287 3484
4287 3068
3378 2811
3378 2997
3378 846
3378 2225
3378 4938
3378 5148
3378 1037
3378 2351
3378 5065
3378 4843
3378 3377
3378 2779
3378 3766
3378 7115
3378 3277
3378 5801
3378 3476
3378 6136
3378 5858
3378 6244
3378 6531
3378 4358
3378 6117
3378 1339
3378 1253
3378 6607
3378 7058
3378 4932
3378 3125
3993 236
3993 3215
3993 6704
3993 374
1573 3274
1573 3262
1573 6018
1573 1645
1573 268
1573 922
1573 691
3212 71
3212 1566
3212 2489
3212 6279
3212 890
3212 1768
3212 6752
3212 6539
3212 5835
6618 5857
6618 506
6618 3148
6618 7053
6618 1974
6618 1583
6618 4297
6618 5790
6618 6087
6618 101
6107 18
6107 5712
2816 1088
2816 2675
2816 671
2816 854
2816 3170
2816 6108
2816 1845
7051 1942
7051 5400
7051 3754
7051 2041
7051 6223
7051 203
1320 1779
1320 4820
1320 2320
1320 4847
1320 7072
1320 6605
1320 454
1320 4694
1320 6768
1320 5943
1320 3045
1320 3221
1320 2503
1320 3276
1320 4407
1320 2413
1320 5103
2967 7139
2967 3036
2967 5384
2967 2452
2967 3864
2967 2225
2967 6665
2967 3727
2967 4332
2967 2368
2967 6422
2967 6009
2967 5139
6066 5456
6066 3651
6066 1981
6066 1797
6066 479
6066 3832
6066 6280
3874 5044
3874 4308
3874 255
3874 2899
3874 201
3874 2855
3874 6901
3874 957
3874 3663
3874 3657
3874 2973
5795 3486
186 1030
186 4722
186 6885
186 6364
186 6853
186 3392
186 2549
186 5840
186 603
186 1331
186 2277
186 1317
186 7008
186 575
186 922
186 5273
186 822
186 7125
186 4921
186 1680
186 2782
1342 895
1342 3510
3691 3188
3691 3172
3691 4094
1845 6371
1845 210
1845 6163
1845 671
1845 4687
1845 3759
1845 7165
1845 2118
1845 4928
1845 4986
1845 4913
1845 2044
1845 4081
1845 2740
1845 2816
1845 1000
1845 2737
1845 2622
1822 5350
1822 1376
1822 4188
1822 6423
1822 6710
1822 4721
1822 2889
1822 5683
1822 3293
1822 3849
1822 3147
1822 6088
1822 837
1822 4494
1822 2040
1822 1061
5327 5115
5327 2474
5327 2927
5327 4626
5327 5220
5327 6045
5327 691
5327 24
5327 5784
5327 1663
6161 3913
6161 255
6161 1387
6161 5319
6161 1641
6161 1455
6161 4889
6161 6464
6161 6317
6161 1855
6161 6996
6161 859
6161 5022
6161 3888
6161 2041
6161 1888
6161 2424
4638 3098
4638 3894
4638 1408
4638 4407
4638 6995
6086 4308
6086 1641
6086 54
6086 3719
6086 2018
6086 580
6086 3980
6086 5017
6086 6882
6086 7182
6086 1296
6086 4355
6086 6435
6086 4856
6086 3339
6086 3437
3107 4804
3107 737
3107 3963
3107 687
4292 5953
4292 3918
4292 2972
2497 3891
2497 889
2497 4691
2497 6058
2497 3908
2568 4948
2568 255
2568 1832
2568 2150
2568 4196
2568 523
2568 5614
2568 954
2568 4044
2568 4082
6930 1964
6930 1438
3344 3674
4247 5094
4247 6565
4247 3357
4247 103
4247 2430
4247 4425
4247 1643
4247 1646
292 1030
292 5840
292 6917
292 2277
292 3560
292 822
292 1680
4303 2018
4303 187
4303 6575
4303 174
1095 1025
5095 568
5095 4584
5095 581
5095 4119
5095 6995
5959 3507
5959 6268
5959 2832
5959 2202
5959 4339
5959 1136
5959 5056
5959 1890
5959 1940
5959 5444
5959 1625
5959 696
3206 6877
3206 6443
3206 1347
2003 1641
2003 6377
2003 6494
2003 2018
6024 2533
6024 6216
6024 6976
6024 3434
6024 3554
6024 781
6024 4196
6024 422
6024 6096
6024 780
6024 669
6024 5302
6024 537
6024 6008
6024 4905
6024 827
6024 6947
6024 7039
6024 789
6024 4314
6024 5386
6024 5314
6024 2190
6024 2146
6024 1661
6024 5695
6024 4855
3895 6552
3895 1070
3895 1919
3895 3725
3895 6047
3895 5131
185 6081
185 5480
4562 2961
4562 6402
4562 6919
4562 1180
4562 5011
4562 375
6945 4152
6945 4432
6945 4508
6945 3377
6945 5039
6945 3232
6945 4109
6945 1562
6673 7056
6673 3025
6673 5707
4438 18
4438 5042
4438 3208
4438 7175
4438 1132
4438 5216
4438 61
4438 3790
4438 5334
4438 1701
4438 1280
1606 5157
1606 5927
1606 3290
1606 3340
1606 6185
1606 104
1606 2594
5198 184
5198 1928
5198 6464
5198 5848
5198 1783
5198 5287
5198 3468
5198 6243
5198 2293
5198 691
5198 6274
2248 5135
2248 241
2248 5595
2248 115
2248 1641
2248 5065
2248 1870
2248 5352
2248 2616
2248 4355
2248 4082
2248 2628
2248 2413
2248 4932
3926 826
3926 3743
3926 615
3926 3856
3926 1292
3926 5734
3442 580
3442 4181
22 3589
22 6220
22 5289
3005 1285
3005 2185
3005 1141
3005 1803
3005 6830
3005 6715
3005 3421
3005 4857
1446 3357
1446 6115
1446 925
1446 974
1183 463
1183 685
1183 1845
1183 4655
2898 116
2898 5280
2898 1126
2898 5601
2898 5394
2898 1298
2898 6783
2898 2388
2969 2005
2969 535
2969 5039
2969 4242
2969 3711
2969 1449
6715 1803
6715 758
6715 7033
6715 7090
6715 419
6715 4857
4201 3793
4229 4198
5685 6591
5685 368
5685 5503
5685 5152
5685 3428
5685 3273
5685 2754
5685 5828
5685 6350
5742 1570
5742 1024
5742 1870
5742 1272
5742 3840
5742 2234
5742 5093
5742 7052
5742 5769
5742 4409
5742 5615
5742 5228
5742 3105
5742 4976
5742 1348
5742 6596
5742 1259
5742 4411
5742 6835
5742 1769
5742 6062
6753 6485
6753 6897
6753 4816
6753 6256
6753 5587
6753 3890
3293 4193
3293 2106
3293 1939
3293 3150
3293 2351
3293 793
3293 325
3293 1324
3293 6186
3293 2338
3293 6606
3293 5298
3293 5776
3293 4494
3293 1575
3293 2188
5127 6259
5127 1376
5127 1324
5127 4766
5127 4461
5127 2990
5127 6830
5127 4841
5127 4990
5127 1495
5127 3005
5127 1677
5127 1787
5127 3007
5127 2516
5127 4702
5127 3735
5937 7024
5937 2472
5937 1562
5937 1038
5937 3500
5937 1253
2506 782
2506 1034
2506 839
2506 4161
2865 4747
2865 4396
2865 1926
2865 3650
2865 859
2865 575
2865 1321
2865 6088
2865 2455
4619 4660
4619 172
4619 487
4619 6145
4619 563
4619 3154
4619 6646
4619 6088
4619 1449
1117 1288
1117 134
1117 6805
1117 3575
1117 3548
1117 5545
6000 4100
6000 3538
6000 380
6000 4396
6000 1797
6000 2468
6000 3528
6000 1931
6000 2734
6000 78
6000 1330
6000 3468
6000 6755
6000 6753
6000 1819
1907 1991
1907 4432
1907 3055
1907 506
1907 6288
1907 7053
1907 1495
1907 4297
1907 4953
1907 6798
1907 5600
1907 101
4870 6293
4870 6393
4870 4265
7153 2811
7153 5262
7153 745
7153 6781
7153 4972
7153 4398
7153 1189
7153 6911
7153 6537
7153 7047
7153 6511
7153 1645
7153 5260
7153 6133
7153 691
7153 1867
1679 192
1679 4075
1679 6251
1679 1808
5086 2888
3771 2805
3771 916
3771 3281
4346 6293
4346 5408
4346 6543
4346 1911
5943 214
5943 7162
5943 2329
5943 2557
5943 5424
5943 478
5943 6603
5943 74
5943 2264
5943 2428
5943 3433
5943 5103
5943 339
2849 4832
2849 5614
2849 2119
2849 5587
2849 3068
3654 6357
1687 2752
1687 6815
1687 224
1687 2716
1687 2085
1687 4659
1687 5186
1687 6323
1687 517
1687 5038
1687 2676
1687 7181
1687 5665
1687 1238
1687 5315
1687 2817
1687 52
1687 1932
1687 4724
1687 3894
1687 2353
1687 5128
1687 4658
1687 4951
1687 2131
1687 352
1687 5477
1687 1978
1727 3414
1727 2524
1727 4024
1727 3725
1727 417
1727 2902
1727 3761
1727 3568
6506 4180
6506 1607
6506 2805
6506 4188
6506 4143
6506 916
6506 2560
6506 731
6506 2714
6506 7022
728 1372
728 7036
728 1426
728 473
728 3638
728 6241
138 241
138 2025
138 1832
138 6096
138 392
138 3663
138 871
895 6536
895 1342
924 2903
924 2847
924 5229
924 740
924 4317
924 2289
924 6223
924 3734
924 1635
4860 2005
4860 1666
4860 5007
4768 1301
4768 601
4768 5098
6589 5712
6589 2180
6589 6551
6589 2812
6589 3529
6589 6554
6589 6799
6589 338
6589 722
6589 6093
6589 61
6589 4314
6589 1544
6589 2627
6589 3627
6589 2298
6589 1005
2289 1942
2289 6933
2289 7136
2289 3544
2289 4389
2289 6024
2289 5314
2289 6223
2289 2146
2289 5564
2298 5049
2298 4747
2298 4889
2298 4024
2298 3357
2298 7105
2298 5287
2298 3273
2298 1920
2298 3690
2298 911
2298 4707
2298 5198
2298 2219
2298 1321
2298 2728
2298 6680
2298 1646
774 179
774 1889
774 18
774 846
774 6714
774 6772
774 2732
774 5877
774 916
774 3708
774 3069
774 6224
774 1544
774 4963
774 2194
774 3510
774 2608
6531 4026
6531 4100
6531 3538
6531 1641
6531 4747
6531 2870
6531 4024
6531 5253
6531 2862
6531 5287
6531 3304
6531 6448
6531 5302
6531 4826
6531 3468
6531 6755
6531 2600
6531 2728
6531 1182
6531 3484
4586 1725
4586 5686
4586 621
4586 4881
4586 5902
4586 5905
4586 6909
6632 843
6632 6412
6632 1976
6632 61
6632 4846
6632 5223
6632 4454
6632 3568
4534 6346
4534 3635
4534 5686
4534 6094
4534 453
4534 6657
4534 3599
4534 3894
4534 3575
4534 1399
4534 5902
4534 4119
4534 3221
4534 5151
4534 1074
4534 3959
4534 2413
4534 4560
4534 2908
6348 2339
6348 204
6348 2672
2360 6412
2360 1976
2360 61
2360 3709
4976 1922
4976 3793
4976 4724
4976 5307
4976 3221
1894 5085
1894 1361
1894 1035
1894 2356
1894 2909
1894 5102
1894 1426
1894 2359
6927 6196
6927 5350
6927 675
6927 2624
6927 5860
6927 1328
6927 790
6927 1344
305 622
305 2911
305 2351
305 6184
305 6475
2425 4473
2425 4072
7092 4072
7092 273
7092 45
7092 6087
875 3595
875 3151
875 6820
875 3563
6722 1390
6722 1019
6722 6608
6722 2186
6722 5278
6722 1455
6722 4396
6722 3140
6722 4623
6722 4839
6722 2349
6722 5724
6722 5035
6722 2016
6722 1841
6722 2667
3849 6976
3849 6050
3849 5045
3849 6149
3849 2278
3849 2690
3849 2767
3849 4936
3849 2471
3849 6423
3849 1913
3849 5877
3849 669
3849 6443
3849 5298
3849 4646
3849 4908
3849 551
3849 2220
3849 94
3849 5199
3849 3378
3849 1822
3849 3125
5206 1828
5206 5294
5206 790
5522 5994
5522 3655
5522 6836
5522 4333
5522 2121
5522 3565
5522 5095
5522 4119
5522 468
796 1455
796 4196
796 4418
796 649
796 2677
1466 6567
1466 18
1466 1919
2343 4836
2343 872
2343 4432
2343 3232
2343 5357
2343 6590
2343 6296
2343 5600
2343 4932
5235 1125
3194 2567
1405 4749
1405 2990
1405 6715
1405 3007
1576 6574
1576 7077
6752 4673
6752 1389
6752 2071
6752 4536
6752 3212
1031 5094
1031 5712
1031 3651
1031 3540
1031 479
1031 5100
1031 1811
1031 6066
1031 4425
1031 925
2902 1308
2902 3487
2902 1928
2902 1797
2902 7175
2902 6721
2902 5216
2902 2430
2902 4777
2902 5334
2902 230
2902 4959
2531 4203
1347 7066
1347 1803
1347 5606
6138 480
6138 5332
6138 3055
6138 1408
6138 4932
2398 3443
5965 5045
5965 2948
5965 5220
5965 4963
4714 4544
3498 2549
473 4836
473 5085
473 1035
473 2429
6085 663
6085 4575
6085 3375
6085 956
6085 382
6085 2576
6085 6817
6085 4401
6085 4261
6085 5972
6085 508
6085 1911
6085 6393
691 3600
691 4291
691 4527
691 3379
691 3845
691 4972
691 857
691 4024
691 408
691 6511
691 2545
691 2301
691 3708
691 1765
691 6361
691 61
691 15
691 118
691 4382
691 3271
691 5681
691 2528
691 1351
1592 2811
1592 5932
1592 5080
1865 6744
1865 5347
2548 465
2548 521
2548 4861
3147 3259
3147 3567
3147 2805
3147 4717
3147 3711
3147 2614
3147 1822
3147 1417
3147 898
3147 2843
3291 1476
3291 6847
3291 2991
3291 3730
3291 4276
3291 5415
3291 2429
3291 5370
3291 6661
3291 1074
3291 4863
3291 1816
3291 6748
6951 1088
6951 5339
6951 6338
6951 4254
6951 3972
6951 4142
6951 469
6951 1364
6951 891
6951 7064
6951 6745
6951 6163
6951 3928
6951 7042
4082 241
4082 1847
4082 6169
4082 1520
4082 598
4082 1641
4082 6513
4082 4816
4082 1522
4082 3808
4082 2543
4082 275
4082 2867
4082 3303
4082 3167
4082 4459
4082 957
4082 4369
4082 2248
4082 4511
4082 423
4082 6456
4082 2981
1065 6216
1065 4991
1065 6197
1065 2590
1065 1296
1065 4603
1065 2080
1065 6435
1982 111
5349 383
5349 408
5349 1165
5349 3828
5349 6597
5349 3734
5349 6545
1036 3689
1036 3167
1036 35
1036 3534
1036 5522
1036 6995
1036 5346
225 1408
225 2413
6851 5547
6851 5535
6851 4592
6851 1693
6851 1904
6851 6562
6851 824
6851 3286
6851 6408
6851 4282
6851 5416
6851 2685
6851 1248
6851 5670
6851 5117
6851 2131
6851 4022
6851 666
6851 5226
6851 565
1812 535
1812 4660
1812 4717
1812 2974
1812 1449
1300 5200
6335 2493
6335 1567
6335 4213
6335 1816
6274 463
6274 1019
6274 1641
6274 2186
6274 2053
6274 5100
6274 5677
6274 3183
6274 2929
6274 3856
6274 6722
6274 6600
6274 5009
6274 3562
3336 407
3336 3679
3336 2277
3336 5090
3336 1645
3336 691
2630 6067
2600 3626
2600 4592
2600 380
2600 4024
2600 5591
2600 4282
2600 1561
2600 1837
4297 5562
4297 4960
4297 5643
4297 6149
4297 3044
4297 1536
4297 454
4297 2471
4297 5743
4297 4717
4297 1974
4297 2974
4297 3011
4297 1495
4297 2428
4781 5065
2935 6911
5752 1559
5752 1479
5752 1320
5752 3100
5752 3520
2813 6590
6326 5562
6326 1997
6326 1939
6326 2028
6326 782
6326 5298
6326 927
6326 5683
6326 3611
6326 2139
6326 3300
6326 6503
6326 4136
4879 6356
2943 6674
2943 1102
2943 1983
2943 3192
2943 957
2943 4900
4092 3913
4092 3004
4092 5535
4092 5827
4092 4890
4092 6464
4092 808
4092 6071
4092 1926
4092 3690
4092 5022
4092 3984
4092 2041
4092 3536
4092 1888
4092 203
4956 3662
4956 3692
4956 1029
4956 280
4956 37
4956 4147
1758 6927
5333 6754
5333 2989
4502 4858
3078 3965
3078 3357
3078 3274
3078 3812
3078 6146
7155 5470
7155 2818
7155 1786
7155 6599
7155 1604
7155 5468
1113 1283
1113 5069
1113 6616
1113 1750
1113 2068
1113 1839
1113 2356
1113 1652
1113 4333
1113 5615
1113 6768
1113 6514
1113 6978
1113 468
1113 6748
1113 4404
4472 463
4472 992
4472 1827
4472 1783
4472 6015
4472 2246
4472 6110
4651 5339
4651 6338
4651 6777
4651 1470
4651 3226
4651 6481
4651 4928
4651 6179
4511 5135
4511 241
4511 426
4511 6169
4511 1832
4511 6201
4511 6513
4511 4251
4511 4348
4511 2867
4511 3658
4511 1537
4511 6568
4172 2152
4172 3960
4172 6726
4172 2211
6843 4001
1615 922
7171 4394
7171 1087
7171 3936
7171 3840
7171 621
7171 2354
7171 4245
7171 5904
7171 3657
7171 6935
7171 4411
7171 5005
1968 843
1968 184
1968 3651
1968 6403
1968 4889
1968 7105
1968 2114
1968 1919
1968 61
1968 5334
1968 4935
1968 2298
1968 24
1968 6047
6948 2903
6948 5462
6948 1641
6948 6377
6948 6494
6948 7011
6948 958
863 6081
6405 6067
5487 6003
5487 1331
5487 186
5487 2475
5487 459
3482 323
3482 2675
3482 2468
3482 1905
3482 4913
3482 6373
3482 3856
3482 5276
6012 2160
6012 5613
1506 2946
1506 2118
1506 4697
1506 540
1506 2069
4177 3965
4177 137
1328 5110
1328 5206
1328 790
4655 6754
4655 899
4655 323
4655 2339
4655 7142
4655 6745
4655 1905
4655 2246
4655 3733
4655 7095
4655 4859
4655 5061
4655 2622
4655 1131
4655 2379
5164 843
5164 3702
5164 61
5164 3302
5164 6066
5597 5886
1724 1125
3037 18
3037 6565
3037 1646
3826 240
3826 3620
1964 2791
1964 2927
1964 5302
1964 827
1964 3544
1964 5216
1964 5334
1964 2556
1964 5314
1964 2146
1964 4730
3775 4298
3775 4181
549 1476
5314 2789
5314 1942
5314 6933
5314 3440
5314 892
5314 6464
5314 6779
5314 312
5314 6187
5314 5302
5314 4305
5314 3544
5314 3025
5314 2556
5314 2289
5314 2146
5314 6890
6529 18
6529 3845
6529 3832
6529 5447
6529 3812
1915 430
3239 769
3239 4954
3239 4892
3394 6896
729 3728
729 3157
4358 260
4358 6092
4358 5
4358 3229
4358 5504
4358 2233
4358 6824
4358 50
4358 299
4358 1389
4358 2767
4358 1010
4358 5122
4358 3146
4358 3277
4358 5870
4358 6830
4358 556
4358 4841
4358 5653
4358 6599
4358 2710
4358 6716
4358 3110
4358 3790
4358 6244
4358 5444
4358 2784
4358 5468
4358 3735
3071 6149
3071 2028
3071 6809
3071 1494
3071 3377
3071 1930
3071 805
3071 484
3071 3281
3071 5127
3071 2343
3071 1677
3071 2428
3071 3339
6563 602
6563 3047
6563 1715
3325 1658
1940 6092
1940 4160
1940 4469
1940 6824
1940 3529
1940 602
1940 3756
1940 6407
1940 2739
1940 3110
1940 6244
1940 1669
1940 1606
1940 5127
1940 6394
1940 3421
1940 2821
1348 1476
1348 3000
1348 1570
1348 350
1348 1870
1348 1272
1348 3840
1348 3793
1348 5228
1348 6251
1348 5742
1348 1687
1348 1259
1348 6835
4228 5082
4228 3349
4228 3784
4228 3517
4228 2776
4228 5129
4228 5386
4228 1952
4228 6918
4228 6271
4228 949
4228 1625
6661 3911
6661 5065
7042 2052
7042 1364
7042 3183
7042 5009
6032 463
6032 2053
6032 210
6032 169
6032 4796
6032 3856
6032 1845
362 236
362 1803
362 4939
362 1347
362 3421
362 7040
5142 5900
5142 4017
5142 4010
5142 35
5142 3663
5142 6251
5142 4465
5142 1679
5142 4996
5142 5226
5142 6995
5142 4729
5142 4179
6240 426
6240 5140
6240 3060
6240 2779
6240 769
6240 2656
6240 7115
6240 4832
6240 5724
6240 2119
6240 5587
6051 6245
6051 2513
6051 5049
6051 5686
6051 529
6051 4875
6051 1682
6051 5905
6051 5405
5061 323
5061 4240
5061 2463
5061 4104
5061 2246
5061 4986
5061 4472
5061 4655
5061 6907
5050 1711
5050 3190
2570 3538
2570 1909
2570 640
2570 4165
2570 2468
2570 3401
2570 5216
2570 6947
2570 3468
2570 3043
2570 4420
2570 2556
2570 1095
2570 3593
2570 4892
2078 6185
2078 2340
2078 4423
2078 3530
6117 3010
6117 3063
6117 1562
6117 3011
6117 64
6117 2608
6117 3125
5041 5520
5041 2890
1206 5512
1206 1110
1206 2899
1206 4747
1206 1455
1206 2472
1206 4396
1206 6096
1206 2896
1206 5724
1206 5482
1206 859
1206 2593
1206 3894
1206 3663
1206 138
1206 2943
1206 2834
1206 3221
1206 6442
1206 4407
1206 4900
1206 6995
1206 2413
2693 3662
2693 7107
2693 5603
2693 4569
1451 6595
1451 3098
1451 5346
4612 899
4612 6338
4612 965
4612 1783
4612 6179
4612 3928
4612 6951
4612 4315
4612 3962
4612 4220
1000 1088
1000 6282
1000 6691
1000 463
1000 5531
1000 397
1000 5363
1000 5197
1000 4852
1000 3196
1000 5734
6512 1281
6512 3094
7176 903
7176 5017
7176 1569
4226 4858
4226 4399
4226 5028
590 179
590 5262
590 4988
590 4398
590 1891
590 1165
590 808
590 6460
590 5947
590 814
590 6023
590 7047
590 3476
590 6599
590 2409
590 2475
590 2012
590 2861
590 5468
2859 2657
2859 6363
434 6652
5650 1298
64 2351
64 6378
64 3766
64 484
64 4721
64 4686
64 2590
64 303
64 1544
64 3281
64 1822
64 6326
1077 4527
2236 3911
2236 3599
2236 1728
2236 5151
1273 3314
1273 4289
1273 6259
1273 6149
1273 1126
1273 2690
1273 2732
1273 338
1273 3166
1273 4990
1273 2310
1273 1857
1273 2115
1273 4702
1273 2388
4834 6587
4834 2053
4834 5948
4834 4655
4834 102
1321 5547
1321 3990
1321 18
1321 5279
1321 5893
1321 5498
1321 5503
1321 4839
1321 3098
1321 649
1321 5334
1321 4420
1321 2298
1321 6051
1321 871
1321 1635
1321 3568
1321 6995
1321 3068
4761 4016
4761 3840
6823 1852
1764 6342
1764 4001
2409 6853
6191 691
5693 5925
5693 7036
5693 2249
5693 1647
5693 817
5693 6241
166 1100
166 6605
166 4402
166 7156
166 1479
6829 5281
6829 5071
6829 5935
6829 1576
6829 4900
2368 1942
2368 5712
2368 49
2368 3679
2368 5022
2368 3779
2368 4792
2368 2967
2368 691
2368 2219
2368 3931
2368 4117
2368 2587
2368 3218
1135 5605
1135 6357
1135 2129
1135 2428
1135 967
4118 3045
321 992
321 4240
321 3482
7022 4143
7022 5801
7022 593
7022 6117
412 143
412 5680
412 5491
412 7072
412 6293
412 1052
412 1974
412 4861
412 6500
412 1583
412 6541
412 1320
3505 2152
3505 7170
3505 3318
3505 330
3505 1468
3505 1130
3505 3193
3505 6501
5946 5603
3939 430
3939 5201
3939 3175
3939 5158
3939 6463
3939 1344
3939 2400
1525 3820
1525 1740
1525 3175
1525 1344
1525 3927
2553 3913
2553 5
2553 5262
2553 2233
2553 4972
2553 3440
2553 3846
2553 4028
2553 5190
2553 7047
2553 5260
2553 118
2553 5681
2553 39
2553 6752
2553 691
2553 2475
2553 6177
2553 1867
2553 1604
2553 3735
1130 4103
1130 2657
1130 7024
1130 963
1130 5569
2175 4836
2175 3404
2175 2592
2175 6590
2175 5616
2175 607
2834 1832
2834 6674
2834 1983
2834 3192
2834 957
2834 4740
2834 2568
2834 2010
2834 4900
3399 5985
3399 2716
3399 1080
3399 5186
3399 6323
3399 688
3399 5344
3399 538
3399 4573
3399 4078
3399 7181
3399 5665
3399 4075
3399 534
3399 16
3399 877
3399 5315
3399 3896
3399 6295
3399 581
3399 5244
3399 4691
3399 6584
3399 3874
3399 4465
3399 6851
3399 5679
3399 1085
3399 352
3399 6835
72 1476
72 2428
356 5423
356 5253
356 5677
356 5493
356 3183
356 4489
356 1806
1986 4639
5313 3704
5313 4095
3496 4916
3496 4600
5849 4299
4088 3406
4088 3021
4088 4395
4088 1584
4088 4757
1677 3481
1677 6714
1677 2911
1677 223
1677 2954
1677 6671
1677 5420
1677 3129
1677 6710
1677 5801
1677 487
1677 5799
1677 5375
1677 6646
1677 5199
1677 6117
1677 62
1677 4494
1677 5081
1677 5585
3132 4198
5989 6149
5989 5148
5989 2589
5989 6772
5989 2471
5989 4721
5989 976
5989 916
5989 2691
5989 2560
5989 3755
5989 3125
4264 5712
4264 3357
262 5096
262 4769
262 2239
4342 930
4342 5153
4342 4076
4342 7178
4342 6115
4342 4454
6301 3245
6301 4581
2378 5115
2378 6933
2378 1070
2378 590
2378 3343
2378 6607
4945 3689
4945 7161
4945 5605
4945 4018
4945 5031
4945 621
4945 1831
4945 174
4945 666
4945 6835
4945 1258
4945 5346
2353 6744
2353 2752
2353 6595
2353 192
2353 4628
2353 5832
2353 7181
2353 723
2353 3663
2353 6851
2353 3399
2353 3221
2353 4951
2353 352
2353 5477
2353 5200
2353 4279
3275 3261
3275 6
3275 4333
3275 4881
3275 5797
3275 5522
3275 5910
3275 4985
3275 3657
5508 1066
5508 2832
5508 2615
5508 3529
5508 4936
5508 6911
5508 1132
5508 6973
5508 669
5508 6443
5508 3708
5508 2112
5508 6936
5508 3819
5438 3415
5438 3501
5679 2085
5679 3121
5679 6408
5679 2086
741 3580
741 7024
741 2047
741 5806
741 2160
741 4711
741 3806
741 4293
3368 5044
3368 4394
3368 115
3368 4308
3368 5535
3368 2899
3368 201
3368 2855
3368 6
3368 1238
3368 957
3368 3896
3368 2345
3368 3663
3368 2568
3368 565
110 4196
1369 5865
1369 5437
1369 6606
1369 3627
1369 6394
1369 6607
4094 5712
4094 3172
4094 1725
4094 4078
4094 5809
4094 275
4094 3192
4094 2685
4094 5018
4094 2121
4094 5741
4094 4420
4094 4117
4094 398
4094 925
4094 6995
4094 1438
4094 6615
145 115
145 4533
145 1930
145 2605
145 3840
145 4598
145 3246
145 3957
145 1540
145 6920
145 5615
145 3105
145 3221
145 7057
145 6087
2970 1387
2970 6201
2970 6996
2970 957
2970 950
5444 4634
5444 4469
5444 2832
5444 758
5444 1010
5444 1275
5444 5122
5444 5601
5444 6407
5444 5127
5444 3421
2959 4858
2959 860
2959 5569
2884 4196
2884 3435
2884 2105
55 6245
55 1128
55 5474
55 4196
55 44
55 3834
55 5616
55 5902
55 3485
55 4586
55 6051
55 7077
55 3068
55 4560
92 84
92 1181
92 5225
92 1043
7011 2903
7011 5462
7011 6458
7011 4317
7011 1028
6394 5407
6394 4300
5137 5319
5137 5214
5137 6458
5137 5573
5137 1028
2250 3679
2250 3274
2250 5963
2250 3262
2250 6018
2250 922
2250 3498
2250 3336
2250 24
1182 5452
1182 3093
1182 538
1182 5673
1182 2685
1182 1528
1182 4875
1182 5741
1182 6243
1182 3984
1182 3874
1182 1845
1182 3510
1182 5169
1182 3001
1182 5405
1182 4639
1182 1258
1182 2826
1182 5346
1020 5066
1020 3784
1020 5886
1020 6792
6936 6142
6936 3604
6936 2832
6936 5983
6936 6443
6936 556
6936 1298
6936 2898
6936 2784
6936 3007
6936 7071
5670 192
5670 4867
5670 4816
5670 5071
5670 975
5670 4982
5670 3068
2313 966
2313 2428
3547 179
3547 4215
3547 2261
3547 3330
3547 3272
3547 1428
3547 4530
3547 297
3547 3343
3193 4103
3193 6351
3193 5144
3193 860
3193 1540
3193 330
3193 616
3193 4450
3193 5228
3193 1038
3193 5937
3193 2984
3193 4084
3193 1253
3193 6366
3806 350
3806 1870
3806 690
3806 741
3806 2432
3806 4293
3806 3900
3806 5037
3812 7065
3812 3336
2190 3913
2190 6890
6352 6201
1205 2185
1205 2690
1205 5834
1205 602
1205 17
1205 6606
1205 5298
1205 6830
1205 4328
1205 4622
1205 2575
86 4722
86 7178
3681 1565
3681 6346
3681 3635
3681 5615
3681 5133
3681 831
3681 6301
3681 5151
3681 79
3681 2874
3681 2845
3681 6435
3681 6062
2571 5489
2571 3766
2571 1295
2571 3916
2571 6673
2571 1888
1439 4211
1439 2828
1439 3273
1439 6965
1439 2760
1439 5685
853 6147
853 3768
853 7107
853 3719
853 430
853 3385
853 5603
853 4569
853 4562
853 4161
853 6463
853 750
2475 5115
2475 3507
2475 6220
2475 299
2475 3330
2475 1189
2475 5865
2475 1331
2475 2851
2475 2301
2475 5442
2475 5260
2475 118
2475 258
2475 518
2475 5681
2475 6752
2475 691
2475 6358
2475 1604
2475 3735
5311 2557
5311 43
6833 4938
6833 996
6833 2667
3287 3011
3287 3574
950 1455
950 5503
950 4839
950 7115
950 1926
950 2016
950 4420
950 2146
6600 255
6600 5827
6600 5253
6600 6677
6600 1321
4098 1891
4098 3272
5369 4928
3425 5192
3425 1648
6766 4858
6766 4450
6766 7027
2755 5340
6387 870
6387 6423
6387 4318
6387 7149
6387 2236
4359 7159
4359 192
4359 824
4359 6
4359 187
4359 6256
4359 3368
3931 2937
3931 49
3931 2967
3931 2219
6573 2888
5340 2557
3876 349
3876 5711
3876 5410
3876 4737
3876 3373
3876 6666
3876 6024
3876 4595
3876 2591
3876 4823
3133 3157
3841 4379
3841 6636
3841 6275
3841 806
65 5653
5252 4858
5986 6091
5986 3553
289 3424
289 4311
289 2489
289 3212
289 1604
6208 535
6208 3768
6208 325
6208 4143
6208 4721
6208 358
6208 1632
6208 1495
6208 774
6208 6326
6208 7022
6208 837
4475 4471
4475 3918
4475 4537
4475 4745
3045 5680
3045 478
3045 1650
3045 5554
3045 3777
3045 750
3045 1101
3045 339
6252 1125
5276 323
2272 349
2272 2004
2272 6686
2272 4737
2272 6917
2272 1363
2272 6024
2272 4823
4119 6744
4119 5985
4119 5535
4119 2958
4119 6071
4119 187
4119 347
4119 5482
4119 5047
4119 2685
4119 581
4119 3565
4119 4881
4119 3874
4119 5522
4119 5117
4119 5905
4119 5910
4119 1085
4119 4863
4119 967
4119 2364
4119 6995
4119 5346
4119 4404
2738 3776
2738 4419
2738 3283
2738 4424
2738 4584
2738 1465
2738 666
2738 4729
2864 4836
2864 58
2864 4152
2864 5489
2864 5680
2864 4804
2864 3730
2864 4508
2864 3377
2864 5039
2864 3766
2864 5641
2864 4759
2864 3771
2864 2175
2864 2571
2864 6909
2864 1253
2864 5600
2864 4932
6783 1275
6783 6843
3932 6261
3932 632
3932 2117
6788 6694
6788 2553
6788 5080
1293 4697
1293 1249
1293 1506
1293 6231
6532 3291
6532 5569
6406 7018
2347 4524
2347 3743
2347 6159
2347 4472
2347 5061
2347 6110
2347 5588
2347 6907
2264 6876
2264 6087
3875 5535
3875 5712
3875 6933
3875 892
3875 4396
3875 6838
3875 5865
3875 7175
3875 1331
3875 4839
3875 2530
3875 6129
3875 338
3875 2645
3875 6511
3875 692
3875 7136
3875 2607
3875 789
3875 3674
3875 5741
3875 5327
3875 691
3875 1321
3875 703
3875 5117
3875 5286
3875 4730
3875 1158
3875 3040
3875 6894
3875 1258
3875 1005
4579 323
4579 397
4579 1905
4579 4506
4579 4796
4579 5620
4579 4091
4579 4343
4579 2622
4579 2105
3221 4308
3221 143
3221 1387
3221 1975
3221 1641
3221 4889
3221 6201
3221 405
3221 2855
3221 1650
3221 2558
3221 4078
3221 574
3221 506
3221 4548
3221 6357
3221 7182
3221 2709
3221 3163
3221 2345
3221 5741
3221 6250
3221 5228
3221 1808
3221 2568
3221 5905
3221 871
3221 1258
3221 1438
7099 814
7099 1240
3258 5886
5240 7107
5240 6128
5240 2139
5240 5158
5240 4606
5240 237
5240 5729
5240 1449
5240 4589
5240 4271
5240 4147
4034 1411
4034 5555
4034 6885
4034 3357
4034 3274
4034 677
661 830
3421 1042
3421 1405
3421 1940
5646 2169
5299 4804
5299 5954
5299 6652
5299 7053
5299 6882
5299 6945
5299 2343
5299 3548
6499 5420
2012 6511
2012 6589
2012 5349
2012 3875
2012 6607
4912 6261
4912 6637
4912 6436
4912 636
4912 3876
4912 3639
4912 6472
4912 1749
2006 7107
6832 7171
3943 5486
3943 5115
3943 6220
3943 3729
3943 6838
3943 1070
3943 3784
3943 5865
3943 1566
3943 3461
3943 5470
3943 3941
3943 5653
3943 5442
3943 5260
3943 7153
3943 590
3943 3343
3943 5016
3943 5757
3943 1223
3943 6792
6539 5507
6539 3833
6539 4647
6539 6395
6539 1850
6539 3403
6539 4536
6539 6609
6539 3082
5268 1942
5268 3627
5268 7051
5268 5564
5268 4823
1973 5190
1973 524
1973 5996
1973 5757
1973 6792
5617 4471
5617 3337
5558 5415
5558 6256
5558 4724
5558 6540
5558 2969
5558 4297
5558 5790
5558 4669
5312 7036
1058 4936
1058 4326
2999 2468
2999 378
2999 1711
2999 3190
709 3736
709 6562
709 6828
709 2855
709 2050
709 877
709 3961
5273 186
5273 7125
3668 843
3668 2025
3668 7136
3668 4846
3668 4454
3668 2293
3668 3691
3668 6051
3668 4117
3668 5078
6304 5423
6304 1976
6304 61
6304 5334
6304 4935
6304 1968
5866 3600
5866 5115
5866 1103
5866 6589
4578 4070
4578 653
4578 1934
4578 2462
7083 4224
7083 4072
7083 5093
7083 273
7083 45
7083 1419
3352 3600
3352 3330
3352 1914
3819 66
3819 2589
3819 5039
3819 3047
3819 1913
3819 3577
3819 2691
3819 2590
3819 4908
3819 3069
3819 5220
3819 5151
703 6423
703 2093
703 6784
703 5005
97 4308
97 2903
97 1641
97 2018
97 4317
2528 3025
5892 535
5892 4739
5892 4143
5892 4721
5892 1562
5892 3281
5892 774
5892 7022
5892 4589
5892 5585
5892 5819
5892 4932
6110 4524
6110 992
6110 1827
6110 725
878 6070
878 5650
4363 2314
4363 6908
6358 5642
6358 3600
6358 3004
6358 4370
6358 4837
6358 2351
6358 6158
6358 3330
6358 4143
6358 740
6358 1493
6358 312
6358 6577
6358 692
6358 2093
6358 827
6358 2430
6358 1735
6358 691
6358 64
6358 5286
6358 1675
6358 5016
6358 3988
963 6122
963 4103
963 2991
963 7170
963 330
963 6501
1837 4289
1837 1703
1837 5415
1837 6655
1837 6920
1837 5797
1837 1085
1837 2428
1837 101
6271 5955
6271 1624
6271 5082
6271 3204
6271 3784
6271 6008
6271 3251
6271 3735
5003 5814
1076 1088
1076 6754
1076 599
1076 3226
1076 4196
1076 3435
1076 1905
1076 5143
1076 4859
3704 573
3704 3589
3704 3204
3704 5328
3704 3976
921 7066
921 1803
921 6831
921 3421
5361 4858
5361 2736
5835 6142
5835 4456
5835 6883
5835 5450
5835 3212
5835 3620
1733 3618
4043 1891
4043 2301
4043 3097
4043 2457
4043 5080
2125 3812
2904 6261
4963 6537
4963 740
4963 3025
4963 1428
4963 1617
4963 4530
4963 518
4963 3875
4041 6060
4041 3145
4041 2028
4041 318
4041 3605
4041 4717
4041 7177
4041 1495
4041 3186
4041 6463
4041 837
4041 3339
4041 4136
6177 3600
6177 179
6177 3004
6177 3458
6177 383
6177 480
6177 6933
6177 1037
6177 2416
6177 6158
6177 6586
6177 1891
6177 408
6177 338
6177 3828
6177 5611
6177 887
6177 2019
6177 2607
6177 4897
6177 3599
6177 417
6177 3674
6177 2043
6177 3816
6177 5314
6177 3547
6177 1816
6177 858
6177 2845
6177 6545
6177 1005
5881 2064
5881 3319
586 5193
586 4430
586 2594
4203 5135
4203 5044
4203 5065
4203 5352
4203 3289
4203 99
4203 4282
4203 877
4203 5196
4203 4459
4203 4355
4203 1408
3765 5804
3765 3561
3765 4793
3765 4692
815 388
815 956
815 5408
815 2689
815 987
815 2730
6088 2059
6088 6662
6088 5535
6088 6414
6088 6427
6088 6714
6088 4894
6088 7123
6088 2488
6088 5496
6088 2832
6088 2474
6088 2767
6088 7098
6088 5638
6088 6197
6088 6189
6088 780
6088 2818
6088 3756
6088 5673
6088 5611
6088 6787
6088 676
6088 6132
6088 658
6088 2889
6088 4646
6088 1296
6088 873
6088 4603
6088 3293
6088 3849
6088 2078
6088 1273
6088 5117
6088 5286
6088 4730
6088 1857
6088 6487
6088 1417
6088 806
6088 4505
279 1828
279 3016
279 3579
279 334
279 1180
279 4817
2934 5089
2934 2809
2934 5453
2934 562
2934 1003
3054 3525
3054 4536
3054 890
3054 1177
3054 256
5358 5633
5358 4657
5358 4051
5358 6379
5358 310
5358 2874
406 2481
406 5631
406 2640
4117 1641
4117 3093
4117 450
4117 6770
4117 3544
4117 6947
4117 2685
4117 2121
4117 3961
4117 6243
4117 5117
4117 460
4117 666
4117 1258
5495 236
4089 6472
4089 6234
6212 5547
6212 6176
6212 2325
6212 5352
6212 99
6212 1522
6212 6256
6212 2618
6212 4355
6212 3866
6212 2248
6212 4203
6223 2789
6223 4602
6223 5053
6223 5400
6223 768
6223 5214
6223 5989
6223 203
6223 6903
6223 4823
2446 4527
2446 2587
3413 5065
3413 3894
3413 3221
3413 4407
3413 2413
3100 5368
3100 382
3100 2576
3100 6817
3100 2942
3100 6505
3100 1320
6229 3695
6229 5715
6229 6485
6229 6897
6229 5493
6229 4489
6229 4420
6229 962
6229 3696
6229 3510
6229 3068
2720 5535
2720 2577
2720 2903
2720 1994
2720 6494
2720 6187
2720 692
2720 3544
2720 2219
2720 7007
2720 1701
2720 806
2720 2455
2720 2107
7007 4602
7007 5741
6398 3812
6398 925
6967 6828
6967 709
2541 4394
6035 5621
6035 981
6035 4001
6035 5386
6035 5650
6035 5248
2821 6976
2821 6423
2821 4908
2821 1544
2821 1989
6730 3058
3515 4818
3515 1221
3515 6466
3515 5898
3515 969
3515 4880
2203 2022
2203 3848
2203 6257
2203 205
2203 4652
3814 5621
3814 1803
3814 3976
3814 5988
3814 551
3814 1952
3814 5650
3814 3169
4265 663
4265 1217
4265 5408
4265 6331
4265 5752
4265 987
2737 463
2737 992
2737 2675
2737 854
2737 3170
2737 634
2737 2044
2737 1845
5117 192
5117 201
5117 6071
5117 849
5117 1926
5117 6130
5117 4584
5117 395
5117 1465
5117 4117
5117 1329
5117 3657
5117 4468
1490 7122
1490 2549
1490 3618
1490 137
1490 7038
1490 2277
1490 7178
1490 2125
3520 3911
3520 4763
3520 2681
3520 7016
3520 4533
3520 6768
3520 2041
3520 6673
3520 1182
3520 1888
3520 6935
3520 4404
327 1214
327 463
327 992
327 4770
327 6818
2736 1633
2736 264
2736 6893
2736 1852
2736 3730
2736 4196
2736 7034
2736 5338
2736 2605
2736 5144
2736 5605
2736 5023
2736 6726
2736 1684
2736 3124
2736 69
2736 5742
2736 1348
2736 4226
2736 2959
2736 3806
2736 167
2736 6260
2736 5101
2736 6835
4423 1606
4423 2078
2270 6711
2270 3286
2270 3098
2270 5226
5905 1792
5905 1283
5905 5863
5905 49
5905 2592
5905 6071
5905 5605
5905 4051
5905 6094
5905 4827
5905 6243
5905 5902
5905 69
5905 2175
5905 5169
5905 2428
5905 229
2432 6934
2432 1723
2432 3052
2432 5069
2432 6549
2432 4018
2432 1856
2432 3957
2432 0
2432 3806
2432 6360
2432 4293
3391 2189
3391 3172
3391 6377
3391 2018
3391 4548
3391 3834
3391 5482
3391 3916
3391 2345
3391 2003
3391 97
3391 5587
3391 666
3391 4505
1171 5110
1171 5270
1171 2814
1171 2139
1171 4271
5828 7004
5828 7082
5828 3214
4158 273
5388 84
5388 830
1843 0
1843 1380
5682 5867
5682 3721
5682 2083
5682 6660
5682 3426
871 3736
871 5319
871 201
871 5065
871 4889
871 1160
871 1650
871 2018
871 589
871 3834
871 1974
871 3098
871 5935
871 4881
871 3534
871 4214
871 1576
871 97
871 5910
871 1028
871 174
871 3058
4400 5115
4400 3679
4400 3529
4400 722
4400 3343
5125 6149
5125 4188
5125 1354
5125 4721
5125 3616
5125 2171
5125 7041
5125 1495
5125 1677
5125 2565
5125 33
5125 1575
5128 2434
5128 4659
5128 5063
5128 3121
5128 6408
5128 755
5128 485
5128 1687
1108 1199
1108 6091
1108 4595
7030 3933
7030 24
7030 1690
6183 1536
6183 4499
31 1401
3855 2845
953 5605
953 3291
953 1124
1537 241
1537 426
1537 1935
1537 2855
1537 3142
1537 4816
1537 849
1537 2867
1537 957
1537 4303
1537 4203
239 323
239 4196
239 3435
239 4859
239 6179
1406 71
1406 340
1406 5450
1406 6589
1406 3486
3628 2275
3628 7088
3628 2241
3628 629
3628 6244
3628 3033
3628 6752
3628 4358
3628 1192
3628 2516
3628 5468
3628 3735
3628 696
5932 2888
5932 3828
5932 6894
5932 1701
423 6169
423 1455
423 3429
423 2543
423 2223
423 2867
423 3658
423 1537
423 6568
1484 5352
1484 6201
1484 4251
1484 1522
1484 957
1484 4303
1484 4511
1484 4203
3761 18
4425 3357
4425 3832
4425 4247
4425 1646
5114 1828
5114 6425
5114 222
5114 6553
5114 237
822 1030
822 5840
4590 5712
4590 925
1341 4858
1341 2736
770 6306
770 4972
770 1992
770 2351
770 2767
770 1493
770 3146
770 2990
770 2691
770 5450
770 5220
770 3343
770 1675
2482 964
5906 5231
5906 6454
5151 4370
5151 349
5151 4837
5151 1423
5151 7123
5151 6518
5151 3848
5151 1354
5151 436
5151 1948
5151 3980
5151 1428
5151 2418
5151 1728
5151 555
5151 5199
5151 6387
5151 3875
5151 6177
5151 6088
5151 1449
5151 1654
5151 6487
5151 1575
5151 6607
5151 1258
5151 2826
5151 1838
4794 3891
4794 2254
4794 1846
4794 3003
4794 5203
4794 32
3343 6679
3343 2811
3343 3004
3343 5
3343 5337
3343 2936
3343 4599
3343 2233
3343 2888
3343 3345
3343 892
3343 6533
3343 494
3343 5750
3343 2071
3343 619
3343 704
3343 312
3343 3506
3343 7136
3343 2885
3343 6599
3343 1120
3343 3674
3343 6133
3343 1544
3343 5741
3343 4382
3343 3627
3343 3302
3343 2935
3343 2495
3343 770
3343 1675
3343 4019
3343 4588
3343 858
24 2287
24 4382
4161 282
4161 5362
4161 5562
4161 5110
4161 675
4161 4977
4161 782
4161 308
4161 6992
4161 1180
4161 3611
4161 6768
4161 839
4161 2506
4161 5776
4161 4494
5028 6847
5028 1633
5028 5497
5028 3209
5028 3960
5028 860
5028 4450
5028 12
4283 5885
4283 3736
4283 3004
4283 6662
4283 1386
4283 6427
4283 1230
4283 892
4283 6796
4283 5877
4283 4378
4283 487
4283 109
4283 4895
4283 4827
4283 6514
4283 6243
4283 1822
4283 6971
4283 79
4283 2973
4258 1390
4258 3066
4258 6181
4258 4055
2228 4432
2228 4372
2228 4932
2170 3373
2170 3040
2170 4823
1715 602
1715 3047
1715 3340
1715 6185
5912 49
3842 5470
3842 6279
3842 5996
3842 1776
4222 43
4222 1974
4222 5077
1339 18
1339 5503
1339 3129
1339 5302
1339 3544
1339 6093
1339 6243
1339 3984
1339 2556
1339 2134
1339 3378
1339 5989
1339 2146
1339 3068
1339 984
6360 2152
6360 2991
6360 2085
6360 6958
6360 3052
6360 3843
6360 2529
6360 5475
6360 4018
6360 1568
6360 1401
6360 522
6360 3318
6360 5315
6360 0
6360 3894
6360 2432
6360 6596
6360 1408
6360 1124
6360 2428
4806 6164
540 4697
540 2069
1449 2891
1449 3458
1449 3768
1449 2692
1449 1425
1449 4930
1449 4242
1449 4200
1449 5460
1449 2444
1449 2418
1449 3236
1449 7079
1449 2340
1449 2078
1449 5125
1449 4730
2146 2789
2146 3810
2146 6993
2146 450
2146 2103
2146 7115
2146 484
2146 827
2146 395
2146 6978
2146 4117
2146 4947
3473 3405
3473 6666
2606 1632
4695 4091
949 3724
949 4228
861 5350
861 3141
861 5201
861 927
861 3175
861 3935
861 3300
861 4161
861 750
197 6067
2622 1214
2622 4254
2622 6745
2622 6489
2622 2246
4531 4469
4531 2130
4531 6185
4531 1606
1507 723
443 2287
443 1645
443 4734
6860 6672
6860 6142
6860 3177
6860 340
6860 5310
6860 6244
6860 875
6860 4095
6860 1999
6479 3140
6479 4907
6479 984
4608 5954
4608 2035
4608 1035
4608 6197
4608 3129
4608 120
4608 261
4608 1372
4608 728
4608 4283
4608 5405
4608 3857
1125 5377
2318 5787
2194 2948
2194 4837
2194 4632
2194 764
2194 5396
2194 6911
2194 6537
2194 1132
2194 6378
2194 1948
2194 2545
2194 5707
2194 4317
2194 6024
2194 691
2194 24
2194 1701
2194 126
3123 4196
3123 49
3123 2468
3123 1983
3123 6161
607 5174
607 5686
607 5902
607 6909
706 3730
706 3124
706 5211
460 1942
460 3931
3067 7069
3067 4835
3067 4769
3067 3994
3067 3618
3067 7038
3067 3873
3067 634
3067 1317
3067 575
3067 447
3067 119
3067 2044
3067 775
3086 5094
3086 2538
3086 4045
3086 5548
3086 6066
5660 731
5660 5683
5660 7036
5660 4608
5286 179
5286 3990
5286 5319
5286 6871
5286 918
5286 6485
5286 5673
5286 722
5286 3650
5286 3875
5286 6088
5286 1635
5286 1857
5286 2608
5286 2908
1654 2805
1654 6714
1654 2843
1989 5642
1989 6714
1989 602
1989 6423
1989 4908
1989 873
1989 5220
1989 1544
1989 5199
1989 3849
1989 6088
1989 2821
1989 3755
1989 1770
375 2708
375 6402
375 3016
375 5952
375 3579
375 4916
375 438
375 1180
375 2802
375 2139
375 285
375 279
375 5816
375 3001
5371 5677
5371 6274
5371 356
5371 5369
5371 4959
3319 2472
3319 3055
3319 4953
2027 2225
2027 4143
2027 1493
2027 5585
4758 1125
7125 5712
7125 5096
7125 3884
7125 4769
7125 3357
7125 4128
7125 3159
7125 3518
7125 1013
7125 575
7125 2515
7125 1962
3951 2986
2648 6485
2648 4305
2648 4420
2648 2219
2648 7062
2646 1364
2646 3183
2646 5620
1675 4152
1675 5319
1675 6714
1675 5065
1675 3377
1675 5973
1675 3766
1675 338
1675 669
1675 4905
1675 1544
1675 3340
1675 1495
1675 4420
1675 555
1675 4872
1675 3486
1675 3309
1675 3088
1675 3125
4903 7162
4903 2557
4903 2609
4903 1658
4903 5943
4903 3433
178 2525
178 6454
178 2462
1343 342
1343 5480
2359 6847
2359 3635
2359 3072
2359 5017
2359 6275
2359 473
2359 2146
2359 5545
912 6590
4658 2752
4658 4793
4658 3587
4658 723
4658 3663
4658 1808
4658 4465
4658 4951
4658 3396
4658 5477
4658 5200
4658 6995
4658 4279
4753 6122
4753 4103
4753 4146
4753 860
4753 3505
4753 4084
2503 6530
2503 4401
2503 6069
2503 1479
2503 1320
2503 1075
5838 5994
2960 1390
2960 3066
2960 6336
2960 2978
2960 1463
1145 3146
1145 2447
124 7083
124 6087
4334 4836
4334 6351
4334 1536
4334 6135
4334 2359
4334 2393
4334 4863
5910 5044
5910 115
5910 3655
5910 6135
5910 3874
253 4879
6705 4198
6705 2505
5499 1902
5499 2767
5499 2471
5499 669
5499 2127
5499 4841
398 6846
398 6721
398 1150
398 6180
398 5334
398 395
398 2902
398 3123
398 1690
398 5078
5236 1400
5236 6655
5236 6590
5236 3894
5236 3663
5236 4119
5236 4219
3536 3689
3536 5924
3536 450
3536 1926
3536 2865
3536 4092
3536 2973
3536 3218
3548 7098
3548 1474
4079 4858
3620 1389
3620 2767
3620 3063
3620 1132
3620 2710
3620 3110
3620 2043
3620 2194
3620 5784
3620 5695
1046 6772
1046 5308
1046 551
1046 4326
1046 3311
1046 4423
1046 2393
1046 6692
1046 1770
3268 1354
4272 1903
4272 5424
4272 7072
4272 273
4272 6541
4272 2428
4272 5103
2334 6149
2334 6306
2334 5973
2334 2338
2334 4908
2334 6990
2334 3011
2334 1495
2334 1622
2334 1575
1137 6261
3870 5094
3870 3414
3870 738
3870 6554
3870 5899
3870 836
3870 4040
3870 3705
3870 2902
3870 3761
104 1354
1929 58
1929 4863
132 5044
132 5269
132 2567
132 428
132 4592
132 2339
132 891
132 531
132 6968
132 6256
132 7117
132 2618
132 3894
132 2531
132 4203
132 6212
132 6418
132 3726
4852 426
4852 323
4852 1195
4852 710
4852 4623
4852 1286
4852 4715
4852 6051
6058 1662
6058 3383
6058 5658
6058 4010
6058 1846
6058 4465
6058 5203
6058 32
5631 2472
5631 6549
5631 2827
5631 1856
5631 3090
5631 3793
5631 6596
5631 4863
5631 6260
5631 3326
5631 5219
5631 6119
3858 1641
3858 54
3858 3719
3858 5017
3858 2479
3858 6992
3858 3340
3858 750
3858 4468
3858 3068
3858 3339
958 1994
958 2545
958 3025
958 6458
958 2003
958 3602
6998 2905
6998 3525
6998 2383
3696 18
3696 5827
3696 2779
3696 6897
3696 3401
3696 6187
3696 3544
3696 4389
3696 3677
3696 859
3696 5022
3696 6243
3696 3984
3696 2556
3696 950
3696 5286
3696 1888
3696 5169
4293 6122
4293 2085
4293 1641
4293 6958
4293 5069
4293 5475
4293 4018
4293 1856
4293 5622
4293 1568
4293 1401
4293 3318
4293 330
4293 690
4293 7015
4293 5228
4293 3291
4293 7171
4293 2432
3360 1970
3360 7093
5016 5337
5016 6289
5016 6933
5016 2888
5016 6464
5016 3390
5016 5720
5016 3529
5016 5750
5016 1165
5016 6911
5016 808
5016 312
5016 1103
5016 7136
5016 6033
5016 2112
5016 518
5016 7023
5016 6024
5016 2475
5016 5866
5016 4400
5016 5932
5016 770
5016 5626
5016 4588
6651 2176
6350 7004
6350 7158
6350 3780
6350 3214
5843 5115
5843 5814
5843 299
5843 5534
5843 619
5843 3025
5843 258
5843 2378
5843 6177
6463 1828
6463 1051
6463 5350
6463 7081
6463 903
6463 1536
6463 675
6463 212
6463 4977
6463 6671
6463 2299
6463 5541
6463 1740
6463 6105
6463 4569
6463 358
6463 5295
6463 3136
6463 5158
6463 6503
6463 3442
6463 5206
6463 6074
6463 3915
5395 4722
5395 5503
5395 3273
5395 6965
5395 3780
6597 6516
6597 6933
6597 4131
6597 2791
6597 405
6597 808
6597 1885
6597 3816
6597 5133
6597 3734
6597 5784
6597 6545
1545 1183
4112 3618
799 3653
799 672
799 1513
799 478
799 1974
799 5077
799 7050
799 5876
799 3287
799 3045
799 339
6442 4832
6442 1206
6442 492
3510 5712
3510 2870
3510 2767
3510 3304
3510 6448
3510 2734
3510 3468
3510 962
3510 2556
3510 6753
3510 2600
3510 2728
3510 7011
3510 958
2871 2888
2871 3728
2871 5886
2871 122
2393 4295
2393 5813
2393 5603
2393 6052
2393 831
67 2254
67 4426
67 723
67 4951
67 4279
4921 1317
4921 186
1074 58
1074 3321
1074 3404
1074 6245
1074 1832
1074 5474
1074 918
1074 49
1074 885
1074 6071
1074 5605
1074 5809
1074 44
1074 6590
1074 4051
1074 3581
1074 3816
1074 4586
1074 2359
1074 2393
1074 5169
1074 174
1074 3068
1074 431
1888 7056
1888 3025
1888 203
3143 6858
3143 1010
3143 6639
3143 1192
3143 1953
2761 49
2761 4792
2761 4117
2761 5912
2952 4836
2952 3887
2952 1409
2952 74
2952 6135
2952 2064
2952 5666
2952 1334
2952 2864
5243 4712
5243 4240
5243 7165
5243 378
5243 4986
5243 2978
5243 3482
5243 6032
5243 2989
5243 6157
5243 1345
4245 1085
2119 557
2119 2088
2119 3501
2119 3582
2119 2849
2119 3497
2119 2358
1661 3911
1661 6346
1661 5557
1661 3599
1661 6768
1661 68
290 535
290 4991
290 2474
290 1425
290 3577
290 2418
290 6275
290 6646
290 555
276 2106
276 3768
276 5350
276 6919
276 5007
276 4977
276 5201
276 3385
276 3423
276 2139
276 3293
276 750
276 3915
276 307
276 284
3777 5692
3777 5201
3777 3611
3777 4136
5354 179
5354 2732
5354 5019
5354 6987
5354 6890
4730 1173
4730 535
4730 4660
5816 5350
5816 3947
5816 927
5816 3935
5816 4403
5816 284
4951 1662
4951 2752
4951 1693
4951 7181
4951 3587
4951 889
4951 5196
4951 2508
4951 3894
4951 6251
4951 4465
4951 1687
4951 3399
4951 3221
4951 3003
4951 163
4951 6819
4102 3299
4102 4026
4102 5462
4102 4938
4102 1641
4102 5787
4102 2468
4102 6096
4102 4839
4102 1926
4102 171
4102 6794
4102 4389
4102 800
4102 5378
4102 958
4102 5655
4115 5925
4115 4581
3797 4001
3797 6356
3987 4471
3987 4706
3987 3337
3987 3856
3987 677
3276 5680
3276 273
3276 1658
3276 1479
3276 1320
4953 4152
4953 2472
4953 5332
4953 3232
4953 2800
4953 4109
4953 1785
4953 3281
4953 2343
4953 3319
4953 2094
4953 1408
4953 4407
4953 4684
4953 936
4953 2413
1711 1088
1711 2468
750 6427
750 5765
750 131
750 3147
750 2040
750 898
750 2843
6849 5069
6849 1839
6849 2356
6849 6594
6849 2444
3012 5954
3012 2483
3012 4508
3012 3148
3012 4717
3012 5754
3012 3186
4477 760
4477 2500
5904 4245
5904 6935
2509 506
5211 2540
5211 480
5211 3306
5211 2486
5211 1974
5211 5721
3479 143
3479 273
3479 3276
6971 6976
6971 6149
6971 669
6971 1120
6971 1544
6971 6768
6971 555
6971 5499
4151 401
4151 6040
4151 4692
3099 4452
3099 4657
3099 6993
3099 1354
3099 1882
3099 6725
3099 4897
3099 5199
3099 6088
3099 1857
3099 1575
6866 1267
1995 4747
1995 2150
1995 6996
1995 957
2105 1088
2105 5283
2105 4196
2105 1905
5588 323
5588 4567
5588 2230
5588 4196
5588 1905
5588 671
5588 3615
5588 3183
5588 523
5588 2568
5588 4655
2443 5886
4191 3000
4191 1693
5770 2225
2989 323
2989 397
2989 1905
2989 6951
2989 5009
5573 5535
5573 3810
5573 3243
5573 4379
5573 6993
5573 3381
5573 6071
5573 3401
5573 3766
5573 171
5573 2927
5573 5302
5573 4378
5573 5216
5573 4117
5573 1449
5573 6784
5647 1423
5647 6286
5647 4319
5647 4605
5647 4581
5647 6301
5647 2509
5647 2094
4213 2987
4213 1650
4213 5568
4213 1401
4213 7053
4213 2019
4213 1974
4213 5754
4213 6214
6181 3140
2176 2024
2176 3286
2176 5113
2176 5458
3593 1889
3593 4100
3593 1641
3593 3540
3593 2468
3593 6096
3593 2862
3593 699
3593 4954
3593 6066
3593 1182
3593 3484
5169 6662
5169 6464
5169 4329
5169 1277
5169 1296
5169 68
5169 703
2094 2942
2094 2826
2094 4932
7077 4308
7077 6201
7077 621
7077 4881
7077 1986
7077 2393
7077 1074
7077 6909
7077 431
2131 6815
2131 1693
2131 201
2131 3286
2131 3283
2131 4340
2131 3335
2131 6584
2131 1687
2131 6851
2131 3221
2131 1408
2131 3309
5667 5994
5667 3913
5667 1928
5667 1855
5667 929
5667 5022
5667 2041
5667 6274
5667 1182
5667 6600
5667 3696
5667 5078
5667 2424
6596 1570
6596 7001
6596 6958
6596 1856
6596 5093
6596 860
6596 3957
6596 5769
6596 6920
6596 3793
6596 5228
6596 3105
6596 4976
6596 3221
6596 2736
6596 1259
6596 1274
4474 6657
4474 5095
1445 5985
1445 1904
1445 1080
1445 1641
1445 4078
1445 1794
1445 6295
1445 6251
1445 3785
1445 549
1445 1348
2565 1372
2565 4872
2565 1677
2565 4608
2565 837
2565 3857
2565 817
837 3567
837 6550
837 2035
837 2028
837 5939
837 5743
837 4717
837 2655
837 2974
837 5181
837 593
837 1314
837 750
837 5573
5757 1624
5757 71
5757 3846
5757 3784
5757 5886
5757 6271
5757 1776
5757 6792
3365 4227
3365 6821
1085 4281
1085 1565
1085 3655
1085 6590
1085 506
1085 608
1085 5905
1085 5211
1085 3574
1085 4863
1085 1816
1085 2205
3900 7024
3900 1641
3900 5475
3900 1401
3900 3318
3900 3163
3900 3806
3900 4293
3900 6207
3900 5602
6953 6142
3734 3679
3734 6170
3734 2301
3734 5707
3734 6275
3734 4470
3734 2587
3734 3233
3734 3040
3734 5525
3734 5155
3734 2845
3734 6545
1690 4527
1690 408
1690 61
4116 380
4116 6753
2216 260
2216 3434
2216 3285
2216 5199
2216 6912
5479 5077
5479 5688
6211 845
6211 5423
6211 450
6211 575
6211 1841
6211 2219
6211 2872
6211 3484
3089 479
3089 3976
3089 6511
3089 118
3089 1604
1628 6201
1628 6417
2490 3274
2490 6146
1530 2094
1530 1253
1530 2826
1530 4932
2211 2152
2211 7170
2211 6769
2211 763
2211 6579
2211 860
2211 6678
2211 3098
2211 3894
2211 3671
2211 3221
2211 1408
2211 4407
4985 6655
4985 1778
4985 6590
4985 6130
4985 4881
4985 5522
3469 1051
3469 4569
4238 2472
4238 3148
4238 6138
4238 888
1408 282
1408 5804
1408 6467
1408 18
1408 255
1408 4281
1408 6627
1408 1832
1408 6278
1408 6201
1408 6317
1408 3357
1408 1650
1408 2558
1408 4132
1408 44
1408 6590
1408 506
1408 3472
1408 4548
1408 4075
1408 5745
1408 4826
1408 2160
1408 6256
1408 3953
1408 2293
1408 1320
1408 1206
1408 2736
1408 871
1408 1259
1408 2364
1408 2869
1408 4404
4842 4858
4842 5023
4842 1401
4842 5613
4842 2211
128 2185
128 4837
128 6933
128 6142
128 4131
128 629
128 3025
128 6244
128 2702
128 1940
128 3875
128 2194
128 5784
128 3486
128 532
128 6890
6568 5135
6568 6169
6568 2867
6568 4511
1876 4567
1876 992
1876 2230
1876 191
1876 3615
1876 634
1876 4986
1876 4044
1876 2740
1876 3856
1876 2816
1876 4655
1876 102
2065 1889
7120 6666
7120 4492
7120 2303
7120 5192
4822 1559
4822 1320
6475 2351
6475 5638
6475 6184
5015 1199
5015 3699
5015 2944
5015 4854
5015 1934
5015 863
3566 3526
3566 5274
3566 2814
3566 3469
3566 2454
459 1030
459 2277
459 1680
459 4413
783 1667
4814 6666
4814 6001
1670 4302
1670 974
6148 3698
6148 3482
3028 5914
3028 2053
3028 204
3028 5061
3028 4834
5626 6679
5626 5019
5626 6987
4367 5692
4367 1505
4367 4176
1329 6744
1329 3000
1329 6377
1329 4016
1329 692
3190 3715
3190 397
3190 7131
3190 2105
6798 872
6798 4432
6798 3055
6798 3232
6798 6296
6798 2064
6798 5600
3657 3904
3657 6071
3657 2685
3657 100
3657 3984
3657 5797
3657 3874
3657 3368
3657 4090
3657 2544
6067 2303
1124 5242
1124 5633
1124 3321
1124 1975
1124 5863
1124 5069
1124 1494
1124 7005
1124 1277
1124 4051
1124 6094
1124 453
1124 7039
1124 4827
1124 6275
1124 5095
1124 6661
1124 1074
1124 3672
1124 3040
5417 1390
5417 5933
5417 6083
5417 1901
5417 1455
5417 5253
5417 3140
5417 4521
5417 5100
5417 699
5417 854
5417 78
5417 1765
5417 5773
5417 1841
5417 5243
2428 3261
2428 214
2428 2991
2428 1904
2428 6286
2428 3111
2428 6616
2428 2958
2428 4843
2428 454
2428 1650
2428 3561
2428 4728
2428 1794
2428 2086
2428 4373
2428 2160
2428 5864
2428 2129
2428 5615
2428 7015
2428 4682
2428 6250
2428 1348
2428 3399
2428 4945
2428 2736
2428 953
2428 4115
2428 2094
2428 167
2428 967
2428 1274
2428 1769
2428 6119
3602 3913
6501 2152
6501 2472
6501 3418
6501 3340
6501 5937
6501 4084
6709 1804
6709 1168
6709 1031
6709 913
5156 1693
5156 3896
5156 5244
1014 541
2010 3736
2010 2189
2010 5055
2010 3172
2010 3305
2010 6377
2010 2018
2010 1102
2010 2050
2010 1983
2010 3834
2010 7128
2010 4214
2010 4740
2010 2568
2010 1576
2010 7077
2010 1258
1158 2927
1158 2788
1158 555
3294 1283
3294 6351
3294 4295
3294 6590
3294 2354
3294 229
1656 2238
1656 7087
1656 2155
1656 3784
1656 5386
1656 3563
1656 3944
3130 4299
3130 5786
3130 1426
3130 3638
6822 2961
6822 6402
6822 5011
6822 4562
6822 4817
1635 6871
1635 4891
1635 4396
1635 2968
1635 5724
1635 1456
1635 5053
1635 3650
1635 859
1635 3816
1635 1321
1635 5989
1635 5286
1635 7125
1635 3040
1635 1701
1635 2608
1635 203
1635 842
1635 6903
1635 2908
1635 4823
6468 2106
6468 1051
6468 7081
6468 2299
6468 3385
6468 5743
6468 3935
6468 358
6468 5158
6468 6768
6468 5206
6468 1525
6468 4161
6468 3416
6468 6074
6468 1344
6468 5267
5105 2897
5105 1749
5105 6234
3959 3285
3959 3848
3959 3072
3959 7039
3959 5193
3959 1655
3959 1622
3959 5199
3959 4534
3959 6387
4315 6777
4315 7165
4315 820
4315 6274
4315 4220
4315 1345
4561 2595
4561 2383
4561 2797
4561 729
4561 6998
4561 5559
4561 1240
4561 3350
2587 857
682 5547
682 3192
2069 1662
2069 3219
2069 3698
2069 2946
2069 723
2069 1293
2069 540
2069 4951
2069 6231
5874 1455
5874 6494
5874 6897
5874 171
5874 3544
5874 5724
5874 4947
3672 4836
3672 3840
3672 6549
3672 1650
3672 1778
3672 6135
3672 4419
3672 16
3672 1974
3672 4333
3672 2685
3672 3565
3672 5095
3672 4945
3672 4119
3396 4017
3396 4780
3396 1003
3396 5477
6544 4263
6544 723
6478 3683
6478 5394
2784 2615
2784 1132
2784 1298
2784 2898
2784 4358
3574 4152
3574 454
3574 1930
3574 1650
3574 506
6249 2578
1375 2987
1375 1340
1375 1038
1252 2224
1252 2841
25 5835
5569 2436
5569 3291
5569 3193
5569 2640
1028 5462
1028 1641
1028 3754
1028 7011
3416 496
5519 58
5519 6351
5519 6590
2255 4006
2255 6858
2255 6911
2255 1132
2255 3146
2255 3277
2255 6750
2255 3708
2255 2112
2255 5450
2255 3790
2255 6752
2255 1953
2255 1701
6074 5350
6074 7081
6074 3947
6074 308
6074 6992
6074 3175
6074 5206
6074 5776
6074 1344
6074 3927
3486 4549
3486 1212
3486 5712
3486 4938
3486 7123
3486 2180
3486 380
3486 6551
3486 7175
3486 338
3486 887
3486 5961
3486 5071
3486 1617
3486 4530
3486 3627
3486 5131
4748 491
4748 2239
4748 186
4748 3027
4501 5065
4501 4460
4501 3098
4501 3894
4501 1408
4501 4407
4501 6995
4501 2413
4501 148
797 3820
797 5816
4595 5052
4595 5711
4595 1363
4595 2591
2330 6003
2330 1240
27 5219
371 6282
371 6754
371 397
371 1364
371 378
4904 342
4403 1939
4403 7081
4403 675
4403 430
4403 2299
4403 2624
4403 1825
4403 839
4403 2506
4403 6927
4403 6463
4403 284
489 5787
489 3357
582 688
626 6450
6040 2752
6040 5900
6040 3906
6040 688
6040 538
6040 3283
6040 16
6040 5244
6040 3894
6040 4691
6040 3085
6040 3335
6040 6851
6040 4951
6040 2973
6040 6995
5078 3652
5078 1725
5078 5809
5078 6448
5078 5018
5078 925
5078 3419
5078 5346
1663 6306
1663 2180
1663 6908
1663 1
1663 2474
1663 5039
1663 6940
1663 5122
1663 2585
1663 2927
1663 381
1663 3166
1663 1582
1663 1158
1787 5504
1787 1042
1787 6407
1787 5127
1787 4358
1787 5041
2249 4334
3811 5638
3811 2471
3811 5298
3811 4494
3811 3113
6036 3507
6036 573
6036 3744
6036 1598
6036 754
6036 5386
6036 2038
6036 3212
6036 3944
6036 5710
6036 3157
3233 4215
3233 408
3233 3828
3233 2545
3233 5707
3233 3599
3233 5349
3233 3040
3233 6894
3233 2845
5014 3331
5014 4642
5014 990
2670 1088
2670 2468
2670 685
2670 3190
3899 6958
3899 348
3899 3090
6761 5758
6761 5441
6761 69
6761 6532
6869 3913
3001 5994
3001 1283
3001 6351
3001 6636
3001 6590
3001 2429
3001 2356
3001 5771
3001 3916
3001 6748
2007 6320
2007 2227
2007 1105
2007 3169
4817 6402
4817 4977
4817 3377
4817 188
4817 285
4817 3293
4817 6463
4817 5816
4817 6822
5510 3175
4219 6377
4219 4559
4219 6590
4219 608
4219 4584
4219 3894
4219 5910
4219 5236
4219 6909
4219 1258
1059 1889
1059 5319
1059 6777
1059 3342
1059 1783
1059 2656
1059 4954
1059 4420
1059 962
1059 5198
1059 3510
4099 6885
4703 3434
4703 2635
4703 303
4703 5765
4703 3011
4703 1677
4703 5776
570 5908
570 1283
570 1272
570 5475
570 3549
570 7161
570 6046
570 5686
570 155
570 522
570 621
570 1831
570 3874
570 3368
570 1012
570 1408
570 6835
3553 5410
3553 1072
3553 4737
3553 205
3553 6917
3553 4198
3553 4912
3553 6472
3553 1749
3553 1648
3553 4199
2667 4110
2667 1641
2667 4396
2667 3342
2667 769
2667 4839
2667 171
2667 5724
2667 2016
2667 3961
2667 2929
2667 2978
2667 6722
2667 6274
2667 4092
2667 6240
2667 1339
2667 5587
2667 1463
2667 4220
4652 6091
4652 3848
4652 6602
4652 6257
4652 5629
4652 4198
4652 1934
4652 1363
4652 4229
4652 2462
4652 2591
2462 1331
2462 4198
2462 1616
7158 4818
7158 1221
7158 6265
7158 6466
7158 4880
7158 3515
790 1828
790 5110
790 430
790 5158
790 6927
790 1328
790 6463
790 6468
1857 3911
1857 4660
1857 4276
1857 2182
1857 5039
1857 1882
1857 6187
1857 4305
1857 3069
1857 789
1857 3816
1857 5199
1857 2865
1857 6394
1857 6088
1857 1449
1502 784
4114 6147
4114 3768
4114 3601
4114 6396
4114 430
4114 5430
4114 3685
4114 188
4114 3385
4114 2157
4114 285
4114 4562
4114 6463
4114 750
4114 2216
4114 6822
4114 6074
4114 284
2168 3274
2168 575
2168 1125
4539 5328
4539 6364
4539 6917
4539 6650
4539 6024
6784 3004
6784 1230
6784 1674
6784 5673
6784 6787
6784 4378
6784 658
6784 621
6784 5133
6784 79
6784 806
6784 2544
6784 4505
174 6278
174 4196
174 6377
174 6317
174 2855
174 849
174 6417
174 5686
174 658
174 621
174 6657
174 957
174 3663
174 1036
174 5905
174 5346
1967 5171
6935 966
6935 4827
3709 184
3709 2360
3433 2609
3433 4574
6418 1522
6418 106
1292 5714
1292 397
1292 2882
1292 2044
1292 3856
1292 4834
5405 4720
5405 6518
5405 1037
5405 2592
5405 6775
5405 6940
5405 2018
5405 3069
5405 4334
925 2786
925 3832
925 4611
925 2872
925 40
62 4837
62 6908
62 4143
62 4841
62 94
62 3875
62 4963
62 2194
62 721
3007 846
3007 4160
3007 2233
3007 781
3007 1010
3007 1685
3007 6423
3007 3146
3007 2710
3007 5450
3007 551
3007 2043
3007 5199
3007 6752
3007 6271
3007 6088
3007 2784
3007 2516
3007 1701
3007 1575
3007 696
3244 260
3244 5927
3244 6772
3244 17
3244 3116
3244 551
3244 4326
3244 3290
3244 1715
3244 4932
4863 5562
4863 5242
4863 3321
4863 1975
4863 4820
4863 3810
4863 1128
4863 5863
4863 1536
4863 5474
4863 6616
4863 3470
4863 5761
4863 2592
4863 5174
4863 4694
4863 1839
4863 5586
4863 6836
4863 44
4863 580
4863 1457
4863 5017
4863 5093
4863 2429
4863 2356
4863 1684
4863 6594
4863 3834
4863 4861
4863 2444
4863 5771
4863 6657
4863 3281
4863 3340
4863 5616
4863 3816
4863 3075
4863 3984
4863 4586
4863 831
4863 4092
4863 6051
4863 4119
4863 3221
4863 1449
4863 2503
4863 7077
4863 174
4863 3040
4863 666
4863 3068
4863 1258
4863 229
4863 4560
4863 4729
4863 431
4863 3437
5587 3060
5587 193
5587 3192
5587 4042
5587 1206
5587 492
5587 3068
4466 1013
4466 922
4466 2239
4466 186
6909 568
6909 5471
6909 5743
6909 2486
6909 3075
2861 6838
2861 1189
2861 1891
2861 5303
2861 3494
2861 2553
2861 2378
2861 5080
4589 282
4589 6714
4589 5069
4589 1930
4589 1650
4589 1778
4589 2560
4589 4423
4589 1989
4589 2509
4589 4863
4589 3263
5776 6731
6643 6976
787 3523
787 782
787 2814
787 6676
787 4569
787 3136
6207 2638
6207 1568
6207 3806
6207 6360
3629 5368
3962 5970
3962 4254
3962 4410
3962 6481
3962 4104
3962 3183
3962 529
3962 5664
3962 6179
3962 4651
3962 5588
3174 1889
3174 18
3174 5319
3174 3414
3174 49
3174 5423
3174 171
3174 1931
3174 895
3174 3484
3174 1264
6047 4719
6047 843
6047 4527
6047 4368
6047 6121
2426 5845
2426 6234
3857 5925
3857 2249
3857 1647
3857 6241
1344 6196
1344 7081
1344 2028
1344 5201
1344 2299
1344 1525
1344 4161
1344 6074
1344 4136
3915 903
3915 2651
4071 1851
4071 1635
4071 677
226 758
1192 916
1192 3166
1192 1857
2447 1324
2447 5601
2447 2255
4019 2496
4019 745
4019 4504
4019 3330
4019 3529
4019 722
4019 3271
4019 4400
4019 3343
4019 24
4019 5016
4019 1690
6487 2589
6487 602
6487 5039
6487 3047
6487 6423
6487 484
6487 3577
6487 2590
6487 873
6487 1544
6487 6088
6487 1989
4494 4289
4494 6149
4494 6427
4494 2911
4494 821
4494 1354
4494 5638
4494 1324
4494 5298
4494 3630
4494 4328
4494 1575
167 7024
167 2605
167 4598
167 5605
167 5576
167 1375
167 2988
4328 2185
4328 4006
4328 821
4328 5601
4328 1106
4328 2575
492 605
492 4889
492 6201
492 2055
492 2593
492 392
492 138
492 871
1003 6621
1003 1904
1003 5063
1003 6408
1003 1884
1003 5679
1003 3396
1003 2973
3040 3321
3040 1655
4468 2068
4468 2018
4468 6882
4468 1562
4468 6086
4468 3858
4022 2577
4022 4592
4022 192
4022 4282
4022 4584
4022 4724
4022 113
4022 6851
4022 1329
4022 666
4577 2022
4577 3848
2040 3567
2040 6671
2040 6772
2040 3047
2040 5546
2040 4717
2040 3711
2040 1582
2040 3849
2040 1417
2040 898
29 6917
6742 5562
6742 6196
6742 2758
6742 675
6742 2299
6742 5541
6742 927
6742 1657
6742 6326
6742 1525
6742 276
6742 750
6742 4136
681 5973
1463 4110
1463 2186
1463 3429
1463 5773
1463 5059
1463 6722
1463 2960
1463 3593
1463 984
5740 4858
5204 2022
5204 3848
2401 5970
2401 1387
2401 2669
2401 5614
2401 954
2401 2849
2401 5587
2401 3890
6269 41
6269 5562
6269 4960
6269 3145
6269 6351
6269 1548
6269 1449
6269 5222
3568 1889
3568 1928
3568 4643
3568 845
3568 7105
3568 2114
3568 5216
3568 575
3568 691
3568 1968
3568 2872
3568 5544
6944 964
1021 5197
1021 1601
1021 3068
6680 843
6680 1928
6680 4196
6680 836
6680 2430
6680 649
6680 3568
6680 1646
396 5712
396 2728
1868 3589
1868 7093
6862 4280
5788 6930
811 4950
811 3219
811 4697
811 4986
811 6724
811 1506
811 1293
811 2379
5663 2814
5663 4569
5663 5158
1646 5712
1646 2015
1646 2008
1646 5287
1646 1280
974 4983
974 3884
974 3618
974 2680
974 3274
974 2365
974 7178
974 575
974 925
974 677
2148 903
2148 3470
2148 1668
3027 2549
5790 535
5790 6259
5790 6149
5790 1080
5790 3306
5790 3730
5790 484
5790 5017
5790 5601
5790 1561
5790 1907
5790 5558
5790 1449
5790 2428
5790 5819
2196 5857
2196 3439
2196 3055
2196 6852
2196 5077
2196 101
1224 3066
1224 3873
1224 1805
1224 2978
102 4524
102 6159
102 5061
102 1876
2516 6092
2516 1367
2516 2275
2516 2724
2516 7088
2516 5396
2516 1389
2516 5778
2516 3146
2516 887
2516 2885
2516 6599
2516 1582
2516 6024
2516 4358
2516 1273
2516 3797
2516 3959
2516 696
1953 6493
1953 6858
1953 2453
1953 3814
1953 2255
1953 226
1647 731
1647 7036
1647 728
1647 3857
1647 6241
4672 5857
4672 4759
666 5044
666 4394
666 115
666 58
666 1333
666 192
666 6317
666 3776
666 6071
666 849
666 5686
666 1684
666 109
666 6901
666 6575
666 4584
666 5797
666 5347
666 6851
666 3399
666 1329
666 6040
666 4863
666 6909
666 4468
666 5788
666 1978
1259 1633
1259 7034
1259 4364
1259 4450
1259 2959
1259 4842
1259 167
4012 1283
4012 2354
4012 6250
4012 6390
4892 3538
4892 1641
4892 591
4892 6485
4892 2034
4892 2349
4892 5493
4892 3468
4892 962
4892 1182
4892 4102
4892 3562
466 2525
466 2462
466 4199
2309 5386
2309 4228
4982 4592
4982 5357
4982 4282
4982 1561
4982 6178
2602 3833
2602 3212
2602 3842
2602 3082
2591 5410
2591 205
2591 2272
2591 6497
2591 2462
2591 2135
2591 4823
5884 1126
5884 6342
5884 4122
5884 5310
5884 6035
2696 5553
2696 3553
2696 990
6850 4232
6850 5210
6850 1062
6850 4352
6850 4088
2377 4863
4407 255
4407 7024
4407 4889
4407 1705
4407 6991
4407 6096
4407 4132
4407 506
4407 4826
4407 5482
4407 0
4407 859
4407 4450
4407 2736
4407 871
4407 1259
4407 1380
4411 6616
4411 6655
4411 966
4411 4727
4411 1687
4411 7171
3621 1468
3621 69
3621 5569
967 282
967 1283
967 6094
967 7182
967 2354
967 4534
967 1074
967 1258
915 2488
915 602
915 1511
915 5837
1585 6655
1585 2864
3419 4094
3419 4117
5051 1828
5051 3136
5602 1568
5602 3806
472 7056
472 1316
472 1165
472 3828
472 6170
472 3106
472 6275
472 1690
472 3040
472 6545
914 5049
914 2013
914 1920
4947 6933
4947 1885
4947 1926
4947 6187
4947 3544
4947 5724
4947 6947
4947 2016
4947 1258
4947 6890
1481 4317
6521 5559
6521 1240
6455 24
6455 1701
5267 2805
5267 430
5267 5201
5267 3385
5267 1825
5267 2614
5267 1822
5267 6463
5267 4703
5267 5405
5267 2040
5267 2843
5037 2684
5037 1870
5037 3549
5037 5742
5037 1348
5037 4293
1223 71
1223 2888
1223 6752
1223 4037
215 1604
1625 3704
1417 4289
1417 6427
1417 2635
1417 3243
1417 5357
1417 3047
1417 6423
1417 916
1417 2889
1417 2560
1417 303
1417 6882
1417 1495
1417 3293
1417 305
1417 3147
1417 3548
1417 898
1417 4702
1417 3125
5559 3728
5559 4339
5559 4536
5559 3944
79 5885
79 601
79 5098
79 49
79 3381
79 5924
79 7161
79 6590
79 6135
79 3072
79 6132
79 6094
79 4841
79 2354
79 6275
79 6768
79 4768
79 5989
79 6832
79 4283
79 6784
79 4505
7093 1958
7093 3589
7093 1648
4528 2814
4528 1825
4528 5860
4528 6676
4528 6463
6260 6055
6260 4533
6260 1930
6260 538
6260 5144
6260 5605
6260 1568
6260 2160
6260 3291
6260 2736
6260 2094
6260 3309
6260 2413
391 3286
391 6
391 5665
391 723
391 1846
391 3335
391 32
1303 1828
1303 1180
1303 276
1303 4817
3082 5955
3082 4073
3082 2888
3082 3833
3082 3427
3082 5043
4095 1842
4095 781
4095 3212
4637 5547
4637 3289
4637 1522
4637 2618
4637 6418
2774 1889
2774 3401
2774 1926
2774 4420
2774 3510
4968 41
2835 1808
2835 6584
2835 4658
2514 6293
2514 5586
2514 4401
1914 14
1914 6511
1914 3352
4055 1390
5342 3414
5342 6554
5342 2066
5342 836
5342 356
6894 7056
6894 2997
6894 4370
6894 4527
6894 2936
6894 1212
6894 4938
6894 6412
6894 2180
6894 380
6894 3679
6894 4143
6894 1919
6894 5591
6894 6799
6894 1976
6894 3828
6894 1330
6894 2301
6894 5707
6894 548
6894 3599
6894 5223
6894 4454
6894 4317
6894 4872
6894 774
6894 2528
6894 2027
6894 1675
6894 1690
6894 2587
6894 6047
6894 1937
6894 5585
6472 5845
6472 6686
6472 1970
6472 2272
6472 4089
6472 5105
6472 3639
6472 6234
7046 4569
3927 1939
3927 5350
5005 5885
5005 3736
5005 58
5005 892
5005 3936
5005 1674
5005 780
5005 6590
5005 171
5005 722
5005 4378
5005 109
5005 1296
5005 7171
5005 4283
5005 6971
1816 5633
1816 4289
1816 6060
1816 1693
1816 4298
1816 1376
1816 1024
1816 4709
1816 3573
1816 5039
1816 3047
1816 2471
1816 1778
1816 506
1816 133
1816 1794
1816 7053
1816 3124
1816 3910
1816 88
1816 2343
1816 3071
1816 1677
1816 4041
1816 2228
1816 2952
1816 1445
1816 1124
1816 6909
1816 5721
1816 1258
1816 2826
4669 2540
4669 5415
33 5954
1351 3705
1701 4100
1701 6781
1701 5065
1701 3377
1701 740
1701 6511
1701 6750
1701 551
1701 4990
3326 5093
3326 5631
3326 5219
2419 380
2419 4954
2419 6753
2419 3510
3003 1662
3003 3383
3003 3891
3003 3930
3003 889
3003 4794
3003 6058
3003 32
6907 1214
6907 5588
6907 1876
3988 4972
3988 3329
3988 722
3988 1594
3988 5016
2559 6961
4684 58
4684 1322
4684 6725
4684 4566
4684 819
4684 1562
4684 1668
4684 4875
4684 3340
4684 1622
4684 3548
1532 5386
6009 6152
3908 3891
3908 2254
3908 723
3908 5142
3908 4658
3908 6058
3908 32
6698 3219
6698 1845
6698 3482
6698 1506
6698 5009
7027 2987
7027 3730
7027 1692
7027 609
7027 3564
7027 3124
7027 1038
7027 2984
7027 5211
558 4024
558 6589
6157 1783
6157 5243
5549 6809
5549 6488
5549 3815
5549 4297
5549 101
5549 148
6818 141
6818 1783
6818 2463
6818 4770
6818 523
6818 327
936 4372
936 3148
936 6945
936 4953
936 1253
936 4932
817 6671
817 6510
817 434
817 5892
923 6583
923 7072
923 6288
923 6500
923 5103
3201 4747
3201 5334
3201 4317
2505 4174
2505 6650
2505 353
2505 4823
5009 3219
5009 7111
5009 3048
5009 4485
5009 210
5009 469
5009 7142
5009 6745
5009 4061
5009 5662
5009 7104
5009 5620
5009 4913
5009 2044
5009 1183
5009 6274
5009 3482
5009 1506
5009 2646
5009 5243
2135 4107
5721 4376
5721 4298
5721 2001
5721 6014
5721 1650
5721 1692
5721 1401
5721 5754
5721 6335
5721 2736
5721 706
5721 101
1862 58
1862 3526
1862 4518
1862 222
1862 6553
1862 37
4084 860
4588 2496
4588 4398
4588 3529
4588 5770
2358 5664
677 6529
677 925
677 3514
5224 6067
2649 4017
2649 4196
2649 5755
2649 391
2649 5226
2649 4279
2649 4179
1497 6342
1497 2312
1497 4001
1497 2447
1497 3480
1497 4144
2640 1476
2640 6260
5219 4508
5219 6549
5219 1856
5219 5228
5219 6541
5219 5905
5219 6596
5219 1124
5219 7094
5219 3326
5219 5103
4620 3784
3726 2567
6692 260
6692 5927
4648 1655
1644 255
1644 4747
1644 6996
1644 2970
5477 4017
5477 2700
5477 3953
5477 5288
806 4452
806 1750
806 3381
806 6071
806 2103
806 1882
806 484
806 5673
806 1926
806 2927
806 4305
806 6725
806 3116
806 5314
806 703
806 6088
1575 3481
1575 4604
1575 6427
1575 1212
1575 2635
1575 2180
1575 5496
1575 6908
1575 1
1575 5858
1575 4430
1575 5375
1575 1495
1575 5488
1575 2340
1575 2594
1575 5819
203 1942
203 2903
203 3627
203 4317
203 7051
203 5932
203 1635
203 842
4037 1706
4037 3403
4037 2317
4037 6539
4037 1153
4037 3735
5155 7056
5155 6346
5155 1165
5155 472
5155 2845
5155 6545
858 18
858 2936
858 602
858 1165
858 5973
858 2585
858 4826
858 3025
858 2590
858 3476
858 812
858 555
858 2293
858 3378
858 3849
858 1273
858 6177
858 5151
858 1339
858 1449
5903 3052
5903 3377
5903 4143
5903 1930
5903 3047
5903 5861
5903 1632
5903 1569
5903 5199
5903 774
5903 6117
5903 4219
5903 1253
5903 5819
5192 1515
5192 1790
5192 5619
5192 2879
5192 3767
5192 4918
5192 1868
5192 5224
5192 1648
6390 4533
6390 4827
6390 6250
6390 6935
2408 4300
2874 3470
2874 5133
2874 2845
6491 5368
6491 2942
6491 6505
6491 6393
983 3913
983 3440
983 1891
983 808
983 3667
2485 284
140 6933
1131 2053
1131 467
1131 4986
1131 2740
6793 5603
7082 4211
7082 3835
7082 5712
7082 3274
7082 7004
6767 4041
3562 1889
3562 5933
3562 5319
3562 591
3562 1783
3562 4878
3562 4591
3562 800
3562 2837
3562 356
3562 3510
3562 5667
3562 3068
3562 4220
987 1854
987 2320
987 5586
987 2942
987 5408
987 6768
987 6541
1274 4031
1274 3887
1274 1024
1274 4533
1274 6215
1274 5093
1274 5228
1274 424
1274 1588
1274 5742
1274 2952
1274 4411
1274 3326
6801 3595
6801 4311
6801 1228
6801 2489
6801 729
6801 289
6801 5835
1246 58
1246 6135
1246 6909
1246 5695
6526 14
6526 3181
2727 1970
2727 2303
2727 5192
2727 5710
1937 4948
1937 3246
1937 5357
1937 6417
1937 1561
1937 4724
1937 6540
1937 1837
1937 6178
4641 2683
4641 1177
4641 3212
4641 1240
4622 2278
4622 6397
4622 1518
4622 4936
4622 3684
4622 6443
4622 3340
4622 5508
4622 1715
4622 3244
126 6911
126 1132
126 3378
2209 6245
2209 2592
2209 5616
2209 5902
2209 3485
2209 7077
1101 4574
3309 3116
3309 1562
3309 1046
3309 4953
3309 4932
2115 1141
2115 116
2115 4428
2115 6149
2115 1803
2115 1275
2115 2471
2115 1298
2115 6783
2115 226
2511 1651
5139 1563
5139 6665
5139 408
5139 3779
5139 2967
2364 5069
2364 3635
2364 5686
2364 7052
2364 1296
2364 5902
2364 6301
2364 1258
2364 2413
2364 4560
5480 2290
5480 3021
5480 3699
5480 4625
5480 1048
5480 5015
842 1942
842 5989
1680 5163
1680 5859
1680 3589
1680 6885
1680 5557
1680 5840
1680 6898
1680 2277
1680 1317
1680 5487
4996 4691
4996 5142
4996 3003
4900 710
3493 6142
3493 6917
6178 6209
6178 4410
6178 4024
6178 5357
6178 4348
6178 4724
6178 6442
6178 1644
6178 3068
3944 573
3944 3589
3944 3784
3944 1801
3944 3563
3944 729
6525 3745
2838 1706
2838 75
3103 4823
5081 6149
5081 2171
5081 7036
5081 3186
5081 4872
5081 1677
5081 33
5081 5819
2741 6719
1240 3600
1240 1070
1240 7153
1240 691
1240 2553
1240 3343
1240 5016
1432 4017
1432 6842
1432 2839
1432 4075
1432 2307
1432 3663
1432 5755
1432 4951
4300 1285
4300 5642
4300 4837
4300 6586
4300 3756
4300 3708
4300 4841
4300 5730
4300 3875
4300 4963
4300 721
898 2805
898 6427
898 1354
898 3047
898 5877
898 4717
898 5125
898 1575
898 2843
898 101
633 6142
633 4625
633 6322
633 6650
633 1718
633 2505
633 4823
2205 7110
2205 4592
2205 1494
2205 6655
2205 3246
2205 4573
2205 2558
2205 4282
2205 6920
2205 3105
2205 5522
2205 3291
2205 4474
2205 1085
2205 4669
2869 3299
2869 2025
2869 3786
2869 2615
2869 1078
2869 6721
2869 1493
2869 3790
2869 3378
2869 1701
4413 5328
4413 6650
6903 4389
6903 5214
6903 806
6903 2107
7057 58
7057 561
7057 3850
7057 1230
7057 2932
7057 5308
7057 2509
7057 1085
6087 214
6087 5857
6087 3439
6087 2557
6087 6809
6087 2842
6087 4775
6087 6618
6087 1320
6087 1907
6087 4407
6835 2752
6835 2085
6835 1904
6835 1080
6835 1641
6835 6958
6835 350
6835 4533
6835 4559
6835 517
6835 3246
6835 4548
6835 1330
6835 3587
6835 1295
6835 3663
6835 5307
6835 5228
6835 2387
6835 6540
6835 2568
6835 5742
6835 6484
6835 1837
6835 1085
6835 4669
6835 1258
2787 1997
2787 6402
2787 3947
2787 6396
2787 4126
2787 5158
2787 276
2872 18
2872 2025
2872 6412
2872 5049
2872 845
2872 7112
2872 3540
2872 3140
2872 3898
2872 3832
2872 61
2872 2153
2872 5334
2872 4707
2872 1841
2872 6066
2872 925
2872 3174
2872 3455
2872 1264
1910 4706
1910 578
1910 5494
2845 4370
2845 3810
2845 6636
2845 4657
2845 3936
2845 1165
2845 780
2845 1493
2845 3980
2845 658
2845 6094
2845 4566
2845 819
2845 621
2845 2354
2845 5741
2845 3627
2845 831
2845 6177
2845 5005
3583 2174
3455 3195
3455 479
3455 1968
4911 1346
4911 6176
4911 5722
4911 4410
4911 6562
4911 1160
4911 6201
4911 6317
4911 871
5585 2533
5585 6149
5585 2471
5585 338
5585 5877
5585 4721
5585 2560
5585 3069
5585 6093
5585 1544
5585 555
5585 4317
5585 3378
5585 2027
5585 2608
5585 858
3755 6092
3755 4452
3755 66
3755 1750
3755 3063
3755 669
3755 916
3755 3069
3755 563
3755 5545
5565 3679
7071 6142
7071 629
1962 5096
1962 4722
1962 5524
1962 575
1962 186
1962 1524
6872 4957
6872 3662
6872 3685
6872 1029
6872 6140
6872 37
6872 4956
3780 4818
3780 2828
3780 1221
3780 3659
3780 6466
3780 3274
3780 5152
3780 3273
3780 5167
3780 4941
3780 2760
3780 4880
3780 3515
3780 7125
3484 627
3484 156
3484 5049
3484 845
3484 3140
3484 5182
3484 3898
3484 575
3484 6755
3484 5371
3484 2682
3484 1264
752 4541
752 6412
752 1765
752 2342
752 1031
752 925
752 974
1770 3063
1770 5122
1770 887
1770 3490
1770 3986
1770 2112
1770 94
1770 6563
1770 1273
1770 6487
1770 858
5226 5900
5226 3286
5226 5665
5226 4691
3530 2889
5075 5798
5075 3005
1601 4558
1601 5970
1601 3979
1601 4816
1601 5527
1601 2223
1601 4348
1601 5773
1601 6839
1601 3658
1601 5855
1601 1021
6001 2850
6001 3805
1280 2997
1280 5042
1280 2452
1280 640
1280 3208
1280 1316
1280 2870
1280 3357
1280 2023
1280 1229
1280 1150
1280 103
1280 3164
1280 5961
1280 61
1280 995
1280 1735
1280 230
1280 4530
1280 691
5200 4780
5200 5665
5200 4075
5200 534
5200 6049
5200 723
5200 2700
5200 4465
5200 3908
5710 3331
5710 573
5710 3589
5710 3517
5710 1598
5710 1999
2973 7067
2973 2577
2973 3538
2973 1641
2973 715
2973 405
2973 3449
2973 1926
2973 5031
2973 3283
2973 692
2973 3816
2973 1465
2973 4117
2973 3536
2973 3294
2973 4404
4993 4492
4702 58
4702 6259
4702 6149
4702 2911
4702 3730
4702 6809
4702 6799
4702 6590
4702 1561
4702 731
4702 4872
4702 5211
4702 5819
1957 3990
1957 5094
1957 4024
1957 5503
1957 479
1957 575
1957 5548
1957 925
1749 3589
1749 6686
1749 6666
1749 2831
1749 3620
5564 3913
5564 5563
5564 2968
5564 740
5564 4317
5564 2041
5564 7051
5564 2289
5564 5989
5564 1635
6435 3635
6435 2471
6435 3980
6435 3681
6435 3437
4422 1470
1754 4836
1754 610
1754 6060
1754 2028
1754 4508
1754 6201
1754 1930
1754 6655
1754 1404
1754 5754
1754 3098
1754 4953
1754 1124
1754 6995
2111 5914
1604 5604
1604 1265
1604 5507
1604 1577
1604 4599
1604 6142
1604 7068
1604 5503
1604 7101
1604 629
1604 3976
1604 414
1604 3146
1604 6008
1604 5988
1604 4666
1604 6279
1604 1952
1604 3212
1604 5127
1604 2553
1604 6394
1604 3875
1604 3486
1604 4821
1604 1776
1769 3052
1769 1930
1769 3090
1769 5769
1769 1074
1769 2094
1769 6596
1769 6119
532 1493
532 1273
532 6394
532 1192
532 4300
1253 3771
6995 255
6995 1387
6995 5900
6995 4747
6995 192
6995 201
6995 4889
6995 6201
6995 6317
6995 3960
6995 1983
6995 1562
6995 1206
6995 1321
6995 1046
6995 4985
6995 5078
6995 3244
6995 1701
6995 1253
6995 4932
2643 282
2643 2028
2643 3527
12 5023
12 2959
775 3357
775 1026
2801 236
2801 3976
2801 5394
2801 5988
2801 1952
2801 3169
307 3935
1473 2277
4856 4991
4856 120
6119 1024
6119 4728
6119 5631
6119 1074
2455 1701
6795 3212
1648 252
1648 1790
1648 2303
1648 6067
4989 6985
4989 3340
4989 6768
4989 2843
5002 3406
5002 3589
5002 3373
5002 6917
5002 1363
5002 3876
5002 3620
5002 4595
5002 495
3350 2888
3350 5062
3350 3728
3350 729
3350 5559
5688 6618
5521 2891
5521 2106
5521 123
5521 4351
5521 4188
5521 5298
5521 3011
5521 5776
2379 1088
2379 6282
2379 3972
2379 2675
2379 397
2379 6745
2379 1905
2379 671
2379 6198
2379 2246
2379 7104
2379 7095
2379 2622
2379 2989
2379 5009
3307 4230
3307 237
6607 1037
6607 6586
6607 1070
6607 5865
6607 6460
6607 2043
6607 3547
6607 5843
1227 168
1227 2319
3157 573
3157 3595
3157 3204
3157 6883
3157 5386
3157 6244
3157 875
3157 729
3157 3620
3157 6801
3157 3944
3157 1604
4515 4060
4515 2028
4515 5379
4515 4499
4515 1650
4515 6471
4515 4717
4515 2156
4515 5683
4515 1974
4515 1812
4515 1677
4515 3287
4515 1754
2144 6530
2144 6288
2188 6427
2188 821
2188 1556
2188 6606
2188 303
2188 1495
2188 6912
6027 6364
6027 4390
284 7081
284 782
284 1556
284 1034
6545 408
6545 1165
6545 3072
6545 6787
6545 4490
6545 2545
6545 5615
6545 6177
6545 79
3068 843
3068 58
3068 3060
3068 184
3068 3379
3068 3550
3068 680
3068 5498
3068 4024
3068 5253
3068 6721
3068 4329
3068 2034
3068 580
3068 5686
3068 5017
3068 6093
3068 4
3068 61
3068 5858
3068 3674
3068 1805
3068 3790
3068 4875
3068 3075
3068 3757
3068 3043
3068 4454
3068 1095
3068 3849
3068 6833
3068 703
3068 2393
3068 5417
3068 5655
3068 5405
3068 6909
3068 3568
3068 984
3068 3339
1338 1479
2887 1711
4639 7016
4639 3752
4639 1641
4639 4404
4937 7125
1258 1792
1258 4093
1258 1277
1258 2896
1258 574
1258 4051
4323 3655
4323 16
4323 2121
4323 3419
2388 6858
2388 6843
2388 2115
3890 255
3890 2779
3890 4024
3890 7105
3890 4348
3890 3020
4199 4232
4199 3406
4199 1199
4199 6091
4199 3021
4199 3057
4199 4088
4199 2462
3214 3173
3214 4818
3214 2828
3214 4880
3214 7125
3480 5867
3480 2312
3480 2832
3480 3756
3480 1118
3480 4326
3480 1497
3480 4622
4271 1997
4271 4569
4271 5240
6797 5241
4106 1852
5404 1828
5404 6166
5404 3662
5404 2143
2981 5547
2981 4204
2981 4867
2981 6727
2981 581
2981 709
2981 4911
3737 1088
2743 207
2743 5698
5644 6296
5644 3910
5644 6138
5644 3319
5644 4953
5644 4407
4120 964
4120 6896
4120 582
5001 4394
2413 5595
2413 3261
2413 6467
2413 4281
2413 4592
2413 1925
2413 4533
2413 6201
2413 6317
2413 4633
2413 6096
2413 2855
2413 1650
2413 3047
2413 436
2413 3766
2413 3960
2413 6973
2413 1684
2413 522
2413 6678
2413 5482
2413 877
2413 2212
2413 581
2413 5613
2413 3663
2413 68
2413 3771
2413 4534
2413 3819
2413 2736
2413 871
2413 1989
2413 4953
2413 4474
2413 4589
2413 2364
2413 2869
3113 2889
3113 3268
2009 5547
2009 3511
2009 860
2009 3663
2009 6501
2539 672
2539 6809
2539 1513
2539 1650
2539 1045
2539 5876
2539 1752
2539 1754
5373 5289
5373 7086
5373 3132
519 6462
519 5586
519 6288
519 1642
519 6541
519 3629
3354 1622
3354 3530
4821 3314
4821 1423
4821 1992
4821 5328
4821 6378
4821 3976
4821 6008
4821 789
4821 3033
4821 1940
4821 770
4821 532
4821 1005
4821 696
4144 4634
4144 4143
4144 3756
4144 6973
4144 6443
4144 4622
5600 672
5600 2557
5600 2472
5600 4508
5600 2020
5600 6135
5600 4402
5600 4574
5600 6618
5600 4238
5600 2413
5600 5909
5695 4452
5695 2465
5695 4874
5695 480
5695 3243
5695 1902
5695 1882
5695 125
5695 2927
5695 3025
5695 4566
5695 819
5695 3627
5695 3547
5695 1857
5695 6607
5695 5785
229 4763
229 4533
229 6250
229 4534
229 4245
229 6935
229 1816
5131 1617
4915 3665
4915 2160
4915 1468
2132 453
2132 100
2132 4090
2750 6711
2750 6851
2750 2270
1337 6694
1337 6653
1337 3350
1337 5080
4560 3321
4560 1832
4560 4196
4560 4559
4560 6051
4560 4863
4560 3040
4560 4823
1005 722
1005 6093
1005 858
2544 3286
2544 4490
2544 5113
2544 621
2544 1728
2544 4768
2544 5346
283 3306
283 3232
283 1567
283 4897
283 5721
6391 857
6285 6564
6285 2186
6285 3429
6285 4489
73 3918
3217 4517
3217 1912
3217 7004
3217 6174
3217 7158
2843 4634
2843 1212
2843 1126
2843 2180
2843 2832
2843 355
2843 6189
2843 6799
2843 6830
2843 4908
2843 3272
2843 2220
2843 6088
2843 4589
2843 915
1419 6288
1419 273
1419 4861
1419 6541
5346 5994
5346 1832
5346 3730
5346 4573
5346 574
5346 4419
5346 4490
5346 2607
5346 4605
5346 621
5346 4333
5346 3565
5346 4768
5346 6387
5346 5910
5346 1408
5346 5078
5346 468
2908 3990
2908 1423
2908 6423
2908 3072
2908 789
2908 1728
2908 5309
2908 5199
2908 4534
2908 64
2908 6387
2908 6088
2908 1635
2908 1575
2908 2826
2908 1838
122 2888
122 3595
122 4536
122 2766
122 1240
122 3350
4690 3595
42 681
6146 6412
6146 3965
6146 1013
6146 922
6146 4034
6146 1962
3088 3976
3088 1428
3088 6244
3088 3343
5203 1662
5203 5665
5203 889
5203 3894
5203 1846
6743 4317
6743 3378
6890 4599
6890 3554
6890 5811
6890 3544
6890 4666
2158 1783
2158 2161
5938 5900
5796 2638
5796 5613
1264 6755
1264 6531
1978 4394
1978 2396
1978 1295
1978 6584
1978 1258
4003 58
4003 6919
4003 7172
4003 222
4003 5590
3280 4722
3280 3274
3280 1125
3967 4595
3967 3040
3967 4823
5080 3600
5080 3913
5080 5115
5080 3440
5080 5865
5080 6911
5080 808
5080 5442
5080 6343
5080 5260
5080 3096
5080 2012
5080 5016
5080 1604
5648 4082
5819 3010
5819 5350
5819 2936
5819 5280
5819 1126
5819 2488
5819 4660
5819 4143
5819 5420
5819 1324
5819 805
5819 6799
5819 5877
5819 4721
5819 5801
5819 6195
5819 5837
5819 3398
5819 1822
5819 305
5819 6499
5819 2528
5819 681
5909 2413
4729 282
4729 3736
4729 4281
4729 1565
4729 1725
4729 405
