485 1904
485 1272
485 517
485 3561
485 187
485 4793
485 6408
485 1684
485 6901
485 1238
485 6295
485 3335
485 2738
485 2131
485 4692
1768 1776
1304 4046
1304 1003
316 388
316 5436
316 382
316 4261
3300 3175
3300 358
3300 4161
3300 6074
1990 1825
2929 1455
2929 4396
2929 4839
2929 171
4650 2167
4650 2946
4650 1506
6978 4452
6978 3911
6978 6993
6978 1750
6978 2927
6978 1065
4872 2936
4872 2767
4872 6799
4872 669
4872 5601
3311 6185
1122 3290
1479 2441
1479 4433
1479 6500
1479 6541
1479 412
1479 3276
1582 1822
94 6518
94 5396
94 3756
94 2130
94 4963
94 858
94 5819
6510 4289
6510 6671
6510 3011
6510 434
4081 1506
6457 2690
6457 1948
6457 3599
6457 5309
6457 2236
6457 1192
3376 897
962 3015
962 4869
3671 1468
3671 3193
3671 2736
6439 5218
6439 12
2556 808
2556 4389
2978 1390
2978 1019
2978 2186
2978 4396
2978 4623
2978 2016
2978 2929
2978 2667
4059 5441
3265 3951
3265 5788
1704 5456
1704 5094
6704 1066
6704 551
6704 3290
6704 1014
2740 6338
2740 3723
2740 4687
2740 2882
2740 135
2740 5588
5797 4397
5797 1400
5797 405
5797 4505
2187 1536
2187 54
2187 3635
2187 580
2187 2212
2187 621
2187 1399
2187 4534
6331 4575
6331 3925
6331 1559
6331 2576
6331 6393
6331 987
6331 2730
5133 5989
5729 2375
5729 5158
5199 218
5199 1147
5199 1354
5199 7098
5199 3381
5199 3063
5199 2818
5199 3047
5199 5122
5199 1913
5199 4461
5199 1818
5199 303
5199 1296
5199 3144
5199 68
5199 1449
5199 5573
518 3600
3856 4240
3856 378
3856 4928
3856 634
3856 5588
2134 6187
1811 3651
1811 479
1811 1172
2754 3428
69 5069
69 953
69 4407
1808 4075
6540 3291
6540 2428
6540 2205
6540 5346
3658 5135
3658 241
3658 1935
3335 6595
3335 3098
324 2117
3754 1132
3754 1456
5855 5893
5855 2119
6005 4660
6005 4321
6005 5039
6005 3047
6005 3766
4369 1725
374 6342
374 4888
374 111
374 5394
374 760
374 2801
374 364
4479 6261
7149 3911
7149 870
7149 3599
7149 2908
2293 843
2293 5065
2293 2472
2293 3401
2293 5493
2293 4317
2293 2556
2293 1059
2293 1253
2293 431
5212 5115
5212 4028
5212 3330
5212 7047
5212 5886
5212 5442
5212 5016
1436 5700
1436 4938
1436 1455
1436 78
5347 113
6337 5121
5876 1754
5119 5908
5119 4505
6918 3403
6918 1153
4049 1709
4049 6704
4049 1014
4740 957
6604 3848
6604 4198
2340 4604
2340 484
2340 3281
2340 4589
909 374
909 1014
6584 3121
6584 6408
6584 3283
6584 35
6584 1808
6584 5679
6584 3396
1394 3736
1394 6096
1394 7128
1394 5071
1394 4214
1394 4505
6755 5319
5294 2035
5294 430
5681 3234
5681 774
5681 5989
7023 5535
7023 715
7023 892
7023 2607
1465 3913
1465 3990
1465 7067
1465 450
1465 6071
1465 4117
1465 3536
1465 5005
1465 2869
2041 808
2041 3754
2041 7051
4287 2025
4287 4100
4287 3538
4287 4938
4287 4747
4287 6096
4287 3342
4287 2656
4287 1931
4287 2901
4287 1025
4287 2293
4287 6229
3378 6216
3378 1889
3378 2805
3378 7016
3378 6586
3378 5865
3378 6772
3378 629
3378 171
3378 4841
3378 6224
3378 1120
3378 3674
3378 2043
3378 4420
3378 3099
3378 5585
3378 3068
3993 5394
3993 5747
3993 5650
3993 2447
3212 3424
3212 2776
3212 4536
3212 7145
3212 3563
3212 5959
6618 5680
6618 672
2816 1641
1320 2240
1320 2441
1320 5586
1320 1583
1320 2514
2967 407
2967 1165
2967 3828
2967 5799
2967 1701
3874 5535
3874 6
3874 174
186 5859
186 3560
186 3603
3691 1182
3691 4117
1845 2675
1845 1905
1845 1783
1845 2246
1845 4316
1845 3856
1845 5009
1822 3011
1822 1495
1822 5819
5327 2936
5327 4007
5327 3988
6161 4707
6161 1321
6161 5667
4638 5065
6086 1536
6086 6377
6086 3340
6086 3075
6086 3681
6086 4468
4292 4680
2497 2254
2568 2899
2568 621
2568 4881
3717 5486
4303 3834
4303 2973
1095 6794
1095 2556
5959 573
5959 3349
5959 6642
5959 4536
5959 2054
5959 3251
3206 4936
2003 4924
2003 7011
2003 958
6024 6662
6024 3936
6024 6187
6024 7136
6024 3544
6024 6768
6024 774
6024 3040
3895 5042
3895 4910
3895 2015
3895 3329
3895 2114
3895 1150
3895 7153
4562 3685
4562 6822
6945 3573
6945 2343
6945 1253
6945 4932
6673 1165
4438 6911
4438 3378
5198 3004
5198 1465
5198 4092
2248 5044
2248 5547
2248 1847
2248 4592
2248 2164
2248 5745
2248 5196
2248 3894
2248 6212
2248 132
2248 1408
2248 682
3926 2044
3442 3385
3442 284
22 1030
22 1331
22 5487
1446 6529
1183 826
1183 1711
2898 6863
2898 4888
2898 1324
2898 2310
2898 2447
2898 2115
2969 5954
2969 2028
2969 5743
2969 3548
2969 5267
6715 1285
6715 1141
6715 6750
6715 6830
5685 7082
5742 4031
5742 6958
5742 350
5742 4533
5742 1856
5742 1540
5742 5631
5742 1274
6753 3626
6753 5319
6753 5094
6753 4024
6753 7105
6753 4420
6753 2600
3293 6423
3293 358
3293 5199
3293 6088
5127 4311
5127 2471
5127 5601
5127 1940
5127 5444
5127 5819
5937 4152
5937 6351
5937 5065
5937 6492
5937 6590
5937 616
2506 1939
2506 3935
2865 5319
2865 6485
2865 4389
2865 6903
3492 3448
4619 6100
4619 6423
4619 5830
4619 1622
4619 2078
4619 3354
6000 2025
6000 5700
6000 49
6000 6096
6000 5848
6000 4839
6000 4434
6000 5302
6000 4826
6000 6947
6000 5378
6000 2293
6000 3696
6000 2119
1907 5857
1907 1583
1907 4181
7153 4028
7153 5570
7153 6838
7153 5865
7153 5120
7153 5442
7153 2378
7153 1914
1679 4196
1679 6584
1679 4658
1679 6995
3771 3766
3771 484
4346 5645
4346 6085
5943 2609
3269 2430
2849 710
2849 954
1687 3906
1687 877
1687 4465
1687 5679
1687 3396
2080 6298
1727 7175
1727 5216
6506 6714
6506 3047
6506 5801
6506 6117
138 6169
138 1206
895 3550
895 3757
895 4287
895 6000
924 2545
924 5932
924 842
4768 658
6589 7123
6589 1976
6589 887
2289 3913
2289 740
2289 6187
2289 5053
2289 5707
2289 842
2298 1889
2298 450
2298 5182
2298 4591
2298 800
2298 859
2298 796
2298 5544
774 669
774 4686
774 4420
774 5199
774 1192
774 1575
774 3125
6531 6096
6531 3401
6531 1926
6531 2901
6531 4389
6531 6947
4586 4863
6632 3379
6632 2360
6632 3514
4534 4633
4534 966
4534 7052
4534 3245
4534 4729
2360 843
2360 4846
2360 5223
2360 4454
2360 3514
1894 4836
1894 5069
1894 5091
1894 6909
1894 4989
1894 3263
6927 7081
6927 1587
6927 782
6927 3175
6927 5206
2425 273
2425 6541
875 4064
875 5386
6722 6564
6722 3429
6722 4715
3849 1066
3849 1126
3849 2663
3849 6973
3849 1582
3849 3819
3849 3480
5206 782
5206 927
5206 6468
5522 6130
5522 5910
5522 3672
796 3348
796 4040
796 2430
796 1646
1466 640
1466 995
2343 58
2343 3573
2343 2864
1405 6185
1405 1582
1405 3421
6752 5407
1031 5456
2902 843
1347 4634
1347 2801
6138 7110
6138 3148
6138 4953
6138 5600
2398 4948
2398 319
2398 296
2398 1330
5965 2474
4714 5710
473 3810
473 6909
6085 2730
691 6552
691 5262
691 184
691 6517
691 1596
691 4910
691 1070
691 1428
691 3568
1592 3913
1592 4972
1592 6533
1592 1070
2548 5368
2548 5586
2548 519
3147 3047
3147 4703
3147 1575
3291 5069
3291 3041
3291 7015
3291 5797
3291 5905
3291 4115
6951 7142
6951 169
6951 4796
6951 3962
4082 5135
4082 1832
4082 6201
4082 624
4082 4251
4082 6042
4082 682
4082 163
1065 5437
1065 6394
1982 5621
5349 6589
5349 5155
1036 5263
1036 1485
6851 6711
6851 201
6851 6
6851 187
6851 5745
6851 6256
6851 6251
6851 3368
1812 1360
1812 731
6335 3730
6335 6876
6335 5211
6274 3429
6274 3015
6274 4240
6274 78
6274 4489
6274 2978
6274 6066
6274 5198
6274 3068
2600 5748
2600 1330
2600 4982
2600 1937
4297 58
4297 3730
4297 1494
4297 1650
4297 6590
4297 3720
4297 1449
4781 4709
4781 3041
2813 2175
6326 3150
6326 1825
6326 308
6326 284
4092 1942
4092 450
4092 6448
4092 1528
4092 4117
4956 4518
4956 3685
4956 6140
1758 430
7155 6883
7155 6752
1113 2449
1113 538
1113 6390
1113 6062
4472 6818
4651 965
4651 3928
4511 4196
4511 99
4511 3303
4511 3866
4172 1852
4172 1401
4172 5613
6843 5621
6843 5988
6843 6356
7171 155
7171 6357
1968 5456
1968 5042
1968 1928
1968 5498
5487 3589
5487 5720
5487 3920
3482 4485
3482 469
3482 4824
3482 6032
3482 1182
1506 826
1506 1662
1506 6148
1328 1828
1328 1825
1328 5860
1328 5541
1328 4136
4655 2098
4655 992
4655 2882
4655 5948
5164 18
5164 5503
5164 3273
3037 398
3826 6008
3826 1952
1964 6187
3775 580
3775 1562
5314 2416
5314 3234
5314 4389
6529 5503
6529 1635
6529 1701
3239 1889
3239 6531
3239 6229
3239 3510
729 1240
4358 4160
4358 3881
4358 2690
4358 4006
4358 3529
4358 2732
4358 6407
4358 2990
4358 6750
4358 5450
4358 551
4358 118
4358 1669
4358 5418
4358 1582
4358 1192
4358 2516
4358 1701
4358 1604
3071 580
3071 2974
3071 4872
3071 2175
3071 5211
3071 5819
1940 4634
1940 6142
1940 2832
1940 758
1940 1132
1940 5653
1940 6185
1940 3378
1348 860
4228 71
6661 3824
6661 6542
362 556
362 1890
5142 4196
5142 4691
6240 4839
6240 4878
6240 2016
6240 6229
6240 6442
6240 4900
6051 2465
6051 3075
5061 463
5061 992
5061 6015
5061 725
5061 2044
5061 1876
2570 3652
2570 1889
2570 5319
2570 4747
2570 5278
2570 1797
2570 1025
2570 6531
2570 3510
2078 4604
2078 4589
6117 1495
6117 1677
5041 4841
1206 5547
1206 6169
1206 4938
1206 193
1206 4889
1206 4182
1206 7013
1206 392
2693 6553
1451 4078
4612 2860
4612 210
4612 4928
1000 1905
1000 5855
1000 1182
7176 1536
7176 54
7176 1632
7176 3339
590 3913
590 3784
590 5120
590 1560
590 887
590 3025
590 6177
590 1604
590 1005
5650 1324
64 6976
64 2635
64 6940
64 5877
64 3708
64 6117
1273 5280
1273 6093
1273 3627
1273 858
4834 4140
1321 5827
1321 5466
1321 184
1321 4196
1321 1926
1321 4389
1321 5724
1321 4317
4761 6278
4761 5889
1764 541
1764 5394
6191 3679
6191 4563
166 5579
166 1290
6829 5055
6829 3305
6829 6674
6829 1983
6829 7128
6829 4214
6829 3961
6829 5951
6829 2568
2368 6779
1135 2958
1135 155
1135 5598
321 323
321 1905
7022 2351
7022 4188
7022 2157
7022 4721
7022 3011
7022 1495
7022 1677
7022 6208
7022 5819
412 6288
412 3221
412 6087
3505 2657
3939 2610
3939 496
1525 2106
1525 6147
1525 5350
2553 1891
2553 3628
2553 1005
1130 4598
2175 6135
2175 5686
2175 1074
2834 3991
2834 6829
3399 2752
3399 3286
3399 6408
3399 1248
3399 3894
3399 401
3399 3368
3399 3221
3399 4658
3399 4951
3399 1445
3399 4692
356 1078
356 1783
356 3015
356 78
356 3690
356 5243
356 5667
1677 2805
1677 2225
1677 4188
1677 3047
1677 4721
1677 916
1677 6195
3132 6003
3132 2888
3132 6129
3132 7086
5989 6714
5989 7016
5989 5858
4264 6529
4264 1635
4264 925
262 6152
262 4937
4342 3274
2378 6838
2378 1189
2378 5016
2378 5080
4945 4397
4945 538
4945 347
4945 4881
4945 6514
4945 5741
4945 5797
4945 912
4945 2826
2353 5900
2353 35
2353 1808
3275 2085
3275 6130
5508 2278
5508 6397
5508 4143
5508 556
5508 4908
5508 3480
5508 4144
5679 4659
741 5613
741 6207
3368 3834
3368 5117
3368 4468
1369 6729
1369 2818
1369 3025
1369 2590
1369 3875
4094 1641
4094 49
4094 4848
4094 3123
4094 5346
145 4031
145 47
145 6958
145 5864
145 2094
2970 2568
5444 4358
5444 655
2959 1852
2959 5023
55 1832
55 5809
55 113
55 174
92 1281
7011 2003
1182 282
1182 2465
1182 2607
1182 1295
1182 3520
1020 5486
1020 6781
1020 5470
1020 5996
6936 4143
6936 3756
6936 4622
6936 2388
5670 6256
5670 6851
5670 1937
5670 6178
2313 4633
3547 3600
3547 2225
3547 494
3547 6577
3547 5398
3193 2152
3193 7170
3193 2472
3193 1130
3806 3000
3806 4533
3806 3840
3806 6835
1205 260
1205 6276
1205 3019
1205 6692
86 3274
3681 58
3681 2932
3681 1418
3681 1728
3681 2364
2571 2973
1439 5712
1439 2768
853 1825
853 3935
2475 6838
2475 3679
2475 2812
2475 6129
2475 5653
2475 5212
5311 4402
5311 198
6833 6240
6833 3068
3287 1959
950 6485
950 6897
950 5302
950 4317
950 1339
6387 3072
6387 6784
4359 3657
4359 4022
3931 2761
3876 3406
3876 3848
3876 1319
3133 4339
65 1954
5986 4737
289 6279
6208 3567
6208 4188
6208 3935
6208 3281
6208 1677
6208 5125
4475 4680
3045 3653
2272 3373
2272 6650
4119 568
4119 155
4119 6130
4119 5236
4119 3672
4119 565
2738 2085
2738 2973
2864 7110
2864 4845
2864 5357
2864 6135
2864 1562
2864 3340
2864 6945
2864 4684
6788 5814
6788 1070
6788 5886
6406 4285
2347 826
2347 725
2347 1876
3875 3004
3875 2936
3875 2225
3875 1037
3875 1147
3875 4276
3875 4024
3875 312
3875 887
3875 5216
3875 6093
3875 5194
3875 649
3875 2043
3875 925
3875 858
4579 599
4579 4196
3221 255
3221 4281
3221 1565
3221 2958
3221 6317
3221 155
3221 3834
3221 5482
3221 4861
3221 4584
3221 6768
3221 100
3221 5797
3221 5522
3221 1206
3221 912
3221 1085
3221 2364
7099 6134
7099 890
5240 1828
5240 2143
5240 222
5240 5020
5240 37
4034 1635
661 4471
5646 4055
5646 2741
5299 1505
5299 5743
5299 4717
5299 3339
6499 6799
6499 887
2012 5865
4912 3406
4912 1970
6832 4827
3943 3204
3943 142
3943 2599
5268 5053
1973 1850
1973 2448
5617 1088
5617 634
5617 119
5558 1089
5558 3720
5558 6920
5558 3105
5558 2205
5558 101
5312 381
1058 5171
709 4196
709 6581
709 2103
709 5482
709 4214
3668 4719
3668 395
6304 843
6304 3195
6304 5456
6304 3651
6304 479
6304 2673
5866 2261
5866 3330
5866 3097
4578 6091
4578 4854
7083 6087
3819 2805
3819 1425
3819 436
3819 3756
1142 5937
703 3004
703 5673
97 1994
97 6458
97 3754
2528 6589
5892 3377
5892 4188
5892 5801
5892 1569
5892 6117
6110 463
878 2083
878 3426
878 1347
6358 5115
6358 5535
6358 2416
6358 4966
6358 1594
6358 3816
6358 5327
6358 5314
6358 5005
963 2152
963 1468
963 1130
1837 1494
1837 5522
1837 3291
1837 5346
6271 3314
6271 4360
6271 5470
6271 4228
6271 6792
1076 7102
1076 378
1076 6316
1076 668
1076 4013
1076 2105
3704 4064
921 2083
921 3576
921 6070
921 1347
921 2801
5835 6752
5835 7155
4963 5327
4963 3343
4041 3044
4041 6471
4041 5077
4041 5295
4041 5822
6177 3790
6177 6589
6177 6607
6177 1258
4203 4592
4203 2248
3765 3000
3765 3802
3765 6901
3765 401
3765 4151
815 1217
6088 840
6088 6976
6088 1056
6088 2577
6088 4837
6088 218
6088 1230
6088 1147
6088 1535
6088 6071
6088 6078
6088 669
6088 4461
6088 4378
6088 5837
6088 556
6088 4841
6088 4895
6088 3144
6088 575
6088 1822
6088 1989
6088 2648
6088 1192
6088 915
279 4114
2934 2214
3054 1240
5358 2465
5358 903
5358 6725
5358 819
5358 3858
5358 4468
4117 2556
4117 1182
6212 2164
6212 4082
6212 6418
6212 4637
6223 5022
6223 3602
6223 5564
2446 3679
2446 6361
3100 1559
3100 4870
3100 3520
3100 2730
6229 2119
6229 914
6229 3562
2720 5462
2720 5214
2720 4317
2720 1964
2720 6903
2720 3218
7007 2865
7007 7062
6398 1500
6398 6529
6967 6581
6967 6727
6035 3976
6035 4095
6035 3169
2821 555
2821 6088
2821 6487
4265 5436
4265 6293
4265 5645
2737 1088
2737 4240
5117 6
5117 450
5117 575
5117 5741
5117 6243
1490 3357
1490 1317
3520 5994
3520 326
3520 3752
3520 1230
3520 2468
3520 4245
3520 6390
3520 229
327 141
4600 359
2736 1272
2736 538
2736 4132
2736 3209
2736 1401
2736 4172
2736 2009
4423 6185
2270 6744
2270 3894
2270 1408
5905 282
5905 5069
5905 1258
2432 5315
2432 3163
2432 69
3391 4308
3391 5263
3391 4397
3391 1028
3391 174
1171 222
1171 6553
1171 37
5828 6591
5828 3428
5828 7158
5682 6877
871 2472
871 6096
871 2103
871 4548
871 1983
871 859
871 3894
871 3961
871 3275
871 4985
871 3672
871 4407
871 1258
871 2413
4400 5016
5125 4289
5125 4134
5125 2351
5125 3011
5125 7036
5125 5819
5128 4046
5128 2131
6183 903
6183 3339
3855 6662
3855 6787
3855 5199
3855 5989
3855 1258
3855 2826
953 4994
1537 5970
1406 1566
1406 4615
1406 4095
3628 6142
3628 781
3628 4311
3628 5127
5932 3734
1484 241
1484 6169
1484 1832
1484 4816
1484 4082
5114 6166
5114 5158
5114 5404
822 6885
822 2277
3432 1197
3432 1924
3432 3775
770 4370
770 5337
770 6518
770 1
770 6577
770 3166
770 4545
770 1655
770 1273
5151 6662
5151 4925
5151 3434
5151 1493
5151 6787
5151 5193
5151 68
5151 64
5151 3855
4794 4951
3343 6781
3343 2870
3343 5720
3343 479
3343 3272
3343 4596
3343 5681
3343 7023
3343 4098
3343 6358
3343 5932
3343 2194
3343 5626
3343 6607
3343 1005
4161 5350
4161 2028
4161 4136
5028 4421
5028 2736
4283 1465
4258 1463
2228 58
2228 5332
2228 6590
2228 3148
4222 2609
4222 4402
1339 7016
1339 4938
1339 5278
1339 2779
1339 1132
1339 6947
1339 1465
1339 4092
1339 5169
6360 5069
6360 3549
6360 860
6360 69
6360 3221
6360 570
6360 6835
1449 5045
1449 4894
1449 1198
1449 2661
1449 7098
1449 5375
1449 5081
1449 5819
5458 2024
2146 3401
2146 4389
2606 5201
2606 750
949 654
861 6326
861 6468
861 1344
861 6742
861 4136
6821 2498
5272 1757
2622 1088
4531 1367
4531 4749
443 6361
6860 3314
6860 6008
6860 6271
6860 2516
6860 3735
4608 535
4608 2974
4608 5348
4608 5693
4608 1449
4608 2565
2194 3378
2194 3875
2194 5016
3123 3652
3123 4117
607 55
607 2209
3067 1138
3086 1335
3086 3725
3086 417
5286 4420
5286 3040
1989 6976
375 6919
375 325
375 4562
375 6822
5371 1805
5371 2978
3319 2064
3319 1408
2027 4370
2027 740
2027 5989
7125 6853
7125 186
7125 7082
7125 6146
3951 5788
2648 1147
2648 3144
2648 4730
1675 6976
1675 1889
1675 5006
1675 6772
1675 2471
1675 916
1675 6224
1675 1677
1675 3510
1675 4932
178 1863
178 353
2359 4334
4658 5755
4753 2152
4753 330
4753 4421
4753 1468
2503 5368
2503 6293
2503 4694
2503 4863
4334 6909
655 340
5910 608
253 3349
398 1308
398 2870
398 1926
398 2587
398 4959
5236 5985
5236 3221
5236 1408
3536 4602
3536 6071
3536 575
3536 1465
3620 2732
3620 2112
3620 64
3620 6394
1046 1132
1046 1606
1046 6563
1046 1675
1046 3309
1046 4932
3268 1575
4272 214
4272 5864
2334 4660
2334 5638
3870 1727
3870 3568
104 153
132 6176
132 3338
4852 397
4852 1905
4852 1000
6058 5665
5631 2428
3858 2465
3858 6377
3858 4848
3858 2468
3858 6882
3858 3883
958 4317
958 1028
6998 2888
3696 3990
3696 5466
3696 4100
3696 5319
3696 3786
3696 6485
3696 3357
3696 3468
3696 2293
3696 6161
3696 5667
4293 385
4293 2529
4293 2605
4293 6549
4293 5605
4293 3957
4293 522
4293 4727
4293 4827
4293 644
4293 3894
4293 3806
4293 6596
4293 3900
4293 1124
5016 3913
5016 2811
5016 3345
5016 2261
5016 3330
5016 619
5016 722
5016 887
5016 1456
5016 3708
5016 2457
5016 5260
5016 2739
5016 5681
5016 4098
5016 4963
5016 6607
5843 1070
5843 1891
5843 2530
5843 5442
5843 3667
5843 3494
5843 3343
5843 5016
6463 282
6463 5562
6463 580
6463 5743
6463 927
6463 3175
6463 2578
6463 3611
6463 2139
6463 1990
6463 1328
6463 6468
6463 797
6463 4403
6463 339
5395 368
5395 3518
5395 575
6597 3913
6597 1147
6597 6187
6597 6890
799 2390
799 3777
3510 3538
3510 1641
3510 4747
3510 380
3510 5287
3510 1931
3510 4826
2871 3595
2871 3350
2393 3470
67 6842
1074 1128
1074 5616
1074 113
1074 2428
1074 666
1074 1258
1888 3913
1888 808
3143 4617
2952 58
2952 4508
2952 1024
2952 6215
2952 5754
2952 2781
2952 5600
5243 992
5243 397
5243 3066
5243 854
5243 3873
5243 1805
5243 820
5243 1224
4245 4763
4245 4827
4245 6250
4245 6935
2119 3415
290 5045
290 3129
290 6132
290 487
290 5965
290 6435
276 1825
276 6463
276 5109
276 4114
3777 1505
3777 2557
3777 107
3777 750
4730 3040
5816 430
5816 3300
5816 4161
4951 3891
4951 4658
4102 4100
4102 5278
4102 49
4102 3401
4102 1931
4102 2734
4102 4826
4102 3468
3987 10
3987 3357
3987 854
3987 3873
3987 447
3987 119
4857 1803
4857 419
3276 6288
3276 1583
4953 872
4953 3573
4953 4372
4953 5754
4953 5600
750 3266
750 4875
6849 538
6849 5615
6849 6062
3012 5368
3012 3187
3012 5069
3012 6671
3012 6135
3012 4866
3012 4953
3012 1816
3012 33
4477 5394
5904 6357
5211 3730
5211 5357
5211 5754
5211 4897
6971 1902
6971 2767
6971 1192
4151 1693
3099 1423
3099 7039
1995 5330
1995 4889
1995 533
5109 4161
5588 1088
5588 5339
5588 5914
5588 2675
5588 6375
5588 2816
5588 1000
2989 1088
2989 3928
2989 3926
5573 4452
5573 1750
5573 1882
5573 1926
5573 3544
5573 6725
5573 2556
5573 2865
5647 4994
5647 4843
5647 5093
5647 1124
4213 480
6181 1390
6181 2169
6181 5059
6181 1463
2176 2544
3593 3468
3593 6000
3593 2570
3593 3510
5169 3004
5169 5673
5169 5905
2094 1562
2094 3520
7077 58
7077 5905
2131 517
2131 6
2131 2254
5667 4707
5667 356
5667 4094
5667 1888
5667 4220
6596 47
6596 69
6596 5742
6596 5631
6596 5219
6596 1769
4474 5236
1445 1476
1445 3090
1445 1687
2565 731
2565 5683
2565 5375
2565 5693
2565 5892
1867 3648
837 6427
837 5561
837 5765
837 1822
5757 5486
5757 4615
5757 2448
1085 3730
1085 5797
3900 6278
3900 3286
3900 522
3900 644
3900 3894
3900 1408
3900 1259
3734 7056
3734 6597
1690 1351
5463 58
4116 2930
4116 1931
4116 1330
2216 2351
2216 6423
2216 4721
2216 6088
2216 1575
2216 2188
