3424 3212
4524 826
4524 725
260 1715
3968 323
3968 6777
3968 6489
3968 1783
282 3052
282 2127
282 3916
282 3437
2916 5080
6453 5959
5604 6883
5362 430
1083 1088
1083 323
1083 397
5562 610
5562 1536
5562 5201
5562 5375
5562 3186
5562 5822
5562 4041
5562 284
5885 68
1997 1449
1285 4857
4960 737
4960 4109
5936 2592
2707 155
5829 3261
5829 1476
5829 5004
5829 5647
5633 2468
5633 621
5633 1182
5633 5405
5633 3068
5633 431
4211 2768
4211 6174
4211 2623
3314 6322
3314 6528
3314 6666
3314 5988
6347 3078
6347 3812
5748 4938
2059 805
2059 916
1066 4143
1066 3290
7031 1765
7031 4454
826 2882
826 6108
826 4986
826 5061
4719 6911
4719 3790
4719 1701
5135 4548
5135 3834
5135 666
5135 2973
7110 1703
7110 5065
7110 4709
7110 4781
7110 2393
7110 6909
1854 6543
3868 1185
3868 5712
388 956
388 3100
2260 342
3652 5827
3652 230
3652 3888
3652 1095
4111 6024
4111 4823
1088 1214
1088 1019
1088 2186
1088 6489
1088 5363
1088 2118
1088 5197
1088 4907
1088 4316
1088 2622
1088 5588
1088 984
2789 1942
2789 740
1089 4152
1089 1124
5642 6518
5642 3063
5642 3247
5642 4872
6711 3275
1336 2898
5044 3368
5044 2413
241 6417
241 6575
241 2187
241 6086
3736 3429
3736 985
3600 5262
3600 6933
3600 1560
3600 887
3600 3708
4394 2085
4394 1641
4394 4119
4394 5117
4394 666
663 5368
663 273
663 4863
663 6087
4289 4872
3624 6686
6744 5117
4675 1441
4675 5687
6029 1832
6029 4511
426 1832
426 3979
426 6201
5955 1624
5955 1850
5955 4536
5547 2085
5547 201
5547 106
5547 1562
5547 3663
5547 3672
5547 4932
3913 2789
3913 5712
3913 1681
3913 2416
3913 6464
3913 6158
3913 924
2660 4461
2660 3110
2660 5127
2660 5041
4275 2007
869 3974
5473 1914
6092 1324
6092 5601
6092 4841
2005 705
1662 32
2185 6320
2185 5601
2185 6244
2185 2575
1301 5098
3523 4569
4948 5970
4948 3415
4948 5893
4948 1330
3990 5994
3990 1182
3990 1635
610 6060
610 3044
610 318
610 4136
2811 3378
5970 1387
5970 4196
5970 957
5970 2568
4193 2185
4193 2635
4193 1324
4193 3125
2938 2812
2938 7068
2938 5653
2938 6987
2938 2702
4862 5579
4784 976
964 688
964 401
964 485
964 6851
964 5200
964 3260
5339 4104
6976 1902
6976 4908
6976 1296
6976 1192
3406 349
3406 6666
3406 342
5595 5357
2106 782
2106 3935
2106 358
2106 4161
2106 4403
115 6256
115 666
3261 5535
872 1816
5283 1711
5283 3190
6402 6147
6402 6396
3991 4308
3991 5482
4517 3428
4517 6174
627 6554
627 4220
5690 4816
5690 6256
5690 2270
5690 6178
5690 3068
3004 692
3004 2121
6055 2991
6055 860
6662 621
6662 5151
6662 4505
3622 723
5692 1360
1789 6562
1789 3989
1789 4911
4227 575
1476 2540
1476 4498
1476 2472
1476 3720
1476 1688
3355 4410
4308 6882
4308 1111
4308 1394
4308 6086
4308 5405
3299 738
3299 1025
3299 6000
3299 2902
3299 2570
3299 4102
4060 5562
3000 4548
1828 5110
1828 2324
1828 5860
1828 1328
5867 1141
5867 6831
5 3661
5 2475
5 3620
1056 2805
1056 6772
4726 5059
4634 4469
4634 4461
6050 6692
5411 6564
5411 4374
58 5603
2997 5279
2997 24
7067 803
7067 4117
5262 6838
5262 691
6282 378
6282 1000
4073 71
3016 285
3016 6074
3016 4817
3016 4114
1390 4110
1390 984
6754 1364
6754 3916
6754 4316
5263 1641
465 58
6815 5595
6815 4182
6815 3399
6815 4203
6815 1253
6815 6819
1889 5278
1889 6897
1889 5302
1889 4389
4575 1854
4575 5972
1779 5368
4026 1025
4026 4287
4026 6531
899 323
899 7142
899 3856
899 5243
899 5009
899 4220
6847 2605
6147 4161
3925 6087
6338 891
6338 378
6338 135
6338 3962
1309 2123
1570 1259
3383 3930
3383 1846
3383 6058
3383 4951
4452 3755
6641 4064
3259 1354
3259 5683
5052 6008
4370 5006
4370 4143
4370 5585
1703 1476
3006 6976
3006 3323
3006 916
5255 6754
5255 1364
255 3890
507 5069
507 6748
3053 2481
2603 6616
2603 7052
2603 5615
2603 4407
2603 6995
3835 575
3768 3567
3768 6326
3768 5903
2025 4719
2025 843
2025 446
2025 7112
2025 5287
2025 962
5115 3097
5115 5260
5115 4963
116 6863
1988 2930
1988 6753
3415 543
5397 5715
5397 2992
1371 4239
3567 54
3567 6671
3567 1822
4152 1080
4152 6135
4152 1124
4152 7057
7159 5789
2297 5425
2297 3884
3614 1622
3614 5199
5436 4575
5436 1559
5436 3100
5436 2730
6921 3597
6921 6541
6054 6976
6054 3323
6054 4990
5452 4404
5535 6243
6498 805
1676 6197
5700 4396
6259 5396
6591 4211
6591 4722
6591 2768
5807 6265
5045 2474
1939 7081
1939 3935
1939 4161
264 4858
2049 3097
2049 1914
6349 6035
5857 4499
71 3563
3010 4872
2024 608
2024 5797
1346 6176
1346 275
1346 5625
1346 682
1346 4911
5827 6430
5827 4889
5827 4865
5827 3690
5827 859
5827 1321
5827 5667
2496 4527
1166 323
1166 397
1166 378
4604 1061
2805 5045
319 5970
319 2849
319 3890
6196 430
6854 5857
6854 1751
5466 6464
5466 6161
5466 4092
4925 5730
2152 4152
2152 2472
2152 860
2152 4932
3626 18
3626 4938
5162 6185
5350 4193
5350 2635
5350 308
5350 6912
5350 3125
349 6091
349 5410
349 2004
349 1363
349 3876
349 2272
3804 5498
3804 1968
3804 3568
2567 5269
6149 2351
6149 3113
3937 7113
3937 5572
5042 843
5042 2114
5042 6047
1437 236
1437 556
4031 4976
1278 6361
2577 1528
2948 1493
2948 3790
2948 68
2948 831
4471 5300
4471 4835
4471 429
4471 4108
4471 2866
4471 119
2991 2472
2991 350
2991 6590
2991 4932
6166 5158
6166 5114
4146 2152
2116 1641
2116 4890
2116 6464
2116 3690
2116 4094
1283 4533
1283 6250
3891 4465
3891 5203
1942 5462
1942 768
1942 5268
6169 2025
6169 6096
6169 6882
6169 3883
6169 3663
6169 3858
6169 5405
6169 666
2657 4598
6804 2736
1281 4542
6430 1465
6430 4092
5933 4907
5210 6850
7170 6351
7170 4163
7170 6590
7170 3894
7170 1408
7170 6995
7170 4932
1143 6132
1387 5466
1387 5071
4100 5994
4100 3538
4100 4389
4100 950
5507 6008
5507 1192
5680 4171
5680 3011
5680 1495
1520 4204
4397 5535
4397 2577
4397 3449
4397 16
4397 6585
4397 5117
4397 2973
1790 6067
6427 2351
6427 4188
6427 6423
6427 2889
6427 5837
6427 3147
6427 898
6427 5819
5110 4569
2540 4709
2540 1816
80 1889
80 49
80 1025
80 4954
6091 3589
6091 5410
6091 2004
6091 1319
6091 495
6060 3270
7024 5144
3662 7107
3662 6553
3662 4569
3864 2277
2828 5152
6493 5601
6691 5531
6691 5855
47 3561
47 3221
1559 1854
1559 5436
1559 956
1559 5752
1559 6393
4110 1019
6308 5453
4215 1931
543 2669
543 4410
543 954
1713 88
1713 5666
5319 5827
5319 4305
5319 6947
5319 4317
5319 2865
5319 3484
5900 3894
5900 3275
1030 3560
1030 3920
1030 1680
3487 2293
6315 2814
2681 1230
2681 1750
2681 3635
2681 6088
2681 5545
4498 5065
4498 3730
6714 4370
6714 3006
6714 2180
6714 5006
6714 3247
6714 1544
6714 6768
6714 5199
6714 5989
6714 4589
6714 6487
1333 3936
1333 2093
5954 5743
6769 4196
6769 3221
6769 1408
6769 6995
3689 2577
3689 692
3689 3536
3689 2973
3689 4505
2994 5720
2994 5886
6116 6251
3434 1147
3434 4730
3434 1575
3434 5695
3633 1889
3633 6096
3633 2901
4607 5017
4281 1148
4281 5905
1464 4861
2903 1994
2903 1456
3802 485
5094 4719
5094 18
5094 6911
5094 1690
3810 621
184 3702
184 2298
6583 5368
6583 5586
6583 6541
236 4646
3369 3040
2320 6293
2320 6541
3145 1677
3145 5125
2513 4863
6139 1290
6139 166
3021 6322
1128 621
1128 431
6262 5503
5280 6858
2085 1641
2085 1778
2085 4548
3507 5331
3507 3212
463 6777
463 1905
463 854
463 2246
1221 4818
6736 122
4599 4356
4789 3620
6587 102
1019 2016
1019 3562
1908 5886
1411 2297
1411 2044
1411 925
5621 5959
5066 6781
3375 1479
2225 5216
5462 4317
3379 184
3379 5257
3379 5223
3379 3568
2098 2044
2098 5588
6919 222
6919 1562
6919 1180
6919 37
6919 6074
6595 6744
6595 3221
6595 4729
3592 323
3592 1905
3592 4315
1933 1813
855 3234
6176 4592
6176 4282
6297 3380
3541 5864
6878 3849
3845 843
4938 3626
4938 2779
4938 1132
5055 6562
5055 871
561 6590
561 5308
4592 1160
2051 6671
3601 6287
3601 30
3414 1909
3414 2066
3414 836
3414 1727
3414 2570
480 4432
480 2615
480 4276
480 6296
480 5370
480 6909
480 1258
480 101
3821 1035
7081 6927
7081 4161
7081 2643
326 6071
326 3984
3312 4591
3312 800
2690 4784
2690 6185
4134 2279
4134 4875
4134 1438
6306 7123
6306 2314
6306 5815
6306 770
4994 2413
2314 6093
1909 5319
1909 4165
1909 7175
1909 5426
1909 4954
6530 5491
6530 5572
6530 6087
2911 6149
2911 7053
6627 7052
1693 5985
1693 1238
1693 3896
1903 6288
3850 6590
605 1538
605 1832
605 4182
605 6740
605 3663
640 995
2488 355
2488 602
2488 6088
4254 3138
3439 1974
1563 2847
6412 3668
2449 4397
2449 5031
2449 6130
2449 2826
2724 5075
4186 5799
4186 6589
3692 325
3692 5158
5185 1562
5185 1479
1832 2025
1832 2593
1832 5078
1832 3068
1832 431
3243 2927
3044 2035
3044 2592
3044 4717
3695 5397
3695 1455
3695 2992
3695 4839
3695 5724
3947 3150
1904 2752
1904 5900
4224 58
4224 7113
2778 325
3589 5507
3589 1331
3589 340
368 764
368 3428
5368 4298
5368 3011
2206 535
2206 3044
2206 318
1080 5633
6517 4972
6933 6987
3752 1182
3525 2905
1565 5902
1565 1113
1565 3681
1565 1074
1565 4404
1140 5914
6805 282
5004 2428
1611 849
1546 805
6003 3343
1168 2277
2143 1997
3048 826
3048 6148
5330 950
3786 1641
3786 1465
3786 4092
3786 5667
218 2788
2180 6990
2829 3600
2829 7153
446 6554
446 836
446 2902
3655 16
3655 6657
3655 2685
3655 3894
3655 2313
3655 6615
3732 2899
3732 1455
3732 5724
6342 236
6342 3976
6342 556
6342 1952
2899 1783
4659 3121
4659 6251
6276 3019
3631 3784
3631 5313
1230 658
1230 6909
6765 5981
6765 1267
6765 3620
6765 4095
2924 7031
6564 3068
6564 984
1571 6463
1571 284
1991 6296
1641 282
1641 3004
1641 2942
2431 6135
4093 422
5376 6553
3687 6278
3687 5999
323 5531
323 634
323 5855
323 2737
1217 1559
2233 5450
2233 118
6777 3856
6777 4220
1859 6709
6278 6594
6278 5698
6278 4881
6278 4945
1630 1783
1470 6282
1470 323
1470 1364
1470 6489
1470 4928
1470 2246
1174 4726
1174 854
1174 5059
1536 5633
1536 3340
1536 2187
1536 6086
4410 5970
4410 6417
4410 7117
4410 2849
1723 7001
1723 3042
1723 683
4485 2675
4485 6051
5058 3696
5007 1536
5007 5743
5007 5683
2566 5243
6958 4201
6958 3221
6958 5219
6958 1274
4660 5786
4660 6195
4660 731
4660 5375
4330 2167
2339 2675
2339 5893
2339 135
7107 3016
7107 1180
6286 1476
4890 6161
4890 5667
1960 2307
3651 1919
3651 859
3651 4935
3651 24
1037 2590
541 4888
541 6639
541 760
2035 5936
5496 1796
5952 5603
1901 3429
763 1408
763 2413
1198 535
1198 2418
1198 1449
3884 6529
2768 5503
4972 1594
4972 5398
4972 5000
4972 3089
4356 4093
2888 3600
2888 1030
2888 3507
2888 6220
2888 5720
2888 1331
2888 5442
2888 3132
2888 2475
2186 2779
2186 3342
2186 2016
2186 2978
2186 3562
3579 3385
3579 5603
3579 4817
3579 307
3579 284
4835 4769
930 3274
930 1125
4379 4657
4379 6725
6893 5144
6893 167
4747 3990
4747 18
4747 4100
4747 5278
4747 3357
4747 7115
4747 1976
4747 1926
4747 3468
4747 4317
4747 2865
4739 535
4739 1495
1992 537
1992 5386
2351 602
2351 3011
2351 5199
2351 64
2351 1575
2028 282
2028 3145
2028 5683
2028 6927
2028 837
4518 1933
4518 4295
4518 3616
4518 3001
2169 1390
3285 2889
3285 1417
5555 2297
5555 6115
5555 1851
5555 752
192 5535
192 538
192 187
4910 3343
4910 5016
6371 2816
2557 478
2557 1658
2557 6768
2557 339
6824 1359
6824 5418
6824 2255
2847 5535
2847 6911
2847 3790
2847 2027
1803 7066
1803 1324
1803 5601
1803 6831
6846 5094
6846 3273
1360 5954
5278 1641
5278 1182
5278 2973
6908 2690
6908 3166
6908 4545
1681 1942
1681 6779
1852 5028
4673 6142
4673 2818
4673 6599
4673 6752
3698 826
3698 6148
4567 1214
4567 463
3904 4119
2824 6885
2824 4706
2824 2044
6946 6327
4621 5876
4621 1754
5711 3406
5711 3373
5711 205
4006 3007
6689 3234
6885 5494
5914 4986
5914 5588
781 1389
781 887
2053 397
2053 378
6396 308
6396 1525
2525 4823
4888 7066
6220 6003
6220 7086
992 2860
992 2246
5424 6087
4025 1997
3979 426
3979 4852
3979 3068
738 1909
738 4420
738 1727
4977 1813
254 1781
4769 3965
4769 578
4769 3159
4769 6424
4769 1490
231 860
46 5210
46 4352
46 353
46 6850
5069 3810
5069 2429
5069 789
5069 5861
5069 6768
5069 5695
3138 4913
201 1778
201 6130
2832 4469
2832 4143
2832 669
2832 94
54 2465
54 3719
54 6086
54 3858
54 6463
54 4684
3305 5482
3305 4119
1623 430
1623 3616
1623 5603
1623 3001
1455 4890
1455 3401
1455 4389
1455 3690
1455 1465
1455 2119
1455 1635
4617 6858
4617 2453
4706 119
5065 1476
5065 1925
5065 3052
5065 589
5065 1778
5065 3221
5065 1085
5065 1253
2060 6788
1316 4024
1316 2023
1316 3725
6616 3261
6616 3681
5410 4107
5410 4595
758 5504
758 6858
758 5310
3204 5621
3204 6171
5389 6024
991 3662
821 260
2004 3848
2004 4595
2004 4823
4504 5094
4504 1640
4504 6361
4504 925
4398 5770
4398 4588
4858 1401
4858 6678
4858 2387
4858 7027
4858 6995
3584 3090
5491 7072
5491 6293
5491 5864
4486 5724
3972 323
3972 378
2615 846
2615 7016
2615 976
