6288 4272
3989 6176
6917 349
6917 3976
6917 5988
6917 3493
4045 5456
2734 3299
2734 4102
4461 2660
4461 1940
155 2449
155 5475
5298 6184
722 808
722 2732
5088 1080
6008 3486
5576 5937
5576 2736
5576 2428
2479 6351
2479 4848
2479 1562
4319 5647
6650 3848
6650 4821
378 1088
378 4316
1103 3506
4905 6024
78 3690
78 5667
685 323
1401 7027
3605 5562
7053 1495
4108 3357
4108 575
2375 6553
1640 3845
1640 3357
504 1974
2277 6885
2277 5840
2950 5226
6511 5
6511 1428
1684 405
3428 7158
5394 6002
5394 6035
5394 253
4803 1803
4803 7033
4803 5650
103 6846
103 3725
103 1280
1029 4569
1029 5519
4591 6677
3273 843
3273 3568
3616 58
1026 1138
1026 6885
1026 3994
6678 4196
3170 1088
1602 3976
1602 6639
4305 2865
4305 7062
5505 325
827 2416
5308 6590
3587 6251
6407 4837
6407 6142
6407 3007
3834 803
3834 658
3834 3663
6108 6201
487 6646
487 4619
3544 1926
1022 68
1022 6784
6018 3274
6018 24
4402 1658
1384 2086
836 4959
2545 3378
6876 1816
2851 3097
6140 430
4609 2175
3490 3849
204 6417
4966 312
4966 7023
3116 3766
5019 5653
7052 4559
7052 2364
6128 4916
6128 1180
6128 375
6128 4114
653 1863
3647 1449
4916 6878
4916 773
2126 1049
2126 1462
1920 446
5724 4938
5724 3357
5482 5055
5482 4889
5482 1394
5482 6829
5482 6995
5698 3657
5837 3849
5216 7175
5216 3486
5603 1029
5603 4916
5603 1562
5603 4817
4999 1630
4999 2246
4980 4024
4980 6554
2064 1408
2064 1816
5799 2847
1456 312
1456 7023
1893 4598
3183 1905
3183 1783
3183 3856
3183 6051
3183 5243
3183 2989
3183 5009
453 4308
453 3221
3708 3146
3708 6577
3708 1428
3708 5327
3708 4821
2335 7113
6901 1641
3097 5442
3284 4726
556 4469
556 1622
556 6088
1172 4643
5886 3728
5886 2595
877 4592
877 4867
4401 1320
2486 1089
2831 4823
1404 5069
2019 2540
2019 4309
2019 5558
6081 3620
1106 6606
5653 6028
4908 4837
4908 1359
4908 6088
4908 1575
303 5350
303 4188
3192 4308
1529 5954
1529 6774
1529 5077
6882 3548
6882 1438
5113 115
5113 3874
5683 3147
5442 3679
5257 1928
3069 1359
496 3150
3560 5328
3560 6024
4674 3010
4674 551
5579 166
273 6288
273 4861
273 5864
1396 1890
5948 826
4861 6288
1751 58
1751 2393
6130 6913
4928 6564
4928 3429
4928 3856
2246 1810
3974 4498
3974 3720
3720 2486
3690 4747
3690 1465
3690 4092
5864 74
5864 6087
2101 3190
3650 1838
2073 323
135 323
135 6051
1765 1919
634 4928
2444 6913
2444 6130
2444 4505
5754 2393
2710 5601
3711 1632
3124 2410
3124 283
3398 916
3398 6884
3398 3340
6280 3933
5450 1604
1180 4817
5773 6240
529 5664
3992 5151
1332 1562
2508 6584
2508 2131
551 3010
551 6185
2457 3097
3705 836
3167 4196
1567 5357
6105 6463
1266 4471
1296 6275
1296 2187
1267 1222
4569 2139
4569 37
4569 1871
2328 6278
3387 2447
3098 4152
3098 4932
196 4875
0 3193
5310 4311
4010 6049
4010 4691
4010 5226
2974 3129
5398 4972
5398 312
5398 1456
5398 3667
5398 5016
3825 1783
5707 6890
6625 2899
4536 1598
4536 7145
6136 774
6136 5989
4459 4355
800 4889
7145 3212
3537 6003
3537 2888
3537 5886
3537 3920
5108 1528
5108 5005
5972 388
5972 5436
4734 6361
957 2899
1248 5900
5490 5080
5021 58
5021 4863
2130 6714
2130 1582
4897 125
3599 6662
2417 2051
2171 3294
1298 4888
649 1889
2129 2413
2993 3247
1118 2310
1118 2115
6256 5196
6256 1937
6256 3890
4801 7142
4314 2627
3896 5357
3896 2738
6298 6586
6298 6244
52 1687
2739 2180
2739 2885
4390 3589
4390 3162
6609 71
5518 6917
4666 2185
5071 392
5071 5587
3163 6360
5739 2410
2766 2888
1583 5093
4408 3896
4408 3399
358 2216
280 4569
1831 5489
1831 6351
4584 5117
2038 3595
575 2972
1617 2847
5377 6552
6778 2449
2418 1449
5459 6828
6839 1832
3790 740
523 6417
1468 6590
4824 5339
4326 2767
4326 1192
6979 6891
5220 1663
6437 1428
6437 4037
6244 179
6244 3529
6244 2767
6244 5407
6244 629
5789 2085
5789 538
5789 187
342 6091
4875 5994
4875 2279
2043 1423
1551 4471
5378 3652
5378 1455
5378 2016
1111 4397
4450 5937
5590 237
4510 4464
251 187
251 5117
2830 3150
4355 187
4355 666
3894 2615
3894 5905
3894 5236
3894 1438
3894 4932
3290 17
4935 843
3281 1253
7156 3597
4986 7104
3136 5158
2016 3357
2016 3961
3663 1387
3663 4094
3663 5236
5664 4948
5664 6201
5664 296
5664 4824
5664 7095
5664 2568
7095 5893
7015 6260
6548 4709
401 5900
401 6995
1426 6135
1426 5102
6891 6682
6768 4321
1043 4471
37 4176
37 1871
4810 3159
4489 1059
6514 6130
820 4240
5375 1677
4170 5545
5741 7067
5741 3449
447 854
1495 2351
1495 4188
1495 3247
2717 3267
3033 6024
3083 5456
5228 4533
5228 5769
4907 2779
4907 3342
4907 171
4907 3966
4907 984
1622 4461
4455 1889
4455 3695
4455 680
4455 4420
4455 3510
3186 1449
1806 5253
3961 2103
237 4518
6635 4196
113 4505
2627 2225
3501 4410
3501 5664
119 4471
6185 6518
6185 3247
5657 4907
6541 5586
3757 1931
3757 2978
3757 5371
3888 4094
395 5712
395 6448
985 7016
1871 5519
5822 5562
5822 610
1025 3510
4044 4254
4044 4410
4044 6201
3785 1693
725 826
725 6015
3341 1320
4420 1926
4420 2865
555 2589
2689 58
1841 4935
3928 6051
7050 2557
7050 2609
7050 4402
2044 210
2044 1905
485 1978
3300 1740
3300 5816
4828 1604
4872 6976
4872 6259
3563 3784
94 6306
94 1493
6510 4608
3671 4598
2556 5302
2978 4220
6704 236
6704 4143
2187 5405
6331 6293
6331 6543
5199 5830
5199 2889
3856 1088
6005 3339
2687 5786
2293 5287
2293 4826
6171 2510
5212 3679
5212 5080
850 1978
1436 5178
1436 5724
6337 2448
4049 374
5815 1493
5815 5989
5815 770
909 1709
1394 2855
5681 2615
5681 2027
1465 3984
2041 3913
4287 5319
4287 4954
4287 4420
3378 6142
3378 64
3378 2027
3378 1046
3993 6342
6618 3439
6618 5368
2816 1182
1320 2942
1320 6288
1320 5579
1320 5572
1320 1290
2967 7065
3874 3834
1822 1677
6161 3690
6161 4092
6086 3635
6086 2468
6086 2279
6086 4534
6086 1182
4292 3357
1095 2992
1095 4954
1095 6531
6024 4186
3895 3089
6945 5332
2248 3167
2248 4203
2248 6418
3005 7033
5742 3957
5937 6501
5937 4932
2865 3990
4619 4930
1117 6135
1117 5170
6000 4878
6000 6794
6000 4389
6000 4420
6000 2556
2849 1387
2849 296
1687 1693
1727 6554
924 6494
6589 6024
2289 5268
774 6976
774 2767
4586 4196
2425 7113
875 5710
796 446
1347 1890
1347 5650
6138 6296
691 1150
691 3273
1592 2553
1592 2475
2548 58
3147 5877
3291 6549
6951 3138
1036 1111
1036 5741
1036 666
1812 5954
831 5005
6274 5243
2600 3890
4781 5370
6326 358
7171 5633
7171 7063
1968 479
6948 6458
6948 1028
3482 1641
3482 6051
3482 5588
1328 5158
729 2888
4358 6752
3071 58
1940 6320
1940 4461
1940 556
1348 3561
6240 3068
6117 774
1451 538
590 619
590 2851
590 5442
64 6149
1273 2314
1321 7115
6829 2855
7022 5892
1525 5816
2553 3343
2175 2393
3399 3283
3399 2738
1677 4604
1677 2471
1677 6799
1677 5819
2378 6511
4945 1684
3275 201
3275 4119
3368 4548
1369 1359
145 3090
145 2428
3547 4972
3547 2847
3193 2657
3806 2529
3806 4201
1439 5503
2475 6781
2475 2553
2475 5080
950 3544
6208 5683
6208 4464
2864 480
3875 5799
3875 4523
3875 5989
3221 4559
3221 174
5240 1997
5240 3662
4034 974
3421 1367
5268 740
5617 854
5558 5754
5273 3274
5866 2457
97 6494
97 7011
97 1028
1837 4669
6271 3704
5003 5886
4041 6774
6177 7023
4203 6176
4203 2325
4203 4082
6088 3458
5358 6882
5358 6086
5358 3339
6223 2041
3100 1217
3100 6393
2737 1641
2737 3615
2737 4316
2737 1000
5117 1528
1490 3812
3520 4490
2736 7024
2736 4598
2736 3960
5451 4589
2432 6207
871 1832
871 5071
871 3391
6183 5379
3855 6545
953 2428
1406 3620
3628 758
3628 2255
1484 4196
3432 5643
5151 5815
3343 1165
3343 6511
3343 1456
3343 518
4161 1939
5028 4858
4283 6464
2228 3055
2228 6296
1339 5108
6360 3957
4531 3421
443 24
6860 5981
3067 3159
3086 1928
5286 2865
3319 6296
2027 1132
1675 3357
1675 6940
1675 1046
1675 1701
178 4823
4753 963
5499 6882
3620 1493
3620 5989
1046 260
1046 6905
4272 6087
4852 1088
6058 4691
3858 5994
3858 2279
3858 4875
3858 1182
958 5462
958 3754
3696 4890
3696 4839
3696 7115
3696 5108
3696 5874
4293 6934
4293 1723
4293 3221
4293 1408
3360 4823
5016 1891
5016 3097
6350 5828
5843 6838
5843 6511
5843 2301
6463 2028
6463 3385
6463 6768
6463 284
5395 1439
6442 3060
3510 2025
2871 729
1074 4559
2952 509
5243 4726
5243 210
5243 3284
2119 2899
4102 4165
4102 4420
3012 6909
4151 3000
3099 6423
1995 1387
5109 3935
5573 6978
5647 1476
5647 5605
4213 3306
4213 2410
4213 1816
2176 5741
2176 5797
3593 4392
5169 1333
2094 6768
7077 1832
7077 5809
7077 6051
7077 2973
5667 5827
5667 2116
5667 3786
837 6671
837 2040
5757 1267
3365 6891
3900 5806
3900 6360
3900 570
1690 3302
4116 4287
4116 3068
6211 5498
3089 4972
3089 5016
2490 1125
1408 4945
1408 1046
1408 4932
128 4160
1876 1088
1876 5970
1876 1641
1876 2737
459 3162
459 655
3028 2672
5626 1891
1329 326
5417 4907
2428 5905
6501 6351
1656 5710
1635 4420
1635 1028
6468 430
6468 5860
6468 1328
6468 3927
4315 323
4315 1905
682 3167
2069 3048
5874 4100
5874 4396
5874 3357
3396 6640
2784 4888
2784 2115
1375 5441
1375 609
3416 3150
5519 6768
2255 3007
6074 2106
3486 6024
3995 3274
4595 3848
6040 2085
1663 1675
3811 2351
3233 1165
3899 7018
2007 5394
6647 3090
4817 3579
4219 6514
4219 4505
570 4881
3553 3406
3553 349
2667 6564
1857 1369
1502 2967
