7186 7334
7186 7206
7186 7363
7186 7275
7186 7422
7333 7196
7333 7398
7333 7302
7333 7279
7333 7294
7333 7218
7333 7282
7333 7454
7333 7215
7333 7272
7333 7231
7333 7266
7333 7261
7333 7322
7333 7431
7333 7390
7333 7200
7333 7262
7333 7368
7333 7191
7333 7396
7333 7232
7333 7204
7453 7216
7453 7274
7453 7218
7453 7407
7453 7322
7453 7250
7453 7349
7453 7200
7223 7196
7223 7187
7223 7309
7223 7186
7223 7410
7223 7332
7223 7447
7223 7387
7223 7359
7223 7188
7223 7327
7223 7226
7223 7407
7223 7236
7223 7284
7223 7217
7223 7320
7223 7459
7223 7384
7223 7295
7223 7409
7223 7289
7223 7458
7223 7440
7223 7448
7209 7341
7209 7340
7209 7208
7209 7272
7209 7330
7209 7409
7209 7225
7209 7390
7209 7439
7209 7457
7249 7426
7249 7187
7249 7285
7249 7190
7249 7395
7249 7387
7249 7274
7249 7280
7249 7406
7249 7375
7249 7446
7249 7320
7249 7185
7249 7194
7249 7409
7249 7421
7249 7445
7249 7219
7249 7429
7249 7448
7376 7304
7376 7309
7376 7269
7376 7314
7376 7301
7376 7274
7376 7377
7376 7306
7376 7418
7376 7233
7376 7327
7376 7215
7376 7272
7376 7342
7376 7236
7376 7411
7376 7354
7376 7295
7376 7267
7376 7431
7376 7349
7376 7434
7376 7464
7376 7370
7376 7248
7376 7257
7376 7286
7376 7396
7376 7401
7243 7447
7243 7222
7243 7267
7243 7445
7243 7367
7243 7448
7341 7285
7341 7419
7341 7416
7341 7334
7341 7283
7341 7445
7341 7200
7341 7393
7341 7262
7420 7403
7420 7222
7420 7416
7420 7207
7420 7283
7420 7322
7420 7368
7420 7448
7303 7426
7303 7443
7303 7196
7303 7277
7303 7235
7303 7227
7303 7279
7303 7222
7303 7214
7303 7324
7303 7330
7303 7375
7303 7247
7303 7261
7303 7394
7303 7284
7303 7217
7303 7459
7303 7357
7303 7265
7303 7322
7303 7250
7303 7349
7303 7451
7303 7210
7303 7346
7303 7204
7350 7293
7350 7187
7350 7412
7350 7223
7350 7288
7350 7450
7350 7216
7350 7197
7350 7387
7350 7325
7350 7218
7350 7337
7350 7454
7350 7441
7350 7295
7350 7298
7350 7219
7350 7368
7350 7401
7350 7429
7410 7190
7410 7376
7410 7432
7410 7240
7410 7399
7410 7272
7410 7290
7410 7206
7410 7211
7410 7217
7410 7357
7410 7351
7410 7259
7410 7265
7410 7409
7410 7189
7410 7225
7410 7308
7410 7349
7410 7442
7410 7439
7410 7370
7410 7257
7410 7457
7410 7199
7316 7196
7316 7318
7316 7190
7316 7288
7316 7301
7316 7197
7316 7279
7316 7387
7316 7362
7316 7306
7316 7188
7316 7340
7316 7454
7316 7215
7316 7330
7316 7342
7316 7195
7316 7261
7316 7334
7316 7236
7316 7284
7316 7283
7316 7267
7316 7322
7316 7323
7316 7253
7316 7300
7316 7370
7316 7367
7316 7401
7316 7374
7316 7199
7465 7381
7465 7255
7465 7196
7465 7309
7465 7341
7465 7251
7465 7230
7465 7437
7465 7447
7465 7240
7465 7305
7465 7290
7465 7195
7465 7284
7465 7459
7465 7250
7465 7225
7465 7349
7465 7439
7465 7393
7184 7226
7198 7395
7198 7333
7198 7453
7198 7270
7198 7218
7198 7406
7198 7375
7198 7231
7198 7361
7198 7217
7198 7283
7198 7348
7198 7390
7198 7253
7198 7191
7198 7352
7227 7184
7227 7281
7227 7188
7227 7220
7227 7226
7227 7334
7227 7283
7227 7322
7227 7344
7227 7323
7227 7385
7227 7349
7227 7440
7227 7263
7288 7333
7288 7341
7288 7230
7288 7450
7288 7216
7288 7279
7288 7240
7288 7419
7288 7362
7288 7280
7288 7306
7288 7433
7288 7397
7288 7392
7288 7375
7288 7342
7288 7290
7288 7195
7288 7261
7288 7417
7288 7354
7288 7409
7288 7322
7288 7344
7288 7201
7288 7250
7288 7252
7288 7329
7288 7390
7288 7349
7288 7439
7288 7347
7288 7248
7288 7393
7288 7232
7302 7426
7302 7190
7302 7186
7302 7371
7302 7447
7302 7403
7302 7456
7302 7281
7302 7362
7302 7218
7302 7222
7302 7436
7302 7337
7302 7320
7302 7322
7302 7445
7302 7289
7302 7451
7302 7393
7302 7429
7302 7435
7408 7293
7408 7187
7408 7318
7408 7412
7408 7453
7408 7465
7408 7288
7408 7302
7408 7336
7408 7279
7408 7240
7408 7218
7408 7392
7408 7375
7408 7231
7408 7195
7408 7229
7408 7417
7408 7357
7408 7291
7408 7353
7408 7434
7408 7379
7408 7300
7408 7347
7408 7239
7408 7457
7408 7368
7408 7401
7269 7196
7269 7304
7269 7309
7269 7205
7269 7341
7269 7302
7269 7437
7269 7362
7269 7326
7269 7294
7269 7428
7269 7430
7269 7433
7269 7454
7269 7397
7269 7215
7269 7272
7269 7392
7269 7342
7269 7290
7269 7261
7269 7206
7269 7394
7269 7284
7269 7384
7269 7409
7269 7252
7269 7390
7269 7439
7269 7464
7269 7347
7269 7370
7269 7257
7269 7461
7269 7422
7251 7381
7251 7192
7251 7330
7251 7361
7251 7236
7251 7262
7251 7368
7251 7429
7336 7426
7336 7424
7336 7293
7336 7412
7336 7453
7336 7197
7336 7274
7336 7325
7336 7305
7336 7282
7336 7231
7336 7459
7336 7291
7336 7253
7336 7393
7336 7263
7336 7232
7336 7369
7336 7429
7314 7426
7314 7381
7314 7190
7314 7333
7314 7302
7314 7230
7314 7437
7314 7450
7314 7301
7314 7270
7314 7345
7314 7419
7314 7380
7314 7280
7314 7226
7314 7321
7314 7330
7314 7375
7314 7231
7314 7342
7314 7207
7314 7284
7314 7185
7314 7357
7314 7354
7314 7194
7314 7291
7314 7298
7314 7344
7314 7250
7314 7390
7314 7289
7314 7347
7314 7191
7314 7369
7332 7424
7332 7205
7332 7341
7332 7465
7332 7419
7332 7280
7332 7411
7332 7299
7332 7267
7332 7291
7332 7275
7332 7388
7332 7349
7332 7257
7212 7426
7212 7293
7212 7277
7212 7184
7212 7302
7212 7408
7212 7230
7212 7437
7212 7197
7212 7279
7212 7240
7212 7294
7212 7305
7212 7222
7212 7208
7212 7337
7212 7215
7212 7231
7212 7417
7212 7361
7212 7276
7212 7194
7212 7355
7212 7390
7212 7273
7212 7200
7212 7262
7212 7369
7212 7204
7230 7426
7230 7285
7230 7186
7230 7427
7230 7445
7230 7286
7331 7416
7331 7322
7331 7300
7287 7293
7287 7197
7287 7274
7287 7226
7287 7236
7287 7283
7287 7344
7287 7329
7287 7369
7371 7203
7371 7196
7371 7341
7371 7408
7371 7447
7371 7234
7371 7325
7371 7214
7371 7340
7371 7454
7371 7215
7371 7272
7371 7290
7371 7195
7371 7334
7371 7411
7371 7299
7371 7194
7371 7388
7371 7390
7371 7464
7371 7210
7371 7396
7371 7199
7452 7223
7452 7209
7452 7410
7452 7437
7452 7234
7452 7216
7452 7403
7452 7419
7452 7365
7452 7283
7452 7185
7452 7267
7452 7355
7452 7363
7452 7189
7452 7300
7452 7457
7452 7219
7452 7262
7328 7293
7328 7184
7328 7216
7328 7403
7328 7416
7328 7430
7328 7315
7328 7267
7328 7445
7437 7424
7437 7341
7437 7184
7437 7288
7437 7287
7437 7216
7437 7456
7437 7362
7437 7218
7437 7220
7437 7295
7437 7299
7437 7409
7437 7445
7437 7367
7437 7368
7450 7383
7450 7209
7450 7376
7450 7341
7450 7303
7450 7316
7450 7432
7450 7345
7450 7463
7450 7281
7450 7359
7450 7213
7450 7428
7450 7192
7450 7327
7450 7356
7450 7266
7450 7342
7450 7382
7450 7259
7450 7267
7450 7423
7450 7189
7450 7308
7450 7388
7450 7349
7450 7439
7450 7415
7450 7422
7447 7465
7447 7230
7447 7371
7447 7226
7447 7272
7447 7342
7447 7295
7447 7194
7447 7250
7447 7349
7447 7439
7447 7440
7432 7424
7432 7333
7432 7230
7432 7452
7432 7389
7432 7380
7432 7306
7432 7433
7432 7454
7432 7231
7432 7417
7432 7315
7432 7299
7432 7194
7432 7291
7432 7363
7432 7431
7432 7253
7432 7434
7432 7379
7432 7257
7432 7260
7432 7273
7432 7396
7460 7426
7460 7293
7460 7187
7460 7190
7460 7223
7460 7287
7460 7362
7460 7300
7460 7367
7301 7412
7301 7227
7301 7216
7301 7279
7301 7294
7301 7246
7301 7394
7301 7315
7301 7194
7301 7291
7301 7322
7301 7329
7301 7451
7301 7260
7301 7273
7301 7200
7301 7219
7301 7393
7301 7191
7301 7401
7234 7205
7234 7302
7234 7408
7234 7279
7234 7208
7234 7430
7234 7433
7234 7215
7234 7284
7234 7185
7234 7384
7234 7259
7234 7323
7234 7252
7234 7225
7234 7221
7234 7431
7234 7434
7234 7370
7234 7248
7234 7257
7234 7219
7234 7396
7234 7310
7216 7190
7216 7376
7216 7332
7216 7432
7216 7456
7216 7240
7216 7362
7216 7380
7216 7294
7216 7306
7216 7208
7216 7365
7216 7337
7216 7425
7216 7454
7216 7372
7216 7392
7216 7195
7216 7206
7216 7211
7216 7276
7216 7267
7216 7194
7216 7265
7216 7189
7216 7308
7216 7439
7216 7257
7216 7457
7216 7263
7216 7232
7216 7204
7270 7426
7270 7381
7270 7285
7270 7223
7270 7288
7270 7281
7270 7274
7270 7218
7270 7188
7270 7222
7270 7220
7270 7272
7270 7375
7270 7342
7270 7236
7270 7320
7270 7185
7270 7295
7270 7427
7270 7323
7270 7385
7270 7445
7270 7300
7270 7451
7197 7293
7197 7190
7197 7230
7197 7450
7197 7380
7197 7306
7197 7213
7197 7278
7197 7425
7197 7327
7197 7397
7197 7375
7197 7394
7197 7265
7197 7291
7197 7409
7197 7201
7197 7189
7197 7308
7197 7390
7197 7253
7197 7257
7197 7393
7197 7311
7403 7341
7403 7380
7403 7215
7403 7272
7403 7342
7403 7195
7403 7384
7403 7299
7403 7363
7403 7439
7403 7346
7345 7304
7345 7205
7345 7303
7345 7336
7345 7305
7345 7428
7345 7418
7345 7327
7345 7266
7345 7342
7345 7417
7345 7211
7345 7335
7345 7351
7345 7259
7345 7458
7345 7273
7463 7426
7463 7187
7463 7288
7463 7287
7463 7452
7463 7437
7463 7456
7463 7387
7463 7419
7463 7359
7463 7377
7463 7218
7463 7340
7463 7258
7463 7282
7463 7272
7463 7407
7463 7247
7463 7261
7463 7320
7463 7283
7463 7299
7463 7423
7463 7355
7463 7421
7463 7385
7463 7434
7463 7300
7463 7210
7463 7262
7463 7191
7463 7352
7463 7422
7456 7325
7456 7247
7456 7283
7456 7354
7456 7363
7456 7275
7456 7445
7389 7293
7389 7187
7389 7395
7389 7453
7389 7256
7389 7321
7389 7413
7389 7427
7389 7194
7389 7291
7389 7250
7389 7390
7389 7393
7389 7262
7389 7263
7389 7448
7279 7293
7279 7190
7279 7184
7279 7371
7279 7281
7279 7188
7279 7220
7279 7261
7279 7320
7279 7185
7279 7335
7279 7427
7279 7322
7279 7421
7279 7445
7279 7370
7387 7381
7387 7277
7387 7376
7387 7410
7387 7184
7387 7230
7387 7197
7387 7463
7387 7279
7387 7258
7387 7208
7387 7278
7387 7343
7387 7290
7387 7206
7387 7417
7387 7254
7387 7284
7387 7411
7387 7351
7387 7384
7387 7295
7387 7322
7387 7355
7387 7298
7387 7363
7387 7252
7387 7385
7387 7431
7387 7260
7387 7457
7387 7393
7387 7369
7387 7310
7281 7426
7281 7277
7281 7186
7281 7223
7281 7184
7281 7227
7281 7302
7281 7450
7281 7301
7281 7279
7281 7240
7281 7362
7281 7305
7281 7188
7281 7337
7281 7433
7281 7406
7281 7320
7281 7357
7281 7354
7281 7427
7281 7421
7281 7363
7281 7250
7281 7385
7281 7445
7281 7239
7281 7263
7281 7369
7274 7281
7274 7335
7274 7351
7274 7393
7240 7285
7240 7288
7240 7371
7240 7419
7240 7280
7240 7325
7240 7188
7240 7416
7240 7192
7240 7342
7240 7334
7240 7236
7240 7320
7240 7185
7240 7335
7240 7200
7240 7367
7419 7426
7419 7244
7419 7309
7419 7186
7419 7223
7419 7376
7419 7302
7419 7269
7419 7197
7419 7403
7419 7456
7419 7362
7419 7280
7419 7326
7419 7377
7419 7306
7419 7258
7419 7406
7419 7272
7419 7195
7419 7261
7419 7229
7419 7384
7419 7267
7419 7194
7419 7323
7419 7379
7419 7458
7419 7260
7419 7200
7419 7263
7419 7232
7419 7310
7419 7429
7419 7435
7362 7424
7362 7381
7362 7244
7362 7196
7362 7304
7362 7438
7362 7205
7362 7303
7362 7314
7362 7452
7362 7234
7362 7403
7362 7463
7362 7389
7362 7359
7362 7272
7362 7330
7362 7266
7362 7455
7362 7459
7362 7335
7362 7299
7362 7221
7362 7370
7362 7451
7362 7310
7362 7311
7380 7187
7380 7309
7380 7223
7380 7270
7380 7197
7380 7240
7380 7419
7380 7305
7380 7192
7380 7282
7380 7330
7380 7375
7380 7342
7380 7290
7380 7206
7380 7320
7380 7411
7380 7299
7380 7423
7380 7344
7380 7323
7380 7353
7380 7385
7380 7253
7380 7349
7380 7367
7380 7262
7380 7204
7380 7448
7280 7341
7280 7288
7280 7230
7280 7197
7280 7274
7280 7325
7280 7226
7280 7215
7280 7283
7280 7295
7280 7299
7280 7322
7280 7363
7280 7225
7280 7445
7280 7396
7280 7369
7280 7435
7325 7255
7325 7277
7325 7383
7325 7303
7325 7316
7325 7251
7325 7371
7325 7294
7325 7224
7325 7418
7325 7208
7325 7433
7325 7454
7325 7358
7325 7272
7325 7330
7325 7319
7325 7343
7325 7400
7325 7407
7325 7409
7325 7322
7325 7431
7325 7273
7325 7286
7325 7415
7325 7310
7325 7311
7359 7426
7359 7187
7359 7318
7359 7288
7359 7362
7359 7256
7359 7416
7359 7406
7359 7375
7359 7361
7359 7217
7359 7446
7359 7283
7359 7459
7359 7384
7359 7194
7359 7298
7359 7201
7359 7308
7359 7253
7359 7239
7359 7429
7326 7412
7326 7227
7326 7302
7326 7456
7326 7246
7326 7192
7326 7321
7326 7375
7326 7231
7326 7261
7326 7411
7326 7459
7326 7354
7326 7315
7326 7298
7326 7250
7326 7451
7326 7200
7326 7263
7326 7204
7326 7311
7386 7293
7386 7304
7386 7395
7386 7333
7386 7453
7386 7341
7386 7198
7386 7302
7386 7456
7386 7279
7386 7380
7386 7218
7386 7278
7386 7433
7386 7290
7386 7338
7386 7394
7386 7446
7386 7283
7386 7185
7386 7384
7386 7265
7386 7363
7386 7348
7386 7353
7386 7390
7386 7370
7386 7200
7386 7393
7386 7313
7386 7339
7386 7401
7256 7443
7256 7424
7256 7364
7256 7223
7256 7465
7256 7227
7256 7408
7256 7212
7256 7230
7256 7287
7256 7389
7256 7274
7256 7377
7256 7222
7256 7213
7256 7340
7256 7258
7256 7433
7256 7392
7256 7375
7256 7342
7256 7455
7256 7360
7256 7357
7256 7315
7256 7423
7256 7322
7256 7252
7256 7445
7256 7431
7256 7300
7256 7257
7256 7219
7256 7204
7256 7310
7256 7202
7256 7444
7294 7205
7294 7341
7294 7331
7294 7325
7294 7327
7294 7397
7294 7272
7294 7185
7294 7363
7294 7275
7294 7289
7294 7379
7294 7370
7294 7458
7294 7422
7399 7186
7399 7465
7399 7301
7399 7272
7399 7320
7399 7402
7399 7267
7399 7339
7399 7448
7224 7412
7224 7395
7224 7418
7224 7416
7224 7406
7224 7226
7224 7215
7224 7402
7224 7194
7224 7298
7224 7445
7224 7401
7224 7429
7224 7448
7377 7426
7377 7227
7377 7230
7377 7447
7377 7456
7377 7362
7377 7380
7377 7280
7377 7214
7377 7272
7377 7231
7377 7342
7377 7247
7377 7446
7377 7315
7377 7349
7377 7439
7377 7393
7377 7368
7377 7191
7377 7263
7377 7435
7305 7203
7305 7381
7305 7244
7305 7376
7305 7269
7305 7314
7305 7287
7305 7371
7305 7447
7305 7234
7305 7403
7305 7389
7305 7281
7305 7294
7305 7377
7305 7418
7305 7233
7305 7365
7305 7397
7305 7215
7305 7330
7305 7290
7305 7413
7305 7335
7305 7351
7305 7295
7305 7323
7305 7225
7305 7464
7305 7260
7305 7393
7305 7242
7246 7293
7246 7285
7246 7383
7246 7398
7246 7395
7246 7270
7246 7218
7246 7337
7246 7449
7246 7266
7246 7247
7246 7446
7246 7344
7246 7201
7246 7390
7246 7239
7246 7191
7246 7339
7246 7204
7246 7429
7218 7244
7218 7387
7218 7359
7218 7351
7378 7412
7378 7314
7378 7208
7378 7433
7378 7321
7378 7455
7378 7206
7378 7315
7378 7348
7378 7451
7378 7219
7378 7263
7306 7187
7306 7333
7306 7279
7306 7274
7306 7240
7306 7419
7306 7218
7306 7416
7306 7278
7306 7392
7306 7375
7306 7407
7306 7247
7306 7261
7306 7394
7306 7283
7306 7357
7306 7344
7306 7367
7306 7219
7292 7381
7292 7196
7292 7395
7292 7186
7292 7453
7292 7345
7292 7274
7292 7240
7292 7419
7292 7280
7292 7231
7292 7261
7292 7394
7292 7236
7292 7446
7292 7354
7292 7393
7292 7191
7292 7263
7292 7232
7292 7346
7307 7293
7307 7196
7307 7187
7307 7288
7307 7302
7307 7437
7307 7463
7307 7389
7307 7362
7307 7380
7307 7188
7307 7340
7307 7282
7307 7454
7307 7330
7307 7392
7307 7195
7307 7261
7307 7394
7307 7236
7307 7284
7307 7320
7307 7322
7307 7344
7307 7323
7307 7385
7307 7349
7307 7347
7307 7370
7307 7248
7307 7257
7307 7457
7307 7204
7188 7453
7188 7456
7188 7433
7188 7321
7188 7231
7188 7206
7188 7361
7188 7322
7188 7298
7188 7252
7188 7445
7188 7434
7188 7260
7188 7346
7222 7190
7222 7216
7222 7445
7213 7196
7213 7205
7213 7376
7213 7447
7213 7362
7213 7246
7213 7306
7213 7436
7213 7321
7213 7375
7213 7342
7213 7261
7213 7206
7213 7394
7213 7185
7213 7411
7213 7459
7213 7344
7213 7250
7213 7253
7213 7434
7213 7260
7213 7219
7213 7393
7213 7369
7213 7401
7213 7204
7213 7310
7213 7435
7213 7199
7214 7465
7214 7288
7214 7256
7214 7226
7214 7446
7214 7320
7214 7323
7214 7367
7214 7368
7428 7187
7428 7285
7428 7412
7428 7450
7428 7447
7428 7270
7428 7403
7428 7456
7428 7274
7428 7280
7428 7399
7428 7222
7428 7361
7428 7284
7428 7354
7428 7194
7428 7273
7428 7429
7418 7465
7418 7197
7418 7278
7418 7226
7418 7441
7418 7236
7418 7384
7418 7298
7418 7200
7418 7401
7340 7255
7340 7277
7340 7383
7340 7465
7340 7452
7340 7389
7340 7240
7340 7359
7340 7377
7340 7188
7340 7192
7340 7278
7340 7433
7340 7454
7340 7215
7340 7272
7340 7290
7340 7261
7340 7206
7340 7254
7340 7357
7340 7351
7340 7267
7340 7265
7340 7323
7340 7252
7340 7390
7340 7289
7340 7248
7340 7273
7340 7396
7340 7422
7340 7317
7258 7381
7258 7244
7258 7255
7258 7196
7258 7376
7258 7302
7258 7463
7258 7224
7258 7377
7258 7306
7258 7327
7258 7392
7258 7261
7258 7254
7258 7284
7258 7384
7258 7259
7258 7265
7258 7409
7258 7275
7258 7431
7258 7349
7258 7451
7258 7260
7258 7310
7258 7422
7462 7293
7462 7187
7462 7223
7462 7437
7462 7450
7462 7270
7462 7389
7462 7279
7462 7362
7462 7280
7462 7218
7462 7306
7462 7215
7462 7392
7462 7375
7462 7261
7462 7394
7462 7320
7462 7185
7462 7265
7462 7363
7462 7353
7462 7385
7462 7445
7462 7300
7462 7257
7462 7260
7268 7426
7268 7230
7268 7247
7268 7295
7268 7299
7268 7322
7268 7323
7268 7250
7268 7445
7268 7329
7268 7369
7208 7380
7208 7306
7208 7361
7208 7429
7416 7304
7416 7188
7192 7424
7192 7223
7192 7216
7192 7403
7192 7345
7192 7436
7192 7220
7192 7215
7192 7407
7192 7206
7192 7354
7192 7315
7192 7344
7192 7440
7192 7396
7278 7412
7278 7395
7278 7341
7278 7184
7278 7230
7278 7301
7278 7270
7278 7325
7278 7294
7278 7454
7278 7411
7278 7299
7278 7291
7278 7348
7278 7353
7278 7445
7278 7257
7278 7367
7278 7191
7278 7232
7278 7422
7278 7199
7436 7196
7436 7304
7436 7226
7436 7351
7436 7384
7436 7295
7436 7396
7436 7422
7233 7277
7233 7330
7233 7361
7233 7446
7233 7298
7233 7329
7233 7390
7233 7219
7233 7429
7233 7448
7430 7196
7430 7190
7430 7398
7430 7376
7430 7243
7430 7420
7430 7301
7430 7240
7430 7280
7430 7278
7430 7226
7430 7397
7430 7266
7430 7455
7430 7334
7430 7320
7430 7357
7430 7351
7430 7252
7430 7225
7430 7457
7430 7219
7430 7396
7430 7401
7430 7310
7430 7422
7365 7196
7365 7304
7365 7395
7365 7186
7365 7453
7365 7223
7365 7205
7365 7420
7365 7270
7365 7362
7365 7380
7365 7305
7365 7292
7365 7337
7365 7236
7365 7320
7365 7291
7365 7393
7365 7191
7365 7204
7365 7422
7365 7311
7337 7293
7337 7223
7337 7341
7337 7287
7337 7371
7337 7432
7337 7188
7337 7213
7337 7340
7337 7436
7337 7334
7337 7417
7337 7360
7337 7335
7337 7322
7337 7363
7337 7323
7337 7445
7337 7286
7337 7262
7337 7440
7337 7374
7433 7246
7433 7188
7433 7337
7433 7226
7433 7330
7433 7441
7433 7236
7433 7459
7433 7427
7433 7421
7433 7385
7433 7200
7433 7219
7433 7429
7282 7443
7282 7196
7282 7190
7282 7309
7282 7333
7282 7408
7282 7345
7282 7279
7282 7362
7282 7292
7282 7208
7282 7433
7282 7226
7282 7397
7282 7342
7282 7455
7282 7195
7282 7236
7282 7320
7282 7351
7282 7384
7282 7265
7282 7189
7282 7252
7282 7431
7282 7308
7282 7349
7282 7232
7282 7461
7282 7435
7282 7311
7425 7424
7425 7333
7425 7223
7425 7205
7425 7227
7425 7302
7425 7230
7425 7345
7425 7280
7425 7305
7425 7208
7425 7192
7425 7433
7425 7215
7425 7261
7425 7206
7425 7207
7425 7295
7425 7194
7425 7344
7425 7308
7425 7434
7425 7289
7425 7257
7425 7273
7425 7263
7425 7396
7425 7401
7425 7204
7425 7311
7327 7412
7327 7453
7327 7288
7327 7456
7327 7441
7327 7446
7327 7239
7327 7262
7327 7339
7327 7448
7406 7230
7406 7345
7406 7387
7406 7274
7406 7362
7406 7325
7406 7416
7406 7436
7406 7327
7406 7397
7406 7407
7406 7247
7406 7354
7406 7267
7406 7409
7406 7385
7406 7379
7406 7396
7406 7374
7220 7216
7220 7294
7220 7218
7220 7406
7220 7284
7220 7446
7220 7427
7220 7252
7220 7219
7220 7191
7454 7443
7454 7190
7454 7209
7454 7376
7454 7234
7454 7419
7454 7362
7454 7224
7454 7377
7454 7340
7454 7375
7454 7455
7454 7217
7454 7411
7454 7384
7454 7276
7454 7409
7454 7363
7454 7344
7454 7323
7454 7329
7454 7442
7454 7370
7454 7199
7324 7371
7324 7325
7324 7188
7324 7340
7324 7320
7324 7385
7324 7393
7324 7440
7358 7424
7358 7187
7358 7309
7358 7333
7358 7341
7358 7288
7358 7270
7358 7389
7358 7274
7358 7240
7358 7362
7358 7359
7358 7208
7358 7278
7358 7337
7358 7327
7358 7342
7358 7455
7358 7417
7358 7320
7358 7357
7358 7354
7358 7265
7358 7322
7358 7250
7358 7431
7358 7308
7358 7390
7358 7239
7358 7401
7226 7223
7226 7450
7226 7279
7226 7240
7226 7294
7226 7306
7226 7208
7226 7433
7226 7397
7226 7195
7226 7206
7226 7417
7226 7284
7226 7459
7226 7357
7226 7276
7226 7194
7226 7421
7226 7201
7226 7250
7226 7329
7226 7308
7226 7458
7226 7257
7226 7260
7226 7200
7226 7263
7226 7346
7226 7199
7372 7426
7372 7424
7372 7453
7372 7184
7372 7408
7372 7301
7372 7416
7372 7231
7372 7417
7372 7361
7372 7236
7372 7295
7372 7299
7372 7194
7372 7409
7372 7393
7372 7263
7372 7396
7372 7369
7372 7444
7397 7293
7397 7412
7397 7333
7397 7216
7397 7270
7397 7305
7397 7246
7397 7340
7397 7416
7397 7321
7397 7261
7397 7206
7397 7361
7397 7283
7397 7427
7397 7194
7397 7421
7397 7298
7397 7201
7397 7225
