7450 7320
7450 7402
7450 7291
7450 7201
7450 7385
7450 7300
7450 7239
7450 7262
7450 7368
7450 7339
7447 7184
7447 7218
7447 7222
7447 7416
7447 7445
7447 7368
7447 7429
7432 7255
7432 7285
7432 7412
7432 7227
7432 7216
7432 7270
7432 7456
7432 7256
7432 7294
7432 7218
7432 7441
7432 7284
7432 7201
7432 7252
7432 7239
7432 7219
7432 7262
7432 7368
7432 7191
7460 7280
7460 7206
7460 7291
7301 7256
7234 7426
7234 7184
7234 7389
7234 7218
7234 7188
7234 7222
7234 7416
7234 7282
7234 7406
7234 7441
7234 7247
7234 7355
7234 7421
7234 7348
7234 7353
7234 7445
7234 7367
7234 7368
7234 7429
7234 7448
7216 7381
7216 7256
7216 7188
7216 7402
7197 7184
7197 7441
7197 7446
7403 7184
7403 7416
7403 7445
7345 7426
7345 7293
7345 7285
7345 7395
7345 7186
7345 7453
7345 7184
7345 7216
7345 7270
7345 7456
7345 7256
7345 7218
7345 7188
7345 7222
7345 7416
7345 7337
7345 7441
7345 7247
7345 7446
7345 7283
7345 7354
7345 7315
7345 7322
7345 7421
7345 7385
7345 7445
7345 7329
7345 7300
7345 7451
7345 7262
7345 7368
7345 7339
7345 7369
7345 7429
7345 7448
7463 7395
7463 7280
7463 7291
7463 7339
7463 7448
7387 7456
7387 7218
7387 7368
7387 7339
7274 7416
7274 7445
7274 7339
7419 7222
7419 7445
7362 7293
7362 7412
7362 7395
7362 7270
7362 7456
7362 7256
7362 7218
7362 7416
7362 7324
7362 7441
7362 7361
7362 7283
7362 7354
7362 7445
7362 7300
7362 7262
7362 7368
7362 7339
7280 7395
7280 7339
7325 7412
7325 7450
7325 7456
7325 7240
7325 7218
7325 7406
7325 7321
7325 7441
7325 7361
7325 7250
7325 7393
7325 7262
7325 7368
7325 7263
7325 7339
7325 7429
7326 7416
7326 7413
7386 7246
7386 7297
7386 7448
7256 7395
7256 7453
7256 7216
7256 7321
7256 7231
7256 7441
7256 7361
7256 7446
7256 7320
7256 7402
7256 7194
7256 7291
7256 7385
7256 7390
7256 7339
7256 7448
7294 7285
7294 7412
7294 7223
7294 7216
7294 7270
7294 7456
7294 7218
7294 7441
7294 7201
7294 7252
7294 7385
7294 7219
7294 7262
7294 7368
7294 7191
7294 7339
7294 7429
7377 7348
7305 7426
7305 7395
7305 7227
7305 7408
7305 7270
7305 7256
7305 7306
7305 7222
7305 7416
7305 7337
7305 7406
7305 7231
7305 7441
7305 7361
7305 7459
7305 7421
7305 7445
7305 7191
7305 7369
7218 7293
7218 7223
7218 7416
7218 7247
7218 7445
7218 7339
7378 7381
7378 7216
7378 7188
7378 7320
7378 7385
7292 7447
7292 7267
7292 7445
7307 7443
7307 7462
7307 7406
7188 7216
7188 7256
7188 7385
7213 7381
7213 7184
7213 7216
7213 7188
7213 7214
7213 7315
7213 7404
7213 7385
7213 7329
7213 7451
7213 7346
7428 7184
7428 7216
7428 7188
7428 7329
7340 7456
7340 7419
7340 7380
7340 7416
7340 7361
7340 7445
7340 7339
7258 7187
7258 7186
7258 7456
7258 7218
7258 7446
7258 7262
7258 7368
7258 7339
7268 7395
7268 7280
7268 7206
7268 7291
7268 7409
7268 7339
7416 7445
7416 7339
7192 7395
7192 7339
7278 7298
7278 7448
7436 7293
7436 7184
7436 7218
7436 7188
7436 7222
7436 7416
7436 7283
7436 7421
7436 7445
7436 7300
7436 7451
7436 7368
7436 7429
7430 7447
7430 7403
7430 7222
7430 7416
7430 7441
7430 7413
7430 7283
7430 7267
7430 7421
7430 7445
7430 7367
7430 7429
7365 7445
7337 7187
7337 7285
7337 7395
7337 7186
7337 7192
7337 7342
7337 7427
7337 7349
7337 7200
7337 7263
7337 7339
7337 7429
7433 7298
7282 7389
7282 7222
7282 7416
7282 7406
7282 7361
7282 7355
7282 7353
7282 7429
7425 7381
7425 7184
7425 7216
7425 7197
7425 7188
7425 7213
7425 7214
7425 7428
7425 7211
7425 7315
7425 7382
7425 7259
7425 7404
7425 7385
7425 7329
7425 7439
7425 7451
7425 7346
7406 7339
7454 7424
7454 7187
7454 7285
7454 7186
7454 7453
7454 7288
7454 7216
7454 7278
7454 7226
7454 7441
7454 7361
7454 7236
7454 7446
7454 7239
7454 7219
7454 7339
7454 7401
7454 7429
7324 7293
7324 7416
7324 7283
7324 7445
7324 7300
7324 7339
7358 7445
7226 7186
7226 7446
7397 7309
7397 7185
7397 7257
7356 7395
7356 7216
7356 7280
7356 7407
7356 7206
7356 7291
7356 7409
7356 7423
7356 7339
7228 7218
7215 7187
7215 7446
7272 7426
7272 7293
7272 7285
7272 7412
7272 7395
7272 7186
7272 7453
7272 7223
7272 7184
7272 7450
7272 7216
7272 7270
7272 7456
7272 7280
7272 7256
7272 7218
7272 7188
7272 7222
7272 7214
7272 7416
7272 7337
7272 7321
7272 7441
7272 7247
7272 7446
7272 7283
7272 7185
7272 7354
7272 7402
7272 7291
7272 7322
7272 7421
7272 7298
7272 7344
7272 7201
7272 7385
7272 7445
7272 7329
7272 7300
7272 7451
7272 7200
7272 7262
7272 7368
7272 7396
7272 7339
7272 7369
7272 7401
7272 7429
7272 7448
7330 7256
7330 7188
7330 7320
7375 7222
7319 7321
7400 7443
7400 7406
7400 7321
7400 7402
7400 7421
7400 7250
7400 7263
7449 7246
7449 7297
7407 7395
7407 7280
7407 7339
7238 7185
7231 7395
7231 7339
7266 7408
7266 7448
7342 7429
7455 7240
7455 7406
7455 7321
7455 7361
7455 7299
7455 7250
7455 7393
7455 7263
7455 7429
7338 7246
7338 7266
7338 7297
7338 7448
7366 7218
7195 7285
7195 7395
7195 7463
7195 7280
7195 7222
7195 7416
7195 7337
7195 7406
7195 7441
7195 7459
7195 7445
7195 7239
7195 7191
7195 7339
7195 7429
7261 7429
7229 7426
7229 7227
7229 7408
7229 7246
7229 7306
7229 7222
7229 7266
7229 7297
7229 7459
7229 7421
7229 7431
7229 7369
7229 7312
7229 7448
7360 7395
7360 7287
7360 7216
7360 7280
7360 7407
7360 7206
7360 7291
7360 7409
7360 7423
7360 7339
7211 7381
7211 7184
7211 7216
7211 7188
7211 7213
7211 7214
7211 7315
7211 7259
7211 7385
7211 7329
7211 7451
7211 7346
7254 7443
7254 7438
7254 7406
7207 7184
7207 7416
7207 7445
7207 7451
7394 7321
7236 7446
7284 7216
7284 7270
7284 7188
7284 7441
7284 7320
7284 7385
7284 7191
7413 7447
7320 7256
7283 7445
7283 7339
7185 7424
7185 7187
7185 7285
7185 7190
7185 7412
7185 7395
7185 7186
7185 7453
7185 7223
7185 7288
7185 7450
7185 7216
7185 7270
7185 7197
7185 7456
7185 7274
7185 7362
7185 7280
7185 7256
7185 7246
7185 7218
7185 7416
7185 7192
7185 7278
7185 7337
7185 7406
7185 7226
7185 7215
7185 7321
7185 7231
7185 7441
7185 7361
7185 7236
7185 7446
7185 7295
7185 7427
7185 7291
7185 7298
7185 7445
7185 7239
7185 7200
7185 7367
7185 7219
7185 7262
7185 7368
7185 7191
7185 7339
7185 7401
7185 7429
7185 7448
7411 7222
7411 7416
7411 7445
7335 7285
7335 7412
7335 7216
7335 7270
7335 7456
7335 7256
7335 7294
7335 7218
7335 7441
7335 7284
7335 7320
7335 7201
7335 7252
7335 7239
7335 7219
7335 7262
7335 7368
7335 7191
7335 7339
7335 7204
7354 7293
7354 7416
7354 7445
7354 7339
7351 7222
7351 7445
7315 7214
7315 7451
7402 7426
7402 7395
7402 7216
7402 7406
7402 7321
7402 7441
7402 7446
7402 7421
7402 7250
7402 7385
7402 7239
7402 7339
7402 7429
7402 7448
7384 7395
7384 7337
7384 7406
7384 7441
7384 7445
7384 7339
7384 7429
7382 7184
7259 7184
7259 7216
7259 7188
7259 7385
7259 7329
7259 7451
7427 7429
7194 7395
7194 7441
7194 7239
7194 7339
7296 7227
7296 7408
7296 7246
7296 7266
7296 7297
7296 7312
7296 7448
7265 7227
7265 7216
7265 7256
7265 7246
7265 7406
7265 7321
7265 7446
7265 7421
7291 7395
7291 7216
7291 7339
7409 7395
7409 7280
7409 7291
7409 7339
7423 7395
7423 7280
7423 7407
7423 7206
7423 7291
7423 7409
7423 7339
7355 7406
7355 7429
7363 7450
7363 7456
7363 7218
7363 7321
7363 7441
7363 7446
7363 7250
7363 7445
7363 7262
7363 7368
7363 7339
7344 7222
7323 7429
