3424 5955
3424 1488
3424 1768
4524 6587
4524 5714
4524 1827
4524 1000
4524 102
41 6351
260 59
260 1010
260 3047
260 5601
260 4803
260 6185
260 5508
260 6936
260 6499
260 6035
260 3814
260 2784
260 1192
260 2575
3968 4110
3968 3066
3968 3429
3968 3873
3968 2246
3968 820
3968 4316
3968 984
282 5242
282 5994
282 6976
282 2106
282 535
282 3752
282 1494
282 3377
282 3635
282 1902
282 2468
282 2624
282 1778
282 3980
282 1684
282 4841
282 4318
282 2444
282 4584
282 575
282 5861
282 3894
282 3281
282 7015
282 1728
282 7149
282 1117
282 6387
282 4119
282 1449
282 4219
282 2908
282 4729
2916 6838
2916 2530
2916 3875
2916 2861
6453 3600
6453 5121
6453 5331
6453 1070
6453 4647
6453 2776
6453 2683
6453 7047
6453 1136
6453 5056
6453 890
6453 7153
6453 3251
5604 1260
5604 6918
5362 6927
5362 6463
1083 3435
1083 1905
1083 1783
1083 378
1083 4140
1083 615
1083 3856
1083 5009
4446 2736
5562 4960
5562 4289
5562 58
5562 2814
5562 248
5562 920
5562 5017
5562 3605
5562 1974
5562 2974
5562 2614
5562 3935
5562 7036
5562 4872
5562 4297
5562 6326
5562 5125
5562 2565
5562 5392
5562 1344
5562 6742
5562 6269
5562 33
5562 4515
5562 5819
5242 2449
5242 1230
5242 1494
5242 2068
5242 6768
5242 229
2762 5680
2762 1157
2762 1562
2762 1658
2762 6768
5885 6662
5885 2681
5885 1230
5885 892
5885 5924
5885 2471
5885 669
5885 2127
5885 6094
5885 1120
5885 6768
5885 3841
5885 1192
2891 415
2891 1053
2891 4351
2891 6992
4167 1254
1997 535
1997 4589
5550 3699
1285 1803
1285 6185
4960 1476
4960 6467
4960 535
4960 6149
4960 3044
4960 4845
4960 6135
4960 5601
4960 3011
4960 3107
4960 1677
4960 2428
6209 5330
6209 4410
6209 4747
6209 4889
6209 6201
6209 3142
6209 4816
6209 533
6209 859
6209 957
6209 2970
5936 3044
5936 2035
5936 6775
5936 4717
5936 1562
1979 6134
1979 1240
3665 2160
6617 1229
2707 2413
5829 6286
5829 6616
5829 2472
5829 1930
5829 145
5829 2094
5829 6260
5829 1688
1214 4567
1214 3138
1214 2468
1214 1905
1214 3170
1214 6375
1214 2044
5486 3331
5486 5955
5486 340
5486 5988
5486 5996
5486 6171
5486 6271
5486 5757
5486 2559
313 6765
313 2448
5633 4308
5633 2465
5633 6278
5633 54
5633 3155
5633 347
5633 5017
5633 6882
5633 1562
5633 4355
5633 3075
5633 2313
5633 570
5633 3339
4211 2604
4211 26
4211 3273
4211 6115
4211 1013
4211 2760
4211 7125
5290 817
3314 6092
3314 71
3314 5507
3314 1842
3314 4336
3314 5711
3314 781
3314 5328
3314 4955
3314 4760
3314 2280
3314 1324
3314 4615
3314 6452
3314 4456
3314 3976
3314 5854
3314 2652
3314 3403
3314 6750
3314 2831
3314 5386
3314 6918
3314 3628
3314 770
3314 6860
3314 6953
3314 1192
3314 3493
3314 2575
3314 1153
3314 696
972 5914
6347 4769
6347 4454
5748 1889
5748 4592
5748 4747
5748 380
5748 4889
5748 4282
5748 5071
5748 6178
5748 3890
4957 3662
4957 3692
4957 4956
2059 6149
2059 1212
2059 6306
2059 4660
2059 1354
2059 1495
2059 6910
6552 5042
6552 1308
6552 1919
6552 3725
6552 4438
6552 24
6552 6047
1748 4907
7069 6885
7069 4769
7069 578
7069 931
1066 4634
1066 3684
1066 3756
1066 6973
1066 669
1066 6443
1066 6905
1066 1709
1066 556
1066 1118
1066 5747
1066 6704
1066 374
1066 6936
7031 5712
7031 5223
7031 2342
7031 1031
7031 3514
90 5453
826 4524
826 1214
826 4471
826 3219
826 3743
826 323
826 4485
826 3698
826 992
826 1827
826 1905
826 4240
826 6159
826 2740
826 1845
826 3482
826 4655
826 1000
826 2347
826 6110
826 2737
826 1876
826 6148
826 1292
826 5009
4719 843
4719 2025
4719 3626
4719 3752
4719 764
4719 1132
4719 3476
4719 6051
4719 5151
5135 598
5135 5352
5135 3142
5135 2018
5135 187
5135 2867
5135 4082
5135 6442
5135 5587
5135 3020
7110 4960
7110 5290
7110 2805
7110 4298
7110 4660
7110 1376
7110 4432
7110 3377
7110 3634
7110 5039
7110 4573
7110 125
7110 133
7110 1794
7110 7053
7110 6920
7110 6540
7110 3291
7110 1677
7110 1449
7110 4684
7110 7057
7110 1258
7110 2413
7110 2826
5994 4100
5994 7016
5994 3172
5994 3752
5994 1725
5994 4559
5994 479
5994 2607
5994 2685
5994 3075
5994 5741
5994 3984
5994 398
5994 5169
5994 5405
5994 1258
5994 3339
1854 6393
3868 3273
3868 3333
3868 6227
388 1559
388 2320
388 6293
388 2576
388 5645
388 4261
388 316
2260 1199
3652 1641
3652 738
3652 1731
3652 1855
3652 5426
3652 1182
3652 4102
3652 5078
3652 2424
3673 118
3036 6152
3036 7125
3036 5880
4141 1852
7056 6933
7056 2791
7056 1147
7056 6346
7056 5611
7056 3599
7056 3816
7056 5133
7056 5784
7056 4947
7056 2845
7056 6545
7056 1258
7056 6890
4111 5486
1088 1166
1088 4471
1088 4110
1088 3592
1088 1630
1088 2675
1088 3435
1088 6745
1088 2468
1088 4878
1088 3170
1088 1810
1088 3856
1088 2816
1088 6951
1088 4655
1088 1000
1088 327
1088 3196
2789 6516
2789 2937
2789 6187
2789 5302
2789 827
2789 7136
2789 3544
2789 3627
2789 2556
2789 2041
2789 6024
2789 2190
2789 2146
2789 1635
2789 5564
3331 1655
2708 4065
2708 4817
2708 4114
6679 1428
1089 4592
1089 1037
1089 5069
1089 4276
1089 3246
1089 6920
1089 6945
1089 5558
1089 4474
1089 1085
1089 4219
1089 1816
1089 4669
1089 5695
1089 5346
1089 101
5642 4193
5642 2278
5642 4837
5642 1212
5642 2690
5642 2083
5642 2732
5642 338
5642 669
5642 5298
5642 3708
5642 3630
5642 3986
5642 4674
5642 6093
5642 2112
5642 3166
5642 1544
5642 3426
5642 3627
5642 5199
5642 1273
5642 1205
5642 6088
5642 5682
5642 6487
5642 4328
5642 5585
6711 581
6711 3657
6711 5226
6711 6995
5044 3000
5044 2325
5044 5745
5044 4490
5044 6256
5044 4203
5044 2176
5044 1408
5044 6784
5044 4407
5044 1253
5044 1978
5044 1438
5044 4932
4360 71
4360 2776
4360 760
4360 1999
5116 2997
5116 784
5116 417
5116 2967
241 4948
241 2025
241 543
241 605
241 1832
241 4410
241 4196
241 6201
241 6317
241 6581
241 187
241 2593
241 5614
241 5741
241 3858
241 5405
2930 3510
3736 3695
3736 4890
3736 2779
3736 1078
3736 3690
3736 2016
3736 6161
3736 5667
3600 6679
3600 3913
3600 2049
3600 2936
3600 745
3600 4599
3600 6781
3600 2888
3600 3345
3600 4398
3600 14
3600 5720
3600 1189
3600 808
3600 619
3600 5947
3600 312
3600 7047
3600 1103
3600 784
3600 7136
3600 2885
3600 4841
3600 6093
3600 6343
3600 2112
3600 2739
3600 3674
3600 6133
3600 5309
3600 518
3600 5866
3600 3352
3600 24
3600 2194
3600 2861
3600 4019
3600 3988
3600 858
4394 6278
4394 4559
4394 3286
4394 4018
4394 16
4394 3894
4394 5741
4394 3221
4394 1258
584 1267
584 4536
584 7155
584 5835
663 4575
663 143
663 5586
663 4072
663 6288
663 4861
663 5572
663 5972
663 6541
663 1320
4289 805
4289 3247
4289 5837
4289 7036
4289 6978
4289 4494
415 5350
415 4660
415 325
415 308
415 3281
415 6326
4873 2180
4873 2885
3624 6666
3624 7093
3173 5685
4558 426
4558 3478
4558 3808
4558 4852
4558 3068
5804 5065
5804 3840
5804 538
5804 6590
5804 5698
5804 6256
5804 3894
5804 1408
5804 4407
5804 1253
5804 2743
5804 2413
5804 4932
6744 3000
6744 4592
6744 1904
6744 4017
6744 4016
6744 3286
6744 6071
6744 16
6744 692
6744 6251
6744 3984
6744 4359
6744 1258
6744 5346
5888 4541
5888 1765
5888 4454
5888 925
5888 3514
4675 2814
4675 3861
6029 6201
6029 99
6029 4348
6029 6839
6029 3658
6029 1537
426 4558
426 4816
426 99
426 1009
426 5527
426 4878
426 2616
426 4348
426 2867
426 5773
426 6839
426 1379
426 6240
426 4852
426 1601
426 5648
2533 4686
2533 6589
852 814
852 2766
852 2933
852 890
852 7099
5955 3424
5955 3846
5955 1222
5955 524
5955 3427
5955 6609
5955 6271
2961 6919
2961 3685
2961 4562
5547 1387
5547 6176
5547 4747
5547 5352
5547 6317
5547 6096
5547 6
5547 7005
5547 1650
5547 1522
5547 3116
5547 6130
5547 2709
5547 4333
5547 1951
5547 1248
5547 581
5547 2618
5547 3953
5547 3340
5547 4881
5547 1808
5547 5522
5547 1206
5547 1046
5547 4985
5547 3657
5547 2869
5547 5200
5547 5346
5547 468
3913 6516
3913 18
3913 5535
3913 2577
3913 2903
3913 855
3913 6933
3913 4890
3913 6779
3913 1407
3913 1891
3913 4078
3913 5302
3913 692
3913 3273
3913 4389
3913 6947
3913 5490
3913 1270
3913 5741
3913 3667
3913 3920
3913 2556
3913 5349
3913 2190
3913 703
3913 5117
3913 5843
3913 5155
3913 1258
2660 6306
2660 3063
2660 3166
2660 1940
2660 2890
4103 4163
4103 350
4103 2529
4103 3163
4103 145
4103 1694
4103 2640
4103 5219
869 2540
869 480
869 5415
869 4309
869 2019
869 5754
869 2709
673 3429
673 7115
673 4907
3773 701
1094 4100
1094 1976
1094 3468
1515 252
1515 6666
1515 5192
314 6472
4015 2953
4015 969
4015 6525
4052 723
4052 682
4052 3003
5473 3506
5384 2820
179 5563
179 4599
179 436
179 761
179 2691
179 6387
179 3755
179 1838
6092 2660
6092 6976
6092 6149
6092 4837
6092 1126
6092 6729
6092 4143
6092 669
6092 5801
6092 976
6092 5394
6092 1120
6092 4545
6092 555
6092 1677
6092 5444
6092 2115
2005 4804
2005 5954
2005 7053
2005 4875
2005 5967
2005 2969
2005 5405
2005 3339
1662 2713
1662 3891
1662 3219
1662 5914
1662 2167
1662 5658
1662 4010
1662 4697
1662 1846
1662 3750
1662 4465
1662 4794
1662 540
1662 6058
1662 4951
1662 5203
2185 1285
2185 1141
2185 3881
2185 848
2185 1732
2185 2615
2185 2642
2185 1781
2185 602
2185 5449
2185 6423
2185 3146
2185 5394
2185 4908
2185 2112
2185 4666
2185 419
2185 1582
2185 3378
2185 6088
2185 4857
2185 128
2185 7071
2185 4821
3095 3399
7183 5720
7183 5120
7183 619
7183 5442
7183 2457
1301 1778
3807 1631
3807 4295
3807 3616
3807 4569
3807 2171
3807 1871
3807 5519
3807 3001
3807 6872
1512 1650
1512 506
6559 6259
6559 976
3523 782
3523 430
3523 5603
3523 3935
3523 3136
3523 5206
3523 4136
5643 1562
5643 4181
4948 1387
4948 543
4948 2513
4948 4889
4948 2779
4948 3142
4948 7115
4948 6727
4948 621
4948 1206
4948 7077
4948 5587
4948 1644
4836 7005
4836 3072
4836 6275
4836 3075
4836 1894
4836 174
4836 3339
5089 562
5089 2934
5089 5200
3990 5319
3990 3702
3990 1641
3990 4379
3990 6779
3990 6485
3990 4559
3990 4848
3990 2664
3990 479
3990 2986
3990 3544
3990 859
3990 3816
3990 6450
3990 6243
3990 4420
3990 2556
3990 5164
3990 1321
3990 5286
3990 925
3990 2455
3990 1438
3990 7062
3990 1838
610 5350
610 4660
610 1360
610 5201
610 6774
610 4717
610 3175
610 5077
610 2974
610 3935
610 5295
610 3186
610 4161
610 861
610 6463
610 1754
610 4515
610 339
2811 3913
2811 3234
5970 4308
5970 6169
5970 885
5970 6317
5970 4355
5970 431
5163 1331
5163 3560
5163 292
5163 5487
4193 6427
4193 1376
4193 1556
4193 6186
4193 2338
4193 17
4193 6750
4193 6185
4193 1940
4193 2188
4193 2575
4744 804
2938 5104
2938 7101
2938 5019
2938 3992
2938 5784
4862 143
4862 4433
4862 6541
4862 412
4862 6087
4950 3219
4950 2946
4950 1506
4950 540
4950 5009
1141 419
1141 6783
1607 3768
843 5748
843 2025
843 3804
843 3702
843 1928
843 5712
843 4643
843 6412
843 5049
843 7112
843 6485
843 450
843 5182
843 5287
843 5257
843 2430
843 4846
843 649
843 4707
843 4454
843 2293
843 6051
843 6211
6216 2533
4784 1
4784 6729
4784 3063
4784 5449
4784 3166
4784 586
5985 4836
5985 4281
5985 561
5985 1565
5985 4573
5985 1778
5985 6590
5985 608
5985 5381
5985 7182
5985 6768
5985 5905
5985 4863
5985 6909
5985 4404
6656 3842
3038 6686
3038 1648
6567 1639
6516 3554
6516 5811
6516 3936
6516 5707
6516 831
6516 3040
6516 4823
884 575
964 3773
964 3000
964 3946
964 224
964 5578
964 6323
964 807
964 2086
964 410
964 2492
964 5159
964 1248
964 3335
964 709
964 3396
964 5477
964 6995
964 6819
1255 6255
5339 4142
5339 4240
5339 3856
5339 4651
5339 356
6976 5885
6976 3006
6976 3243
6976 4143
6976 355
6976 3063
6976 1324
6976 338
6976 2585
6976 2927
6976 916
6976 2560
6976 812
6976 6093
6976 4895
6976 1120
6976 4990
6976 873
6976 4603
6976 1622
6976 68
6976 6589
6976 1273
6976 1449
6976 1989
6976 1857
6976 6487
6976 1417
4385 6666
4385 2303
4385 5192
3715 1088
3715 6754
3715 2468
3715 685
3715 4091
3715 3916
568 581
568 6995
3475 3887
6811 4933
3406 6686
3406 340
3406 3683
3406 5988
3406 240
3406 4088
3406 178
1631 2915
1631 3136
1631 5158
5595 3634
5595 4724
5595 2413
2106 610
2106 6147
2106 1939
2106 675
2106 325
2106 2299
2106 2796
2106 2624
2106 1825
2106 1740
2106 6768
2106 2506
2106 6326
2106 6463
2106 6468
2106 6074
2106 2643
2106 284
2106 3527
2106 4136
115 5994
115 5712
115 6176
115 4592
115 190
115 2472
115 1160
115 1522
115 6590
115 4419
115 5745
115 16
115 3874
115 1408
115 3419
115 1253
115 1438
115 6615
5140 5724
3261 538
3261 187
3261 2607
3261 5117
1961 1088
756 2640
4943 4311
4943 3063
4943 5122
4943 2990
4943 1582
872 4836
872 58
872 3573
872 6542
872 5357
872 6135
872 5754
872 2393
872 4115
872 1408
872 4407
872 2413
5485 339
5283 5994
5283 6754
5283 4313
5283 1364
5283 1941
5283 2468
5283 378
5283 685
5283 7131
5283 3916
6402 3150
6402 3385
6402 1825
6402 308
6402 595
6402 927
6402 3423
6402 6503
6402 4562
6402 6463
6402 6468
6402 3927
6402 284
4063 5015
3991 4397
3991 3172
3991 6377
3991 1528
3991 5071
3991 2593
3991 3916
3991 2345
3991 2003
3991 138
3991 1206
3991 1028
3991 5587
3991 666
221 4536
221 890
4517 6591
4517 7004
4517 3214
5981 573
627 836
627 4040
627 61
627 1727
627 6274
627 356
627 3870
627 984
5690 568
5690 4592
5690 4867
5690 5591
5690 1330
3004 1942
3004 1641
3004 4848
3004 6423
3004 1528
3004 6243
3004 1465
3004 5522
3004 3875
3004 6088
3004 5169
3004 6784
3004 2973
3004 1258
501 5761
501 6328
501 4473
501 7083
6055 6847
6055 7170
6055 350
6055 5605
6055 3124
6055 3291
6055 2428
6934 155
6934 4827
6934 5037
4496 2101
5563 7051
6662 5885
6662 58
6662 5676
6662 5924
6662 780
6662 6423
6662 6132
6662 2354
6662 6275
6662 6768
6662 6514
6662 5741
6662 6243
6662 5989
6662 6832
6662 6088
6662 4283
6662 1074
6662 5169
6662 6784
3622 4052
3622 4263
3622 6734
3622 6544
5692 610
5692 430
5692 1825
5692 1529
5692 6937
5692 1812
5692 1449
5692 4608
5692 6463
4818 5807
4818 6525
1053 2891
1053 3768
1053 903
1053 4351
1053 6671
1053 5017
1053 3935
1053 358
1053 5158
1053 3339
5528 6666
3195 3487
3195 3651
3195 479
1789 4369
1789 871
1789 2981
4227 1185
4227 5712
4227 6682
4227 3273
4227 7178
4227 6227
4720 430
4720 5206
1476 1693
1476 6286
1476 5065
1476 4508
1476 4843
1476 5605
1476 7039
1476 69
1476 6540
1476 3291
1476 6301
1476 2094
1476 1124
1476 1816
214 4994
5456 5042
5456 5049
5456 6403
5456 5498
5456 1919
5456 61
5456 417
5456 1968
5456 6047
6863 6843
6467 6550
6467 4739
6467 3287
6467 4501
4308 2404
4308 255
4308 2189
4308 1641
4308 3305
4308 6201
4308 6317
4308 2068
4308 296
4308 2050
4308 803
4308 6417
4308 6575
4308 5935
4308 2345
4308 3265
4308 1576
4308 6948
4308 1986
4308 3221
4308 958
4308 2010
4308 1028
6263 5352
6263 1522
6263 588
6263 4348
6263 4355
6263 3866
6263 2248
3158 4574
3299 3414
3299 1909
3299 640
3299 4024
3299 6554
3299 836
3299 5216
3299 4040
3299 5426
3299 3705
3299 4954
3299 4287
3299 1125
3299 3870
3299 3510
3299 4892
4060 2028
4060 3605
4060 2156
4060 1754
4060 4136
5353 4471
897 2319
3000 6744
3000 326
3000 3904
3000 1725
3000 5038
3000 1465
3000 1865
3000 1329
3000 4022
5269 1088
5269 6338
5269 891
5269 1905
5269 378
5269 7117
5269 7042
386 5524
1828 2157
1828 6553
1828 4510
1828 3293
1828 2216
5867 6002
5867 4731
1087 1012
5 2775
5 1389
5 629
5 6008
5 5870
5 5450
5 4382
5 39
5 5127
5 3007
5 1192
5 5080
4008 6666
4008 5192
4008 6001
5817 6112
5817 6885
5817 5524
1056 2180
1056 4739
1056 355
1056 2560
1056 5858
1056 3674
3227 3974
5859 2277
5859 1317
5859 186
5859 5487
4277 6472
4726 854
4726 634
4634 1066
4634 6714
4634 2690
4634 1
4634 3063
4634 1275
4634 6423
4634 669
4634 4646
4634 3272
4634 2130
4634 873
4634 1622
4634 3819
7122 1490
6050 2185
6050 4193
6050 6714
6050 6276
6050 602
6050 5601
6050 6830
6050 3849
6050 1940
6050 5444
6050 2821
6050 4622
5411 3414
5411 1909
5411 6608
5411 49
5411 4839
5411 3429
5411 4420
5411 3761
5411 3870
5411 5655
5411 2872
5411 1264
58 2021
58 5813
58 222
58 3041
58 2486
58 3075
58 237
58 831
58 4203
58 1862
2997 2025
2997 383
2997 5094
2997 2225
2997 2847
2997 2015
2997 3679
2997 3329
2997 5865
2997 1919
2997 2645
2997 2545
2997 1735
2997 5681
2997 3734
2997 1690
2997 1635
2997 6869
2997 5296
7067 4397
7067 3689
7067 3449
7067 5741
7067 6585
7067 1465
7067 2973
7140 323
7140 6373
7140 5276
3653 5680
3653 1924
3653 1650
3653 1974
3653 3611
3653 3287
3653 3777
3653 750
3653 339
505 701
2752 5547
2752 2254
2752 6408
2752 7181
2752 5665
2752 4691
2752 6251
2752 4465
2752 2353
2752 2131
2752 3908
4983 6885
4983 6529
5262 6552
5262 6023
5262 5442
5262 2475
5262 1690
6282 1166
6282 5531
6282 5363
6282 634
6282 119
6282 3926
4073 5955
4073 6656
4073 3784
4073 1566
4073 1768
4073 3212
3016 6919
3016 2778
3016 6396
3016 430
3016 5201
3016 3385
3016 1825
3016 2157
3016 4510
3016 2139
3016 1525
3016 853
3016 6463
3016 5816
3016 750
3016 284
1390 6564
1390 1455
1390 5724
1390 5773
1390 6188
1390 4907
1390 2929
1390 6722
1390 3593
3481 3161
3481 1354
3481 2889
3481 731
3481 1495
3481 5199
3481 1677
7133 342
2404 1994
2404 6377
2404 3754
2404 7011
1116 6402
1116 2778
1116 325
1116 430
1116 2299
1116 5860
1116 4569
1116 2802
1116 358
6754 6338
6754 3972
6754 891
6754 4986
6754 6951
5263 4308
5263 2018
5263 803
5263 4119
4065 4569
4065 375
7021 6244
7021 2255
465 4861
6815 5044
6815 115
6815 6176
6815 2325
6815 1904
6815 2472
6815 2254
6815 2676
6815 534
6815 1744
6815 1684
6815 2086
6815 275
6815 4691
6815 3663
6815 485
6815 4465
6815 2531
6815 4407
6815 3908
6815 6995
1864 3314
1864 2660
1864 4943
1864 4469
1864 1324
1864 5284
1864 5444
1864 1145
1864 1153
1864 3735
1889 2025
1889 1387
1889 5498
1889 3429
1889 3015
1889 5287
1889 5493
1889 2734
1889 4826
1889 6136
1889 649
1889 962
1889 1095
1889 1321
1889 2728
1889 1182
1889 871
1889 2065
1889 1059
1889 3562
4988 7153
6310 2741
3458 535
3458 4660
4575 1559
4575 5185
4575 1217
4575 4401
4575 6505
4575 5408
4575 6543
4575 6085
4575 6393
4575 4265
4575 2730
2551 6525
2604 575
1779 2503
4026 3633
18 1015
18 846
18 3234
18 3506
3809 1607
3809 3377
3809 3935
3809 6326
3809 1449
3809 5903
899 6777
899 2566
899 891
899 5253
899 2118
899 5948
899 4928
899 3928
899 6951
899 6274
899 356
899 5588
899 1876
899 1345
2308 4818
2308 377
2308 6466
2308 3745
1099 4936
1099 4449
1099 6443
1099 6704
1099 374
1099 3480
6847 2152
6847 350
6847 3209
6847 175
6847 860
6847 3680
6847 3291
6847 5101
6147 2106
6147 2028
6147 927
6147 3935
6147 358
6147 6326
6147 4114
3925 388
3925 5065
3925 162
3925 4072
3925 5645
3925 6543
3925 6331
3925 4346
3925 6085
3925 6393
3925 4407
6338 2567
6338 4254
6338 2339
6338 3972
6338 2675
6338 4142
6338 4986
6338 4316
6338 6179
6338 4651
6338 7042
6338 1000
1309 5705
1309 5258
1309 6361
1309 6964
1309 2368
1570 538
1570 1684
1570 2160
1570 0
1570 2387
3383 1662
3383 534
3383 5658
3383 889
3383 4010
3383 4691
3383 5203
6641 3151
1051 358
3259 2805
3259 5350
3259 6427
3259 6772
3259 3047
3259 5546
3259 2157
3259 5765
3259 837
3259 1417
3259 1575
3259 2843
959 1801
3060 3964
5052 3406
5052 5507
5052 340
5052 5988
5052 240
5052 1655
5052 3826
5052 3620
4174 1863
4174 4088
4370 2811
4370 6662
4370 2351
4370 6586
4370 2744
4370 2471
4370 436
4370 4721
4370 6787
4370 2545
4370 3025
4370 4990
4370 2993
4370 68
4370 6117
4370 6358
4370 2027
4370 3125
3321 1333
3321 918
3321 3040
3321 4823
535 3458
535 3768
535 2068
535 1425
535 4200
535 2560
535 4875
535 5375
535 6005
535 1065
535 290
535 6849
535 5081
535 2843
535 5819
1703 2086
1703 3720
1703 485
1703 1687
1703 352
6291 6995
3006 4143
3006 6423
3006 669
3006 2560
3006 4990
3006 3755
1015 1942
1015 2123
1015 5503
1015 1639
1015 6361
1015 6964
1015 3271
1015 5548
1015 3602
5255 854
5255 4695
255 1538
255 1455
255 5178
255 5724
255 529
255 6313
255 4824
255 7095
255 138
255 6051
255 5588
507 282
507 3810
507 4460
507 2429
507 5771
507 6768
507 1449
507 4404
3053 756
3053 5004
3053 5065
3053 149
3053 1468
2603 1832
2603 4196
2603 2855
2603 3980
2603 4826
2603 7182
2603 1148
2603 35
2603 3883
2603 5133
2603 4534
3835 5712
3835 2768
3835 1912
3835 7004
3835 3428
3835 3273
3835 4941
3835 2623
3768 415
3768 1607
3768 5350
3768 6671
3768 6590
3768 5017
3768 487
3768 4464
3768 3011
3768 3281
3768 1495
3768 6506
3768 5125
3768 3339
2025 3990
2025 3401
2025 171
2025 6448
2025 5493
2025 4826
2025 3562
2025 431
4230 1997
4230 5376
4230 7107
4230 222
4230 5020
4230 4569
4230 4606
4230 4589
4230 4271
5115 3913
5115 2811
5115 6781
5115 2261
5115 3329
5115 494
5115 5720
5115 2732
5115 3506
5115 6511
5115 887
5115 3025
5115 1594
5115 2627
5115 6457
5115 5681
5115 691
5115 2935
5115 2027
5115 3988
1367 758
1367 3063
1367 1010
116 1141
116 5867
116 236
116 5241
116 2898
116 2115
116 2388
1199 5507
1199 1934
1199 178
6764 4498
1988 4116
3415 3497
5397 796
5397 6680
1516 897
1516 6466
1516 1946
1516 2953
1516 2319
1516 969
1516 6525
3567 415
3567 5350
3567 6427
3567 5743
3567 5017
3567 3711
3567 593
3567 6208
3567 2040
3567 1575
5098 1288
5098 5012
6560 949
4435 4930
4435 4619
4435 3354
286 4289
286 6809
286 1332
286 6768
286 4672
286 148
6523 4083
1538 5827
1538 3305
1538 1455
1538 4182
1538 6417
1538 5359
1538 6740
1538 1321
1538 2834
1538 2010
4152 5242
4152 2805
4152 3044
4152 1037
4152 4843
4152 4276
4152 589
4152 1778
4152 484
4152 6590
4152 5381
4152 3116
4152 789
4152 2709
4152 6301
4152 3520
4152 1675
4152 2393
4152 1085
4152 4219
4152 4589
4152 6487
4152 5790
5632 4308
5632 387
5512 3252
5512 392
7159 538
7159 6256
7159 5741
2297 6786
2297 6885
2297 1500
2297 1765
2297 1446
2297 3812
2297 6398
2297 752
542 5886
542 5123
542 2475
3614 3047
3614 556
3614 3849
3614 915
3614 2843
5436 3375
5436 382
4428 6639
4428 1953
4428 3169
1624 5486
1624 5955
1624 3204
1624 5470
1624 5886
1624 6271
1624 5757
6921 143
6921 5491
6921 7072
6921 4072
6921 6288
6921 4433
6921 4861
6921 5943
6921 166
6921 412
3946 5728
3946 3260
5489 5039
5489 484
5489 1989
3502 4739
6054 4452
6054 2465
6054 6714
6054 2068
6054 6940
6054 6423
6054 2560
6054 2590
6054 2788
6054 4872
6054 64
6054 1663
5452 5994
5452 3911
5452 7016
5452 3752
5452 1230
5452 2468
5452 3916
5452 1182
5452 6935
3721 556
3721 1347
3721 921
6447 4595
6447 3040
5535 3261
5535 4397
5535 1333
5535 3689
5535 201
5535 4602
5535 3936
5535 6423
5535 3449
5535 1926
5535 6130
5535 1465
5535 2865
5535 3875
5535 6088
5535 4117
5535 7062
3911 2249
6498 6559
6498 6259
6498 6427
6498 1546
6498 2954
6498 5877
6498 6646
6498 1822
1676 5045
1676 1425
1676 3129
1676 120
1676 261
1676 6132
1676 1296
1676 6646
1676 5965
1676 4283
5700 3652
5700 1455
5700 6201
5700 6677
5700 4839
5700 5178
5700 5724
5700 5378
6259 6149
6259 2911
6259 1324
6259 6799
6259 976
6259 2710
6259 1495
6259 3486
6259 4589
6259 4702
7132 1088
7132 5283
7132 3242
5929 5999
6591 4818
6591 5712
6591 2760
6591 4880
6591 3515
5337 3072
1875 4758
5807 2551
5807 3745
5807 969
2465 4720
2465 1536
2465 3185
2465 6940
2465 4334
5045 535
5045 2805
5045 6933
5045 4356
5045 2832
5045 3766
5045 3756
5045 2585
5045 3025
5045 2889
5045 556
5045 2788
5045 1544
5045 5815
5045 1675
5045 3099
5045 6487
5045 721
1939 5362
1939 2028
1939 325
1939 782
1939 2796
1939 2624
1939 1740
1939 839
1939 2506
1939 6927
1939 6326
1939 6463
1939 6468
1939 2643
264 2152
264 6804
264 693
264 4132
264 1401
2049 3330
6349 5642
6349 602
6349 17
6349 3247
6349 3814
5082 573
5082 4064
5857 3375
5857 2483
5857 4171
5857 2609
5857 4750
5857 4717
5857 3011
5857 1495
5857 2689
5857 1677
5857 4347
5857 5549
71 2888
71 3349
71 2776
71 3854
71 6883
71 1136
71 5959
71 3251
71 5757
71 2804
71 3735
71 6792
6261 4901
6261 360
6261 1213
6261 324
6261 3932
3010 1367
3010 2615
3010 1120
3010 1544
3010 555
3010 5585
156 49
156 2066
156 1727
4416 199
4416 4544
4416 1598
4416 6820
4416 1999
846 976
2390 1513
2390 478
2390 5876
2390 6087
2024 7161
2024 3072
2024 4490
2024 621
2024 2176
2024 6784
2024 5346
1346 531
1346 934
1346 589
1346 5665
1346 534
1346 106
1346 5482
1346 6049
1346 723
1346 3663
1346 1846
1346 4465
1346 6418
1346 4637
1346 3908
1346 163
5827 3652
5827 3913
5827 1094
5827 3695
5827 1455
5827 6201
5827 4848
5827 5848
5827 4591
5827 6136
5827 800
5827 3468
5827 6243
5827 1206
5827 1888
5827 3201
1265 6883
1265 5284
1265 1655
1265 1192
1265 2447
2496 857
2496 6952
2496 704
2496 691
1166 469
1166 7104
1166 615
1166 3856
1166 3926
1166 1292
1166 5734
4604 6427
4604 6197
4604 6710
4604 484
4604 1296
4604 3011
4604 3281
4604 1495
4604 1822
4604 4283
4604 290
4604 4589
4604 6435
2805 1212
2805 2180
2805 66
2805 2589
2805 1425
2805 5039
2805 5973
2805 5546
2805 3577
2805 2691
2805 3272
2805 2710
2805 5220
2805 1822
2805 3344
2805 1273
2805 4300
4391 3048
4391 3698
4391 4655
4391 540
4391 5009
421 758
2224 7069
2224 76
2224 2841
2224 578
2224 4302
2224 3159
2224 5494
2224 947
2224 1252
2772 194
3740 3848
319 710
319 4832
319 392
319 1682
319 6442
319 2119
6196 7081
6196 5201
6196 6676
6196 927
6196 3175
6854 4289
6854 1332
6854 3815
6854 4297
6365 6919
6365 5603
6365 4569
5466 3652
5466 3913
5466 3004
5466 4100
5466 3538
5466 1641
5466 1455
5466 808
5466 4865
5466 4591
5466 800
5466 4707
5466 1888
4527 1928
4527 2114
4527 1466
4527 691
4527 6047
4925 4370
4925 6054
4925 2690
4925 6908
4925 6586
4925 4143
4925 1493
4925 5801
4925 6577
4925 3708
4925 2112
4925 4990
4925 5220
4925 6185
4925 2865
4925 774
4925 6358
4925 4821
2198 5787
2152 6122
2152 3813
2152 2605
2152 6590
2152 1562
2152 616
2152 5937
2152 1253
4642 5483
3150 6423
6414 4452
6414 1926
6414 5611
6414 3544
6414 3816
6414 2146
6414 5286
6414 1857
3626 5319
3626 5094
3626 3752
3626 380
3626 2615
3626 2015
3626 3329
3626 764
3626 5503
3626 3942
3626 4826
3626 3476
3626 5257
3626 4454
3626 6753
3626 3668
3626 5151
3626 1280
3626 3890
3626 431
4549 6306
4549 3063
4549 5122
4549 2585
4549 2927
4549 6093
4549 6990
4549 555
4549 858
5085 4299
5085 3185
5085 5786
5085 3638
6112 5524
6112 6152
5162 5157
5162 4749
5162 2130
5162 1606
5162 4423
5162 104
5350 260
5350 2185
5350 3150
5350 6606
5350 798
5350 1822
5350 5776
5350 5521
5350 284
349 4070
349 6126
349 6257
349 205
349 5002
349 495
3804 843
3804 5456
3804 3651
3804 479
3804 4935
3804 2872
2567 2052
2567 428
2567 3669
2567 5893
2567 135
2567 7117
2567 2740
2567 7042
2567 5276
3298 4706
3298 931
3298 3159
3298 3873
3298 119
3298 7125
3580 3418
6149 5885
6149 4289
6149 3768
6149 5350
6149 6427
6149 1376
6149 3129
6149 4721
6149 5801
6149 2560
6149 5799
6149 6882
6149 4569
6149 6326
6149 6117
6149 4283
6149 6971
6149 6894
6527 4196
3937 6541
3937 45
3937 1419
199 4360
199 5981
199 71
199 6765
199 1566
199 5470
199 4064
199 1267
199 2448
199 5917
199 1768
199 3563
199 6337
199 3212
199 6860
199 5757
6462 58
5042 1976
5042 3164
5042 61
2987 2493
2987 3124
2987 1816
2987 2988
1437 4634
1437 2832
1437 3529
1437 3756
1437 3146
1437 669
1437 6443
1437 6244
1437 6704
1437 1014
1437 4821
4031 3155
4031 6655
4031 945
4031 5615
4031 4219
6255 3891
5758 175
5758 4373
5054 4308
5054 453
5054 3663
5054 100
1278 1015
1278 2015
1278 417
1278 3271
2577 3000
2577 4397
2577 6
2577 6423
2577 1926
2577 3834
2577 4584
2577 113
2577 3368
2577 6088
2577 2973
2577 3218
2948 6662
2948 5811
2948 6346
2948 3599
2948 5133
2948 1661
2948 3040
2948 5005
2948 1701
2948 2845
4471 7122
4471 1181
4471 3076
4471 6885
4471 4769
4471 6867
4471 1403
4471 3159
4471 854
4471 6917
4471 670
4471 4542
4471 5659
4471 3856
4471 5487
4471 3812
4471 5617
4471 1490
4471 974
4471 775
2278 260
2278 1066
2278 5642
2278 5867
2278 236
2278 6443
2278 6905
2278 4326
2278 136
2278 5747
2278 1122
2278 6704
2278 3849
2278 6936
2278 6692
2991 6122
2991 4103
2991 6847
2991 5758
2991 3511
2991 6549
2991 175
2991 3418
2991 1562
2991 616
2991 2387
2991 3291
2991 406
7066 5241
6080 5163
6080 5840
6080 2277
5895 5470
5895 2448
5895 5996
5895 1768
6166 2143
6166 4518
6166 2814
6166 3935
6166 3136
6166 2296
4146 2991
4146 3318
4146 3193
4146 963
4146 6501
2116 3652
2116 3913
2116 3004
2116 3695
2116 808
2116 5022
2116 3888
2116 2041
2116 6161
2116 1182
2116 1888
2116 5667
2116 5078
245 4527
245 4215
245 2225
245 6551
245 5799
245 6093
245 4872
245 6589
245 858
5132 4420
1283 4763
1283 1974
1283 2428
3891 1662
3891 6327
3891 4196
3891 600
3891 5665
3891 3930
3891 5658
3891 889
3891 5196
3891 4441
3891 4263
3891 4010
3891 35
3891 2497
3891 6058
3891 163
3891 32
3891 4179
2758 1729
2758 1587
2758 430
2758 5201
2758 927
2758 3175
2758 1525
5285 1651
1942 2577
1942 6779
1942 2968
1942 187
1942 692
1942 6243
1942 7051
1942 2289
1942 5989
1942 7007
1942 3536
1942 3602
1942 1635
1942 842
6786 3357
6786 1635
3219 1662
3219 5914
3219 2118
3219 211
3219 3750
3219 6148
3219 6698
6169 2068
6169 4251
6169 187
6169 6417
6169 106
6169 109
6169 1562
6169 5741
2657 2991
2657 7024
2657 3730
2657 306
2657 1692
2657 6363
2657 3318
2657 963
2657 4753
2657 6501
6804 264
6804 4132
6804 3960
6804 5023
1281 3094
1281 1043
1281 1350
6430 1976
6430 5216
6430 6243
6430 3984
6430 3510
1308 2025
1308 3476
1308 3790
1308 431
5933 2186
5933 4
4160 2185
4160 6142
4160 1042
4160 629
4160 128
2275 846
5210 4395
5210 3889
5210 4199
143 4820
143 3115
143 454
143 2441
143 4072
143 7156
143 1290
143 166
143 3276
143 1408
143 4407
143 2413
7170 5547
7170 2529
7170 4598
7170 3960
7170 3098
7170 35
7170 5613
7170 3291
7170 4407
7170 1253
1143 892
1143 1674
1143 6796
1143 6197
1143 1296
1143 6275
1143 6832
1387 1889
1387 4938
1387 5055
1387 2899
1387 4747
1387 2150
1387 1455
1387 193
1387 3357
1387 78
1387 5724
1387 529
1387 3098
1387 2593
1387 392
1387 5334
1387 138
1387 6051
1387 6600
1387 6995
4100 282
4100 1094
4100 18
4100 5466
4100 4890
4100 4396
4100 5423
4100 6096
4100 3357
4100 4839
4100 3401
4100 2942
4100 1926
4100 2016
4100 2556
4100 3520
4100 4639
4100 2826
5507 2185
5507 4634
5507 1864
5507 1842
5507 2832
5507 5759
5507 6650
5507 5394
5507 556
5507 6185
5507 5444
5507 3628
5507 2516
5507 4095
5507 696
357 1185
357 6262
357 5712
357 5503
357 3273
357 3333
357 575
357 6227
357 4342
521 5368
5680 6854
5680 2483
5680 2020
5680 5813
5680 1677
5680 4347
5680 2162
5680 5819
5680 1921
1520 4308
1520 275
1520 3192
1520 581
1520 4369
4397 187
4397 5686
4397 658
4397 6130
4397 1528
4397 6243
4397 5797
4397 1465
4397 1036
4397 4945
4397 6832
4397 5905
4397 5910
4397 1408
2937 740
2937 768
2937 3754
2937 7051
2937 4117
2937 6223
2937 5912
383 6589
3881 254
3881 1042
3881 629
3881 6750
3881 6830
3881 4666
3881 4358
3881 128
3881 532
1151 7024
1151 2085
1151 5475
1151 1401
1151 644
1151 3221
1151 6360
1151 3900
6083 3414
6083 2524
6083 1981
6083 699
6083 3870
6083 1819
1790 252
1790 5619
1790 2879
1790 5966
1790 713
1790 917
6427 5350
6427 3434
6427 2488
6427 1376
6427 6772
6427 487
6427 5683
6427 1495
6427 6646
6427 3849
6427 6088
6427 837
6427 2040
6427 1061
5110 7107
5110 2814
5110 3685
5110 6668
5110 2139
5110 787
5110 4136
1016 1546
1016 2714
1016 305
1016 2334
1016 1417
1016 5819
2540 4592
2540 3730
2540 5332
2540 5415
2540 4573
2540 2982
2540 2486
2540 1567
2540 4897
2540 6256
2540 3105
2540 3291
2540 5211
2540 4669
3813 6678
4804 5290
4804 2068
80 18
80 4100
80 3414
80 1909
80 6608
80 4850
80 5278
80 5787
80 3550
80 4024
80 1078
80 7175
80 6554
80 6911
80 4839
80 4392
80 171
80 1931
80 5216
80 3468
80 3757
80 6531
80 3510
80 3568
80 4892
80 1701
2290 91
2290 2462
2290 5480
6245 5905
6245 6909
4837 2560
4837 3272
4837 136
4837 4300
6091 3406
6091 3021
6091 1686
6091 3373
6091 205
6091 6917
6091 2202
6091 6650
6091 1108
6091 2170
6091 2462
3824 5441
3824 4709
3824 3621
117 6129
4645 6744
4645 2577
4645 824
4645 4584
6060 5562
6060 610
6060 5350
6060 4508
6060 4295
6060 1529
6060 5822
6060 6326
6060 4161
6060 861
6060 1344
6060 1816
7024 6351
7024 5065
7024 2472
7024 6590
7024 330
7024 1468
7024 5228
7024 5937
7024 1348
7024 1253
7024 4932
3662 2708
3662 6919
3662 991
3662 6425
3662 1029
3662 6140
3662 280
3662 37
3662 375
3662 4271
3662 4147
1400 3850
1400 2472
1400 5415
1400 4573
1400 1778
1400 6590
1400 5381
1400 3041
1400 4897
1400 1816
1975 3321
1975 1333
1975 405
1975 574
5676 6086
5676 3858
2828 368
2828 3428
2828 6965
2828 5828
2828 6350
4820 6293
6258 5859
6258 6885
6258 1490
4632 2997
4632 1928
4632 1316
4632 4028
4632 3679
4632 2023
4632 730
4632 1735
4632 5548
4632 691
4632 6358
4632 5770
6493 3814
6691 1088
6691 397
6691 1905
6691 5363
6691 5197
6691 1000
26 6853
26 186
47 4031
47 7001
47 1723
47 7052
47 1238
47 1148
47 6762
47 3894
47 1348
47 2736
47 5219
47 1274
47 6062
1559 663
1559 4575
1559 143
1559 4820
1559 2320
1559 6530
1559 5185
1559 1217
1559 5491
1559 3459
1559 4401
1559 273
1559 4861
1559 5408
1559 5972
1559 508
1559 6768
1559 6069
1559 6331
1559 6085
1559 2514
5968 5590
5968 37
3161 282
3161 5294
4110 1455
4110 4486
4110 3066
4110 5724
4110 4715
4110 4907
4110 5734
6308 5063
6308 3061
6308 1884
4215 2847
4215 2615
4215 7175
4215 1132
4215 548
4215 649
4215 4149
4215 691
4215 2600
4215 1125
4215 3486
4215 925
4215 6178
543 5970
543 3415
543 6201
543 6317
543 6417
543 5614
543 3501
1713 3887
1713 2982
1713 424
1713 1334
1713 2781
1713 2952
1002 1036
5319 5466
5319 5712
5319 4890
5319 5893
5319 2664
5319 6897
5319 5287
5319 2901
5319 5493
5319 2734
5319 722
5319 78
5319 4826
5319 3650
5319 3816
5319 4907
5319 3754
5319 6755
5319 1095
5319 2728
5319 2720
5319 5286
5319 958
5319 4102
5319 2065
5319 3174
5319 1192
5319 3040
5319 3562
5319 6903
5319 2455
5319 1264
5319 7058
3743 2882
3743 378
3743 4140
3743 4834
4763 966
4763 4827
5900 5547
5900 1904
5900 201
5900 6
5900 6657
5900 1408
5900 6040
5900 5226
5900 4729
1030 5859
1030 3589
1030 6003
1030 2888
1030 6885
1030 5557
1030 5840
1030 1863
1030 1317
1030 3537
1030 1616
1030 822
2905 1598
2905 4641
2936 5337
2936 4215
2936 7123
2936 3862
2936 1931
2936 5799
2936 6093
2936 3674
2936 5309
2936 6589
2936 770
2936 6894
3487 230
6315 5110
6315 7107
6315 2028
6315 4977
6315 325
6315 430
6315 3935
6315 6463
6315 787
6315 284
2681 1283
2681 3752
2681 2180
2681 2474
2681 946
2681 7098
2681 2468
2681 2354
2681 3916
2681 1544
2681 563
2681 7149
2681 5151
2681 3294
2681 3959
2681 3001
2681 6935
2681 2908
2684 3000
2684 1794
2684 3894
2684 1445
4498 58
4498 2431
4498 1037
4498 3187
4498 5069
4498 6655
4498 6135
4498 3963
4498 4897
4498 3291
4498 4781
4498 2393
4498 5211
4498 1085
4498 1124
7001 3549
7001 1238
7001 5315
7001 6295
7001 3221
6714 535
6714 6054
6714 6259
6714 3010
6714 4837
6714 2936
6714 2225
6714 6908
6714 5420
6714 5449
6714 5830
6714 4908
6714 3272
6714 3340
6714 3575
6714 563
6714 1399
6714 1582
6714 94
6714 5795
6714 1989
6714 1675
6714 62
6714 5585
6714 1770
1333 6662
1333 1792
1333 49
1333 6787
1333 1296
1333 68
1333 6243
1333 1465
372 5797
372 4505
3526 1562
3526 37
3526 5240
3526 4147
5954 2891
5954 1053
5954 4720
5954 3259
5954 3567
5954 261
5954 2974
5954 4875
5954 5348
5954 3071
5954 7176
5954 1449
5954 4136
224 485
224 1687
224 3399
224 6819
6769 5547
6769 7170
6769 3960
6769 860
6769 3098
6769 35
6769 2211
3640 2897
1138 3159
1138 7125
3689 58
3689 538
3689 1684
3689 658
3689 575
3689 113
3689 6243
3689 5797
3689 5905
3689 5910
3689 1408
3689 5346
2994 299
2994 3461
2994 2599
2994 590
6116 6584
2917 4103
2917 350
2917 145
2917 6406
2917 6647
2917 2640
2917 1769
2917 2413
1185 5712
1185 5503
1185 3700
3434 535
3434 4894
3434 4660
3434 5877
3434 3146
3434 789
3434 3293
3434 1449
1729 6196
1729 1525
1729 861
4376 3730
3633 3538
3633 4747
3633 2862
3633 2034
3633 2349
3633 4392
3633 4420
3633 4287
3633 2570
3633 4892
4607 5991
4607 6768
4607 3339
4281 3635
4281 2932
4281 966
4281 5686
4281 7052
4281 1296
4281 3575
4281 5133
4281 6301
4281 4119
4281 2413
4281 4560
4281 4404
2903 3913
2903 3990
2903 2847
2903 3544
2903 4389
2903 5214
2903 297
2903 1964
2903 5573
2903 1028
2903 2845
3802 5804
3802 6901
3802 401
3802 4151
3802 4692
2880 4010
2880 723
5094 4938
5094 640
5094 6412
5094 5049
5094 1316
5094 764
5094 2507
5094 5503
5094 5182
5094 1132
5094 1150
5094 3832
5094 4236
5094 3790
5094 230
5094 2293
5094 4247
5094 2219
5094 24
5094 3890
5094 6121
5094 5544
5094 3514
5094 5296
3810 1288
3810 1301
3810 1674
3810 6913
3810 5012
3810 658
3810 1296
3810 4581
3810 563
3810 4768
3810 1113
3810 4863
3810 806
3810 6062
6550 3044
745 2225
745 4024
745 6170
745 3599
745 4317
745 3734
184 2025
184 5042
184 3379
184 4643
184 6412
184 3752
184 5278
184 4889
184 7105
184 4826
184 4454
184 2293
184 691
184 3668
6583 4861
236 260
236 5162
236 1
236 3756
236 5601
236 551
236 1347
236 3421
236 921
236 3814
236 1770
3559 1290
3559 3597
3559 166
4080 6666
4080 4492
4080 3805
134 282
134 5471
134 5170
3369 4595
4023 6322
4023 2666
2320 4820
2320 5645
2320 4401
2320 3100
5756 5720
5756 808
5756 590
3145 54
3145 4499
3145 454
3145 248
3145 3385
3145 920
3145 7053
3145 3011
3145 5348
3145 5392
3145 6269
554 6467
554 2592
554 4460
554 1332
3328 6650
3328 3620
1577 6297
1577 4666
1577 3380
2513 2592
2513 6135
2513 5905
2021 4863
5513 3331
4541 1765
4541 4454
4541 6529
4541 3812
4541 925
6139 5579
6621 4280
3021 4023
3021 1048
3021 653
3021 2666
3021 6454
3021 2462
1128 6135
1128 5686
1128 5902
1128 5905
1128 2393
1128 1074
3323 916
3702 2789
3702 2937
3702 184
3702 6167
3702 1926
3702 6187
3702 6448
3702 3273
3702 6947
3702 5771
3702 5164
3702 1635
3702 925
3702 3568
3702 842
6694 2994
6694 5814
6694 1070
2063 5486
2063 71
2063 1566
2063 4615
2063 3717
2063 5313
2063 3704
6861 2657
6861 4598
6861 6363
6861 4059
6861 2859
6861 3193
6861 5569
6861 3621
7016 2779
7016 3357
7016 5503
7016 4374
7016 2293
7016 3068
6262 5712
5280 6976
5280 6259
5280 6149
5280 2690
5280 2911
5280 1376
5280 4888
5280 4617
5280 2471
5280 669
5280 4194
5280 5520
5280 2990
5280 4841
5280 1298
5280 2310
5280 1582
5280 94
5280 2898
5280 3007
5280 2516
5280 1953
5280 5075
5280 4702
5280 5819
2085 4836
2085 4308
2085 5535
2085 1272
2085 3283
2085 2086
2085 6130
2085 4010
2085 2345
2085 1687
2085 4468
2085 565
3507 5262
3507 3595
3507 3349
3507 4647
3507 2683
3507 814
3507 7047
3507 6511
3507 6642
3507 5056
3507 890
3507 22
3507 1690
3507 1240
3507 6795
463 826
463 7140
463 4391
463 428
463 469
463 6489
463 4928
463 6968
463 820
463 3856
463 1845
463 1183
463 6274
463 4472
463 6032
463 356
463 5276
463 6110
463 5243
3229 6716
3229 5418
3229 6394
1221 176
1221 6265
1221 969
1221 7082
4894 535
4894 4660
4894 5039
6736 1609
6736 6007
4599 3345
4599 7068
4599 3992
4599 6987
4599 2702
4599 5897
1804 2386
1928 4527
1928 61
1928 691
1928 6047
4789 3406
4789 5507
4789 6142
4789 340
4789 6244
4789 1952
4789 4595
207 538
207 9
207 4724
207 5522
1212 2948
1212 6306
1212 1
1212 338
1212 3247
1212 6990
1212 2710
1212 3790
1212 3627
6111 6786
6111 3965
6111 6529
6758 4655
2635 5350
2635 123
2635 4188
2635 1511
2635 5837
2635 3293
2635 6326
2635 1677
2635 5819
3255 2812
3255 6599
3255 3007
6587 3743
6587 2053
6587 5714
6587 2672
6587 4140
6587 7104
6587 4824
6587 725
1019 4110
1019 5319
1019 1641
1019 380
1019 2779
1019 3342
1019 3066
1019 3478
1019 1931
1019 4832
1019 1508
1019 5108
1019 4316
1019 3961
1019 5657
1019 2978
1019 4092
1019 3371
1019 1339
1019 3696
1019 2119
1019 3068
1019 5734
1908 1613
1908 2383
1908 6998
1955 6885
2396 2085
2396 1725
2396 3776
2396 4548
2396 113
2396 485
2396 1329
1411 6786
1411 6885
1411 4189
1411 854
1411 3873
1411 1851
1411 3856
1411 1446
1411 677
1411 752
5621 3976
5621 1709
5621 4916
5621 1952
5621 6843
5621 2801
5621 3169
2189 2147
2189 5071
2189 5587
5066 2811
346 237
3375 1779
3375 6530
3375 162
3375 4433
3375 508
3375 2503
3375 1075
614 6885
1126 4428
1126 6149
1126 4617
1126 6858
1126 3063
1126 5241
1126 1622
1126 5199
1126 1273
1126 6088
1126 1953
1126 1153
3538 5452
3538 3911
3538 1731
3538 2607
3538 3888
3538 4094
3538 3520
3538 5667
3538 3294
3538 5078
3538 4639
3538 4404
2225 5748
2225 4938
2225 3862
2225 4024
2225 7175
2225 1330
2225 4149
2225 2600
2225 6177
2225 3734
2225 925
5462 1942
5462 2847
5462 3828
5462 3544
5462 1022
5462 5214
5462 4924
5462 4530
5462 2003
5462 1964
5462 5117
5462 3536
5462 806
5462 2845
5712 407
5712 1168
5712 3679
5712 3093
5712 2277
5712 6107
5712 4247
5712 3336
5712 1646
3379 6412
3379 4747
3379 4889
3379 1765
3379 61
3379 2360
2669 5970
2669 4308
2669 6169
2669 6417
2669 4355
2669 3890
2098 5914
2098 204
2098 2816
6919 3807
6919 6402
6919 58
6919 3662
6919 2778
6919 3579
6919 5430
6919 188
6919 4295
6919 1441
6919 438
6919 2802
6919 4176
6919 285
6919 1871
6919 4562
6919 1525
6919 853
6919 6822
6595 1408
6595 4407
6595 5346
6871 4305
3592 1214
3592 5762
3592 2118
3592 2044
428 6338
428 3669
428 323
428 2675
428 3723
428 671
428 1503
428 7117
428 4824
428 3928
428 2740
428 7042
1933 2807
1933 5240
855 7136
855 7023
855 5314
6176 5547
6176 6562
6176 1870
6176 3289
6176 589
6176 4182
6176 5482
6176 275
6176 877
6176 6256
6176 3894
6176 2248
6176 4203
6176 871
6176 4637
6176 163
598 1601
622 6184
1289 6454
6672 6765
6672 4064
6672 3177
6672 3151
6672 6820
6297 6918
647 1272
647 401
647 6040
647 6835
647 1978
647 4692
3541 58
3541 5021
6878 4143
6878 4477
3845 3990
3845 18
3845 5498
3845 1926
3845 6180
3845 575
3845 3302
3845 3378
3845 1701
4938 5595
4938 18
4938 4592
4938 605
4938 1316
4938 4867
4938 6317
4938 6677
4938 4282
4938 3725
4938 6794
4938 4348
4938 6256
4938 3790
4938 5378
4938 2600
4938 1206
4938 1339
4938 5250
4938 4982
4938 1937
573 4360
573 3784
573 654
573 4009
573 6918
573 2309
5055 5547
5055 2085
5055 1832
5055 6096
5055 2855
5055 7128
5055 3961
5055 6829
5055 3275
5055 709
5055 5910
5055 2010
5055 3672
561 5091
561 1238
561 1271
561 5419
561 1894
4874 3287
4874 2205
4592 5044
4592 480
4592 2325
4592 824
4592 1870
4592 3840
4592 5416
4592 5745
4592 877
4592 5196
4592 2248
4592 2531
4592 6851
4592 5670
4592 1837
4592 4203
4592 4022
4592 2205
3172 6458
3172 395
3172 4094
3172 4117
3172 1028
2051 4518
2051 1623
2051 6590
2051 1029
2051 3616
2051 5603
2051 3294
84 1281
84 4893
84 2397
4688 601
4688 58
4688 4863
3414 2524
3414 4225
3414 3401
3414 740
3414 3725
3414 1926
3414 5302
3414 6794
3414 4389
3414 4040
3414 3705
3414 3043
3414 1095
3414 6531
3414 2902
3414 1125
3414 3696
3414 3510
3414 4102
3414 3568
480 5290
480 4289
480 5857
480 6149
480 4804
480 1080
480 4298
480 1376
480 5065
480 2472
480 737
480 4709
480 5415
480 1930
480 1165
480 5039
480 6652
480 1778
480 2341
480 3041
480 4490
480 2974
480 789
480 5707
480 3340
480 3105
480 6540
480 3107
480 4781
480 3071
480 2313
480 6177
480 1449
480 1124
480 2428
480 4684
480 2413
480 2826
480 5695
480 687
7111 4950
7111 3219
7111 3048
7111 3698
7111 671
7111 4061
7111 7104
7111 211
7111 4697
7111 6724
7111 540
3821 4836
3821 6805
3821 6135
3821 2429
3821 2356
3821 5439
3821 6748
628 6995
7081 282
7081 6196
7081 5350
7081 675
7081 2028
7081 1587
7081 782
7081 2299
7081 2796
7081 2624
7081 1825
7081 358
7081 2139
7081 6768
7081 3300
7081 6326
7081 861
7081 6468
7081 6074
7081 6742
326 7056
326 3736
326 49
326 5673
326 3025
326 1528
326 1465
326 3875
326 703
326 6597
1505 5562
1505 610
1505 2106
1505 58
1505 3567
1505 1536
1505 6655
1505 4919
1505 5017
1505 927
1505 5683
1505 1562
1505 5077
1505 2614
1505 3340
1505 6503
1505 6927
1505 6468
1505 797
1505 6742
1505 4136
6265 4211
6265 3835
6265 1516
6265 6591
6265 377
6265 2953
6265 7082
6265 3217
773 3290
3361 682
3361 6995
3361 2981
5722 1346
5722 3989
903 5496
903 430
903 5786
903 4242
903 5743
903 6005
3312 6430
3312 4024
3312 5725
3312 6161
3312 1321
7123 4673
7123 6551
7123 6940
5863 3554
5863 918
5863 4051
5863 3040
2690 5642
2690 179
2690 6149
2690 6306
2690 6518
2690 2832
2690 4735
2690 976
2690 916
2690 887
2690 3272
2690 2112
2690 136
2690 3627
2690 1582
2690 6499
2690 3628
2690 62
2690 2516
2690 858
2325 4282
4134 2468
4134 3340
4134 6051
4134 4334
4134 3068
4134 431
2875 6666
2875 1648
6306 179
6306 6216
6306 6824
6306 6729
6306 2474
6306 2767
6306 2744
6306 6940
6306 4735
6306 3476
6306 4626
6306 2788
6306 5220
6306 1669
6306 94
6306 2334
6306 3959
572 3589
572 6364
572 3162
572 459
572 6027
4994 3261
4994 6616
4994 5615
4994 6062
5121 6765
5121 3349
5121 3517
5121 1598
5121 2776
5121 1952
5121 5757
2314 136
2314 94
2314 774
2314 5151
1909 1889
1909 80
1909 3414
1909 640
1909 5987
1909 6554
1909 2066
1909 2034
1909 3725
1909 1926
1909 5447
1909 4040
1909 1025
1909 4420
1909 6000
1909 1727
1909 6531
1909 2902
1909 3761
1909 3870
1909 3510
1909 3174
1909 3568
4643 2360
6530 2441
6530 4072
6530 2942
6530 4433
6530 1583
6530 412
6530 3221
6530 2503
6530 3276
6530 1408
2911 1376
2911 5973
2911 5601
2911 916
2911 5837
2911 4908
2911 5858
2911 1677
2911 6499
2911 4703
2911 1417
2911 4702
2911 5819
6974 2170
6627 5547
6627 2449
6627 6616
6627 3098
6627 2129
6627 3894
6627 4881
6627 5236
6627 1408
6627 6995
714 1095
714 2065
1110 3534
1110 174
1693 2752
1693 1703
1693 1400
1693 3802
1693 561
1693 1904
1693 385
1693 4508
1693 517
1693 5344
1693 4078
1693 4018
1693 2676
1693 6590
1693 4075
1693 3587
1693 4340
1693 6049
1693 3720
1693 6200
1693 6295
1693 4691
1693 3785
1693 4465
1693 549
1693 1348
1693 3765
1693 4692
1903 5093
1903 4272
1903 519
3850 181
605 241
605 5827
605 4938
605 4889
605 4196
605 4396
605 5359
605 138
605 1321
605 2834
605 4911
640 1919
640 3705
2488 6092
2488 1212
2488 2690
2488 2180
2488 2471
2488 3674
2488 7036
2488 94
2488 5199
2488 2843
223 1676
223 6100
223 3185
223 6197
223 6710
223 4200
223 5877
223 1489
223 731
223 3011
223 1495
223 6646
223 6510
223 1822
223 4608
223 1061
223 817
1814 4360
1814 3589
6637 7093
4038 4739
4254 1214
4254 141
4254 4196
4254 5762
4254 529
4254 6313
4254 523
4254 6179
4254 4651
4254 5061
3242 6282
3242 2468
3439 5368
3439 5529
3439 2020
3439 3148
3439 2709
3439 2174
3439 1320
3439 5790
3439 5688
228 5692
228 5680
228 1505
228 6809
228 6471
228 750
228 4136
7113 5586
7113 6288
7113 273
7113 6541
7113 6087
1958 6666
1706 6539
1563 2452
1563 2870
1563 1640
1563 5799
1563 4846
1563 2219
1563 2368
6412 4643
6412 3965
6412 137
6412 5447
6412 6066
6412 6632
6412 2360
5279 884
2449 5633
2449 1283
2449 3689
2449 5069
2449 4602
2449 3936
2449 3129
2449 538
2449 3072
2449 16
2449 1684
2449 692
2449 1296
2449 5214
2449 6275
2449 251
2449 6768
2449 5741
2449 5119
2449 4534
2449 7007
2449 1012
2724 781
2724 5870
2724 1273
2724 1192
1666 4804
1666 2806
1666 6985
1666 6652
1666 196
1666 4181
1666 4860
1666 2175
1666 5299
1925 4407
4186 4215
4186 2225
4186 6551
4186 5396
4186 6799
4186 1821
4186 417
4186 6024
4186 2587
6410 4660
3692 4335
3692 2814
3692 2915
3692 6425
3692 1029
3692 358
3692 3136
3692 5051
5185 1320
5185 3100
3919 273
3919 6541
3919 6087
1832 6169
1832 2150
1832 2472
1832 764
1832 453
1832 4707
1832 3275
1832 5236
1832 1701
4469 6976
4469 4311
4469 2767
4469 3063
4469 6772
4469 6799
4469 5122
4469 669
4469 3247
4469 381
4469 873
4469 1582
4469 1273
4469 2821
4469 104
4469 4300
2860 463
2860 4142
2860 1078
2860 1783
2860 4240
2860 1806
2860 3856
2860 5243
2860 5417
76 614
76 3274
76 4302
76 677
76 3603
3324 5864
3243 6976
3243 535
3243 1037
3243 66
3243 2182
3243 5039
3243 484
3243 1926
3243 6187
3243 5302
3243 5601
3243 3544
3243 2127
3243 3116
3243 6882
3243 1544
3243 555
3243 6978
3243 1449
3243 5499
3243 3548
3243 1192
3044 4960
3044 4289
3044 535
3044 6259
3044 3145
3044 4188
3044 5039
3044 6985
3044 4242
3044 920
3044 484
3044 506
3044 504
3044 5295
3044 7036
3044 7177
3044 6005
3044 2969
3044 4297
3044 5358
3044 2565
3044 6269
3044 33
3044 4989
3044 2843
3044 5819
3044 3499
3695 3913
3695 3626
3695 3786
3695 3208
3695 5715
3695 4747
3695 3690
3695 859
3695 4455
3695 4317
3695 1465
3695 3696
3695 2119
3695 5667
3695 914
4722 2604
4722 4941
4722 2760
4722 7125
4722 2168
4260 4621
4260 5876
3947 6402
3947 6147
3947 2610
3947 4126
3947 3385
3947 308
3947 5816
3947 3416
3947 2400
3947 284
1904 5985
1904 2085
1904 2396
1904 192
1904 1272
1904 6408
1904 7181
1904 5665
1904 4075
1904 534
1904 16
1904 1684
1904 4340
1904 3098
1904 3894
1904 4691
1904 6251
1904 485
1904 6584
1904 4465
1904 6851
1904 3399
1904 2353
1904 2738
1904 2973
1904 1978
1904 6819
4224 4072
4224 273
4224 6087
5409 6472
2778 6147
2778 3150
2778 1587
2778 4126
2778 430
2778 3385
2778 1825
2778 3175
2778 6503
2778 3939
2778 797
2778 1344
7162 799
7162 1101
3589 5942
3589 1814
3589 3152
3589 6885
3589 5840
3589 1801
3589 2831
3589 6056
3589 760
3589 1680
3589 1749
4662 6067
368 6591
368 3273
368 6965
368 6350
5368 6149
5368 6135
5368 1495
5368 4297
5368 3071
5368 1677
2206 4660
2206 4242
2206 484
2206 1314
2206 3186
2206 2969
1080 1283
1080 1565
1080 3187
1080 3834
1080 4605
1080 5910
1080 4115
1080 229
6518 3600
6518 338
6517 5115
6517 24
6517 5016
6517 3089
6933 3600
6933 5326
6933 1428
6933 4666
6933 3667
6933 858
3752 5994
3752 5452
3752 3911
3752 6278
3752 2468
3752 3192
3752 3098
3752 6657
3752 3663
3752 6768
3752 3275
3752 6995
3752 4639
3752 2826
1181 1281
2240 2609
2240 43
2240 4861
1898 1259
3525 3507
3525 4536
3525 1952
3525 3212
3525 5597
3525 4641
6397 1066
6397 4275
6397 5621
6397 4916
6397 4326
6397 6936
6397 4622
1565 3135
1565 3187
1565 4633
1565 2181
1565 2932
1565 3980
1565 5686
1565 2429
1565 6094
1565 2064
1565 5598
1565 3883
1565 68
1565 4119
1565 7057
1565 2413
1565 4560
1565 4729
1565 3437
1565 6748
1140 4061
1140 4697
1140 540
1140 811
6805 4452
6805 134
6805 5471
6805 4242
6805 1399
6805 5545
3543 4854
3543 4578
5004 4994
5004 5093
5004 5647
5004 2094
5004 6062
1611 255
1611 319
1611 1387
1611 6201
1611 6317
1611 2055
1546 6259
1546 1354
1546 355
1546 1575
6003 3913
6003 6220
6003 5448
6003 5865
6003 1891
6003 1863
6003 5289
6003 3667
6003 7153
6003 5016
6003 2330
1168 5384
1168 407
1168 1473
4718 5115
4718 4972
4718 1456
4718 6358
5744 1889
5744 5319
5744 2899
5744 769
5744 6897
5744 4878
5744 3371
2143 325
2143 358
2143 237
2143 4589
2639 1828
2639 1051
2639 6425
2639 6140
3048 4950
3048 2167
3048 1845
3048 1506
2090 2254
2090 534
2090 3488
2090 32
5330 1641
5330 6696
3786 3004
3786 1078
3786 808
3786 4094
3786 203
6608 4024
6608 4954
6608 4287
6608 6894
6608 4959
4298 4960
4298 4660
4298 4518
4298 1623
4298 3730
4298 5039
4298 4295
4298 6590
4298 1029
4298 3011
4298 1495
4298 4872
4298 5211
4298 2428
5504 6306
5504 6908
5504 4461
5504 5601
5504 7053
5504 5520
5504 4841
5504 3166
5504 4990
5504 1940
5504 2115
180 723
3906 4047
3906 410
6400 5142
218 840
218 4660
218 5783
218 64
218 1449
218 1675
123 2891
123 4351
2180 2948
2180 2690
2180 3063
2180 6911
2180 338
2180 6606
2180 2885
2180 6185
2180 555
2180 1582
2180 6457
2180 1273
2180 1158
4901 6261
2829 1070
2829 6511
2829 1914
446 184
446 1928
446 4959
5501 397
5501 3856
5501 2995
3655 1870
3655 3840
3655 4419
3655 3368
5497 1633
4526 6883
3732 4938
3732 6674
3732 5178
3732 6829
141 1214
141 323
141 4104
141 2246
141 6313
141 4651
4949 6466
6342 7066
6342 6493
6342 2083
6342 5988
6342 5386
6342 3426
6342 4879
6342 4477
6342 2255
6342 2447
6342 5884
6342 4095
2899 2675
2899 78
2899 5243
4659 5038
4659 5453
4659 3283
4659 2131
4659 1003
4659 2973
4659 1258
6276 848
6276 602
6276 1106
6276 3630
6276 873
6276 1770
2399 2240
2399 4433
2399 273
2399 4861
2399 166
3631 2063
3631 1566
3631 537
3631 3717
3631 1776
385 1723
385 1272
385 3561
385 1794
385 3720
385 6200
385 6295
385 3894
385 3221
385 6835
1230 3261
1230 4763
1230 2449
1230 4533
1230 3129
1230 6071
1230 6590
1230 6275
1230 5741
1230 6250
1230 4245
1230 6390
6765 3314
6765 4064
6765 340
6765 5450
6765 3563
6765 6589
6765 2528
6765 6271
6765 3628
6765 5757
6765 3735
2775 5570
2775 6598
2775 3661
3306 7110
3306 480
3306 4432
3306 1974
3306 4297
3306 1585
2924 2297
2924 1500
2924 3860
2924 6398
6564 1889
6564 3626
6564 5278
6564 1797
6564 769
6564 6897
6564 7115
6564 1805
6564 3966
6564 4420
6564 6753
6564 6000
6564 4092
6564 6240
6564 2570
6564 1339
6564 4068
6564 6442
6564 5417
6564 3562
6564 2869
1571 2557
1571 3385
1571 3442
1991 4432
1991 3148
1991 6798
331 5089
331 2214
331 4046
1641 3911
1641 2675
1641 2050
1641 5482
1641 5071
1641 4824
1641 1111
1641 3984
1641 1394
1641 3520
1641 5371
1641 5169
1641 3294
1641 3001
1641 925
1641 2826
1641 163
1641 4404
2431 4152
2431 3187
2431 789
2431 6909
2431 4932
4093 1661
672 2162
5300 4769
5300 1403
5300 3159
5300 775
5376 991
5376 5020
5376 37
5376 237
5376 4271
5376 4147
2722 4300
3687 939
3687 1203
3687 3840
3687 6778
3687 4761
3687 570
3687 4411
5969 6976
5969 5039
5969 484
5969 2585
5969 487
5969 1544
5969 555
5969 5785
323 3715
323 1630
323 4567
323 5914
323 2675
323 5762
323 6489
323 3615
323 5363
323 3170
323 2118
323 3873
323 5197
323 4986
323 3926
323 3482
323 4655
323 6148
323 4315
323 5009
323 3196
6284 1088
6284 1905
6284 1711
112 6092
112 2724
112 1389
112 1010
112 629
112 1273
112 1192
1217 382
1217 2576
1217 2942
1217 4401
1217 5408
1217 1479
1217 4346
1217 6491
1217 987
2233 1389
2233 5720
2233 1954
2233 5886
2233 5653
2233 5127
2233 2553
2233 2475
2233 3628
2233 3143
2233 3797
2233 1192
2233 3735
6777 1961
6777 899
6777 463
6777 992
6777 7165
6777 3690
6777 4489
6777 820
6777 3562
6777 1345
1859 6115
6278 5633
6278 4394
6278 1283
6278 1272
6278 3840
6278 3549
6278 5686
6278 155
6278 6357
6278 2444
6278 5315
6278 2129
6278 1074
6278 1408
6278 3657
6278 2132
5845 2897
1630 3066
1630 3429
1630 4999
1630 1810
1630 4907
1630 4316
1630 615
1630 2667
1630 5734
6127 94
6127 1857
1470 6777
1470 3066
1470 4907
1470 2667
4847 6139
4847 1100
4847 7156
4847 1290
4163 6122
4163 2152
4163 7170
4163 3090
1422 3274
1174 3873
1174 2978
1536 58
1536 5857
1536 5007
1536 4739
1536 2279
1536 4051
1536 1562
1536 2121
1536 4181
1536 6051
1536 3858
1536 4684
1536 3068
1536 431
2123 6964
675 6196
675 1729
675 7081
675 782
675 3175
675 3935
675 839
675 6463
675 6468
675 6074
675 1344
675 6742
675 284
4613 2052
4613 4824
1361 5085
1361 1894
1361 473
4410 5339
4410 6169
4410 1387
4410 543
4410 4747
4410 4889
4410 885
4410 3142
4410 6996
4410 533
4410 1330
4410 4355
4410 5616
4410 4420
4410 4586
4410 2970
4410 1937
4410 6178
4410 3068
4410 3890
1723 2958
1723 1203
1723 3549
1723 347
1723 5315
1723 3831
1723 3894
1723 3221
1723 570
599 3138
599 4796
599 4859
599 6179
599 110
4485 671
4485 2737
3179 228
5058 6625
2499 3754
5148 2059
5148 848
5148 5039
5148 3849
5148 2334
5007 2028
5007 1354
5007 1825
5007 1632
5007 1822
5007 3339
2566 1088
2566 3435
2566 3183
6958 1723
6958 6616
6958 2529
6958 6655
6958 348
6958 1238
6958 6920
6958 1148
6958 0
6958 690
6958 3894
6958 5228
6958 3785
6958 5742
6958 3806
6958 6360
6958 5631
6958 4293
6958 6596
6958 4219
6958 1769
4131 4599
4131 4375
4131 2702
870 179
870 3911
870 1674
870 3381
870 6423
870 3980
870 5151
870 3959
870 6784
1548 41
1548 6351
4660 6414
4660 223
4660 3306
4660 1037
4660 66
4660 355
4660 1830
4660 1778
4660 3072
4660 676
4660 5561
4660 6884
4660 4875
4660 6978
4660 4619
4660 3287
4660 5211
4660 5573
4660 837
4660 806
4660 858
4660 5081
4660 3530
4660 3354
4660 2843
4660 5819
4845 55
4086 6026
2436 5441
168 2964
6100 487
6100 3154
3422 4260
3554 3321
3554 5507
3554 6933
3554 3093
3554 5321
2339 5269
2339 2052
2339 428
2339 2392
2339 323
2339 5914
2339 2053
2339 3723
2339 671
2339 378
2339 4796
2339 6108
2339 4986
2339 6373
2339 2740
2339 4655
2339 6051
2339 5276
7107 2708
7107 3662
7107 5270
7107 325
7107 5430
7107 188
7107 6590
7107 2802
7107 1597
7107 2171
7107 5590
7107 37
7107 1871
7107 5946
7107 853
7107 279
7107 5816
7107 6822
7107 5519
7107 6074
7107 3001
7107 1862
6286 4994
6286 5004
6286 4183
6286 1650
6286 2094
5738 4901
4890 5994
4890 3695
4890 1455
4890 1797
4890 5848
4890 4865
4890 800
4890 5022
4890 1528
4890 3468
4890 5198
4890 4094
4890 1182
4890 3510
4890 5078
4890 2424
1960 600
1960 4010
1960 723
1960 1432
3651 843
3651 2025
3651 1308
3651 1387
3651 3487
3651 745
3651 5962
3651 5182
3651 2114
3651 3725
3651 575
3651 230
3651 1841
3651 2293
3651 2298
3651 1125
3651 398
3651 3484
1037 6518
1037 1882
1037 338
1037 3627
1037 6394
1037 3875
541 1066
541 2278
541 236
541 5831
541 4143
541 2868
541 1709
541 4916
541 551
541 6888
541 3814
541 2007
541 2447
541 1497
2035 3044
2035 4295
2035 318
2035 3430
2035 2171
2035 5206
5496 2351
5496 3113
5952 5365
5952 222
5952 375
6781 3600
6781 6511
6781 6437
6781 2475
6781 3943
6781 3343
6781 5080
6562 5900
6562 4889
6562 6836
6562 6851
1901 1019
1901 2186
1901 1455
1901 5724
1901 5773
1901 6188
1901 1805
1901 2929
1901 2960
1901 5417
1901 2667
6433 2828
5425 6529
5425 974
5425 3514
5887 6686
5887 3805
1596 2071
1596 118
1596 5327
763 5547
763 6579
763 35
763 3894
763 3221
763 6995
2483 2005
2483 1666
2483 4717
3604 236
3604 5394
1198 1425
1198 1322
1198 487
1198 2687
3884 3965
3884 2386
3884 274
3884 913
2768 2604
2768 4722
2768 3273
2768 7125
2768 2168
1376 7110
1376 3129
1376 5357
1376 1556
1376 3247
1376 731
1376 5683
1376 7036
1376 4608
1376 817
4972 3600
4972 6289
4972 1596
4972 494
4972 5865
4972 6537
4972 704
4972 5961
4972 2112
4972 2993
4972 6457
4972 5681
4972 691
4972 4400
4972 1158
4972 4019
4356 422
2888 5262
2888 71
2888 3204
2888 6838
2888 3679
2888 3346
2888 299
2888 3330
2888 2373
2888 1070
2888 5448
2888 1566
2888 3461
2888 6537
2888 2683
2888 1560
2888 5289
2888 7047
2888 3941
2888 767
2888 2301
2888 4700
2888 3427
2888 240
2888 5292
2888 5386
2888 6609
2888 5043
2888 3563
2888 7153
2888 5086
2888 691
2888 2443
2888 3082
2888 5080
848 171
2329 5631
2329 2428
2329 1688
2186 1088
2186 5140
2186 1889
2186 4110
2186 5319
2186 3695
2186 2870
2186 6485
2186 4024
2186 2103
2186 7115
2186 4878
2186 4832
2186 1508
2186 4
2186 5108
2186 3961
2186 5657
2186 6722
2186 4092
2186 3371
2186 4068
2186 5417
2186 4900
2186 4220
7114 2505
6565 5287
6565 2430
6565 3037
6565 4425
6565 1646
5911 1331
3579 3768
3579 6919
3579 4977
3579 430
3579 5201
3579 3685
3579 188
3579 4569
3579 750
3579 2216
3579 6074
3579 4114
3579 3915
3208 18
3208 2452
3208 4747
3208 4889
3208 5503
3208 6428
3208 6361
3208 230
3208 4317
3208 1321
3208 431
5531 1088
5531 5197
4835 4302
2638 2047
2638 7034
2638 5023
2638 5228
2638 1348
2638 6596
3440 5535
3440 1891
3440 5611
3440 5314
3440 5117
3440 5286
3440 5005
930 4722
930 6538
930 6115
5157 153
5157 5193
4379 1296
4379 6768
3820 5350
3820 6326
3820 284
4432 4152
4432 1925
4432 1565
4432 6655
4432 1839
4432 2020
4432 1408
4432 4407
4432 1816
4432 1253
4432 2413
4747 1387
4747 5094
4747 6871
4747 1641
4747 2499
4747 1455
4747 6317
4747 4024
4747 2468
4747 2664
4747 6096
4747 5503
4747 3725
4747 3708
4747 3690
4747 61
4747 3894
4747 3043
4747 6161
4747 2720
4747 5286
4747 5667
4747 3040
4747 4892
4747 6903
4747 6995
4747 3068
4747 431
4747 1838
2312 760
474 6087
6327 1255
3666 869
3666 4407
3666 3309
3666 2413
7088 846
4739 2225
4739 1376
4739 2471
4739 6652
4739 6799
4739 1561
4739 1449
4739 2428
4739 4702
4739 5819
1992 3314
1992 1842
1992 3204
1992 6008
1992 2990
1992 5450
1992 1655
1992 1273
1992 4095
5731 4983
5731 3965
5731 4034
5731 6146
6010 5712
6010 575
1100 7156
1100 3341
380 1889
380 5319
380 6564
380 6178
2351 4289
2351 179
2351 6427
2351 1354
2351 1511
2351 5973
2351 5601
2351 976
2351 3647
2351 3708
2351 4908
2351 303
2351 1632
2351 5375
2351 6910
2351 6185
2351 94
2351 11
2351 5815
2351 6506
2351 3849
2351 5903
4017 3587
3052 6847
3052 1975
3052 5863
3052 201
3052 5218
3052 350
3052 1494
3052 4709
3052 6655
3052 6135
3052 608
3052 3041
3052 2429
3052 4059
3052 2393
3052 1074
3052 1258
3052 6748
3226 2860
3226 1470
3226 668
6268 3406
6268 5507
6268 6142
6268 3976
6268 5988
6268 342
2028 4720
2028 6147
2028 5350
2028 6060
2028 2814
2028 6655
2028 5201
2028 1740
2028 5561
2028 6882
2028 3175
2028 2614
2028 2709
2028 3935
2028 358
2028 2139
2028 6326
2028 861
2028 5392
2028 3294
2028 6468
2028 797
2028 5405
2028 5776
2028 2643
4518 3662
4518 5952
4518 1813
4518 6140
4518 2578
4518 280
4518 5519
4518 6872
2169 4110
2169 1019
2169 3066
2169 3068
2169 984
5126 6361
5126 1957
4850 4791
4850 895
4850 4959
3285 535
3285 6427
3285 4837
3285 6518
3285 4660
3285 5039
3285 303
3285 3293
3285 5776
3285 5521
3285 5695
5555 854
5555 2044
5555 3856
5555 4034
192 5690
192 1400
192 1333
192 1904
192 3286
192 2896
192 6408
192 5665
192 5416
192 16
192 701
192 1248
192 6256
192 6251
192 5797
192 1808
192 3874
192 2131
192 4022
192 1258
192 565
4910 2870
4910 479
4910 3302
4910 2194
4910 3089
3595 3507
3595 1598
3595 4536
3595 5056
3595 5386
3595 1952
3595 6801
3595 3944
3595 1240
6371 1641
6371 2339
2067 3523
2067 3136
2791 1173
2791 4131
2791 1885
2791 5784
2791 1258
2791 6890
2150 4410
2150 3142
2150 5150
2150 957
2150 2970
5953 2972
5953 1026
5953 5808
2557 5857
2557 5680
2557 4820
2557 672
2557 6809
2557 1924
2557 2020
2557 4295
2557 3148
2557 7053
2557 1583
2557 6541
2557 7050
2557 5876
2557 1677
2557 3287
2557 3045
2557 4953
2557 750
2557 1085
2557 1754
2557 6703
6824 4122
6824 4123
6824 6716
6824 2739
6824 1940
6824 5884
4685 5486
4685 71
4685 2063
4685 3784
4685 3717
4685 5313
212 1825
212 284
2847 4370
2847 2577
2847 5319
2847 2225
2847 5712
2847 2351
2847 6665
2847 6187
2847 692
2847 3544
2847 3708
2847 4846
2847 5214
2847 6458
2847 2003
2847 774
2847 64
2847 7007
2847 5117
2847 2107
1803 3721
1803 6349
1803 1732
1803 2083
1803 5803
1803 1275
1803 17
1803 4997
1803 6639
1803 419
1803 6185
6846 5042
6846 2847
6846 4504
6846 3329
6846 7175
6846 5182
6846 1640
6846 4596
6846 3302
6846 691
6846 24
6846 398
6846 1690
6846 925
6846 1957
3846 5486
3846 1624
3846 5470
3846 524
3846 6511
3846 5996
3846 6271
3846 5757
3846 6792
1360 5683
1360 2974
1360 1449
1360 4608
5278 5994
5278 3752
5278 4725
5278 6051
5278 3068
5278 431
3076 4108
6908 5642
6908 2660
6908 4925
6908 4837
6908 7123
6908 3948
6908 5973
6908 2732
6908 3146
6908 2112
6908 136
6908 1669
6908 1582
6908 94
6908 2890
1359 5407
1359 4300
1681 715
1681 6464
1681 3234
1681 4966
1681 5314
1852 5497
1852 2638
1852 5218
1852 4858
1852 860
1852 4421
1852 4450
5566 5482
5566 3109
5566 1036
5566 1206
3843 6278
3843 522
3843 1408
3843 570
4673 5293
4673 5450
4673 6394
4673 532
4673 5468
6776 165
3698 1662
3698 3219
3698 5914
3698 1506
3698 540
4567 141
4567 992
4567 1905
4567 4770
4567 2044
4567 6110
4567 327
4567 6818
3904 5535
3904 4645
3904 2085
3904 4016
3904 16
3904 3368
3904 5117
3904 565
1842 4821
2824 5555
2824 10
2824 4189
2824 1833
2824 854
2824 1026
2824 1452
2824 5990
2824 447
2824 3856
2824 1635
2824 1910
6946 2752
6946 4017
6946 5665
6946 4075
6946 6734
6946 5356
6946 4691
6946 1679
6946 2131
6946 391
6946 4996
6946 6995
4336 524
4336 3403
4336 1153
4621 5368
4621 1924
4621 4460
5711 111
5711 6257
5711 1970
5711 1636
5711 6917
5711 4198
5711 3837
5711 150
4006 1066
4006 1437
4006 6142
4006 59
4006 1010
4006 1275
4006 1132
4006 5122
4006 3756
4006 6443
4006 5601
4006 3708
4006 2112
4006 6244
4006 6936
4006 2784
4006 7071
1971 5914
1971 6757
6689 855
6689 1681
6689 6464
6689 4966
6885 6347
6885 5859
6885 3589
6885 3965
6885 4189
6885 7038
6885 1156
6885 1026
6885 5524
6885 947
6885 2239
6885 5487
6885 1635
6885 1252
6885 4099
6885 677
5914 1083
5914 1088
5914 3219
5914 7111
5914 2053
5914 2675
5914 891
5914 671
5914 2672
5914 7104
5914 2073
5914 7095
5914 4913
5914 1845
5914 5061
5914 2622
5914 1876
190 1978
781 179
781 5504
781 112
781 6142
781 3146
781 6024
781 1273
781 3797
781 3007
781 4821
1809 5411
1809 80
1809 3757
1809 895
1809 3174
1809 3068
3607 4196
3607 4426
3607 3663
3607 5755
5578 1272
5578 5244
5578 3399
5578 6040
2053 463
2053 5914
2053 2044
2053 2740
2053 3856
2053 1845
2053 3028
2053 5009
6396 2106
6396 2610
6396 325
6396 4126
6396 188
6396 6992
6396 3939
6396 3927
6396 2400
2525 1030
2525 4757
2650 2051
3345 6933
3345 3390
3345 2732
3345 887
3345 5398
3345 2739
3345 6177
4888 116
4888 6259
4888 3110
4888 1145
5671 2810
5671 182
6220 6838
6220 1070
6220 6129
6220 5080
3216 4670
992 5269
992 2567
992 6777
992 1630
992 2339
992 210
992 6489
992 7165
992 4824
992 4913
992 6274
992 356
992 2737
992 5243
992 5667
992 5417
5424 3937
5424 4533
5424 2605
5424 3246
5424 5769
5424 3793
5424 5631
2416 892
2416 5117
6073 1183
6073 1711
6073 3190
4025 3947
4025 3410
4025 1702
4025 5158
4025 285
4025 4161
3979 3808
3979 4878
3979 6240
3979 1601
5987 699
5987 4420
5987 3484
738 5094
738 3414
738 640
738 49
738 6554
738 4374
738 4839
738 2066
738 2034
738 3725
738 1926
738 171
738 5302
738 836
738 4389
738 5216
738 2629
738 6947
738 5378
738 3043
738 1025
738 1095
738 5198
738 6531
738 3696
738 3510
738 2869
4977 6668
4977 2803
4977 4569
4977 1990
6682 3273
6682 3700
6682 7178
6682 7008
6682 6891
6682 4342
6682 3514
6682 3050
254 3881
254 6729
254 629
254 6789
254 4358
254 5784
254 6890
4769 7069
4769 4983
4769 2224
4769 4471
4769 2841
4769 6031
4769 4189
4769 4302
4769 931
4769 5524
4769 3514
231 7024
231 5806
231 979
231 2160
231 2387
231 3193
231 2736
231 1408
231 2428
231 6260
4252 3698
4252 6451
4252 3184
4252 4859
4252 540
46 1039
46 4088
46 1721
5069 5242
5069 535
5069 3655
5069 6636
5069 4709
5069 3129
5069 2356
5069 6132
5069 2444
5069 310
5069 3281
5069 3575
5069 6978
5069 5545
5069 6062
3138 1214
3138 1088
3138 6745
3138 5762
3138 110
3138 2622
201 6744
201 5535
201 1400
201 6562
201 3904
201 6655
201 6549
201 7005
201 187
201 6836
201 6590
201 5482
201 2685
201 4881
201 3984
201 5797
201 3874
201 3368
201 4359
201 5117
201 2176
201 1085
201 666
201 6995
201 2544
201 5346
2832 1
2832 7010
2832 3063
2832 1010
2832 4908
2832 2130
2832 873
2832 5199
2832 1273
2832 6088
2832 2821
54 4836
54 3768
54 1505
54 430
54 2468
54 5201
54 1825
54 6135
54 2157
54 6992
54 5500
54 4875
54 6051
54 1182
54 4334
54 2393
54 5392
54 5405
54 6909
54 284
54 3068
54 1438
3305 5547
3305 3172
3305 201
3305 4889
3305 4867
3305 1111
3305 6995
5723 4527
5723 1462
5723 691
6403 2025
6403 2293
1623 7107
1623 212
1623 222
1623 6553
1623 2578
1623 3294
1623 5519
1623 4147
6432 6909
1455 1088
1455 3913
1455 1889
1455 255
1455 5827
1455 1387
1455 5319
1455 4938
1455 3786
1455 2899
1455 5278
1455 6485
1455 2779
1455 3066
1455 1855
1455 6677
1455 808
1455 6187
1455 5302
1455 4305
1455 3544
1455 768
1455 6625
1455 5022
1455 3966
1455 5657
1455 6243
1455 4317
1455 3984
1455 2978
1455 2041
1455 6753
1455 2865
1455 2219
1455 950
1455 3371
1455 4068
1455 5667
1455 6696
1455 984
1455 7062
1455 1838
4617 6639
4617 6298
4617 6035
4617 1953
4617 3169
4345 3439
4345 5077
4706 1138
4706 4835
4706 3994
4706 6199
4706 634
4706 5617
5218 47
5218 3111
5218 2605
5218 5023
5218 2428
5218 167
4313 3190
5065 2603
5065 6176
5065 1494
5065 6317
5065 6549
5065 1650
5065 2429
5065 3116
5065 2709
5065 4897
5065 6256
5065 1206
5065 1675
5065 5647
5065 1701
5065 7057
5065 1380
5065 5909
5065 1688
5065 6748
2060 6694
2060 6838
2060 1070
2060 6511
2060 341
2060 2553
2060 1337
2060 5080
892 715
892 109
892 2973
892 1258
3111 3306
3111 5721
1316 2025
1316 2452
1316 4632
1316 4938
1316 5279
1316 2847
1316 2615
1316 2015
1316 3679
1316 3329
1316 1132
1316 103
1316 2545
1316 6428
1316 1617
1316 4530
1316 2293
1316 6753
1316 2219
1316 2368
1316 2587
1316 1502
1316 1280
6616 507
6616 3810
6616 5069
6616 6636
6616 6655
6616 3957
6616 2429
6616 2356
6616 1022
6616 4976
6616 1113
6616 4219
6616 1258
6616 4560
193 3991
193 605
193 99
193 3192
193 2834
918 1792
918 3554
5410 3406
5410 1199
5410 5711
5410 111
5410 3373
5410 1970
5410 1636
5410 2462
5410 4823
758 6092
758 4428
758 6349
758 1126
758 112
758 4617
758 6900
758 3683
3204 6961
3204 4001
3204 5996
3204 6792
4889 843
4889 18
4889 5498
4889 6996
4889 1976
4889 3894
4889 3568
4889 6995
3141 3044
3141 504
3141 6739
3141 2974
3141 7177
3141 750
3141 6269
3141 33
6858 6639
6858 2453
6858 3169
902 414
902 6883
902 4666
5389 1030
5389 3162
5389 1331
5389 4413
1581 3589
1581 3929
991 6365
991 5603
3470 5462
3470 6494
3470 6187
821 2185
821 4193
821 4006
821 1324
821 17
821 5298
821 5601
821 6830
821 5444
821 655
2004 3406
2004 111
2004 205
2004 1636
2004 6917
2004 4198
2004 6070
2004 2272
2004 2135
4504 4910
4504 3329
4504 1150
4504 5447
4504 3302
4504 2587
4504 1957
4491 4569
4398 6552
4398 3600
4398 5115
4398 4504
4398 3330
4398 3529
4398 1919
4398 722
4398 6511
4398 417
4398 4400
4398 24
4398 1690
3730 480
3730 3306
3730 1974
3730 4897
3730 1585
3730 1816
3730 5721
2524 18
2524 2025
2524 2902
2524 3761
2524 3568
2350 6918
5331 3595
5331 729
5331 3944
5331 3157
4858 3261
4858 2987
4858 6769
4858 763
4858 3730
4858 6579
4858 4598
4858 538
4858 1684
4858 3418
4858 3124
4858 3680
4858 3894
4858 3663
4858 5228
4858 1038
4858 69
4858 3221
4858 5211
4858 6260
4858 2009
1429 6741
1429 5265
1429 321
3584 3957
5491 1903
5491 1052
5491 4401
5491 1974
5491 4861
5491 1583
5491 5943
5491 4272
5491 4407
5491 2413
5491 5103
464 3526
464 2814
464 222
464 4569
464 237
4486 5700
4486 4938
4486 4839
4486 5178
4486 6794
4486 78
4486 5378
4486 2016
4486 6000
3972 899
3972 1166
3972 6691
3972 6777
3972 5531
3972 891
3972 1905
3972 1783
3972 5620
3972 615
3972 3928
3972 2044
3972 3926
3972 6951
3972 7042
3972 5734
2615 2225
2615 2522
2615 3093
2615 5865
2615 7115
2615 3849
2615 3125
4442 2700
4442 874
1409 4508
5457 5886
5457 5559
1146 4595
1146 4823
3862 2615
3862 6911
3862 740
3862 1132
3862 3025
3862 5216
3862 3790
3862 4149
3862 5681
3862 2600
3862 5989
3862 3486
14 2829
6809 43
6809 3442
6809 1677
6809 519
4457 443
6464 3736
6464 1641
6464 4559
6464 4848
6464 2607
6464 1296
6464 1528
2238 2888
2238 1240
6235 5750
6235 1617
6235 4530
6002 1126
6002 4888
6002 1324
6002 5394
6002 2220
6002 4731
5939 580
5939 5743
5939 2157
5939 5017
5939 3935
5939 5374
7072 1903
7072 3439
7072 5424
7072 5491
7072 6629
7072 559
7072 2609
7072 2842
7072 1583
7072 3334
7072 4272
7072 923
5328 6961
5328 1801
2642 6142
2642 6750
2642 2702
2642 1606
1994 3913
1994 6377
1994 6187
1994 5214
1994 1964
1994 3536
1994 806
6828 6209
6828 3172
6828 4889
6828 6377
6828 5281
6828 5150
6828 2003
6828 1644
5006 2811
5006 1909
5006 4972
5006 2524
5006 3708
5006 1363
5006 4317
5006 2041
5006 4963
5006 2194
2230 323
2230 571
2230 2044
3744 573
3744 3595
3744 5450
3744 2489
3744 7145
4218 6472
194 1125
4196 6029
4196 1782
4196 6169
4196 6245
4196 598
4196 446
4196 1641
4196 2566
4196 5914
4196 7112
4196 6911
4196 1493
4196 3960
4196 5686
4196 534
4196 1983
4196 6678
4196 5662
4196 1920
4196 2593
4196 723
4196 5018
4196 3790
4196 523
4196 5613
4196 4986
4196 5902
4196 668
4196 3658
4196 1727
4196 138
4196 774
4196 4511
4196 5989
4196 3275
4196 2884
4196 2736
4196 2211
4196 6909
4196 6680
4196 5009
4196 2379
4196 5544
2262 1099
2262 236
2262 6443
2262 6704
2262 5650
2262 2447
2262 1497
4955 5507
4955 4760
4955 3403
210 1083
210 463
210 992
210 469
210 397
210 4240
210 3934
210 6274
210 6032
210 3562
210 1345
6144 2254
49 6662
49 1333
49 1230
49 5809
49 171
49 1983
49 2093
49 5724
49 275
49 3663
49 68
49 2929
49 5905
49 4863
1587 6196
1587 7081
1587 6468
1587 1344
793 4193
793 2635
793 1556
793 5877
793 1495
793 4494
793 6912
939 6278
4150 5692
4150 1828
4150 5541
4150 927
4150 5158
4150 1328
4150 6468
2583 5511
2583 4490
2583 1562
2583 6768
2583 3520
2583 1530
824 4394
824 4016
824 3840
824 4584
824 113
5787 5411
5787 4541
5787 4938
5787 6608
5787 5425
5787 3884
5787 1500
5787 4667
5787 5426
5787 1765
5787 5057
5787 447
5787 4287
5787 4102
5787 925
5787 234
6779 2811
6779 855
6779 6464
6779 827
6779 7136
6779 1456
6779 5932
2663 6092
2663 4634
2663 5504
2663 2832
2663 1
2663 5122
2663 3756
2663 556
2663 5783
2663 2788
2663 3166
2663 4545
2663 64
2663 1675
2261 5750
2261 3097
2261 5866
885 58
885 296
885 6135
885 5902
885 2175
885 1074
885 6909
885 431
5714 4524
5714 6159
5714 6015
5714 5948
5714 2347
4028 2225
4028 2847
4028 2261
4028 5750
4028 6911
4028 6577
4028 2457
4299 6805
4299 3120
4299 4242
4299 5170
4299 1426
6158 2865
6158 703
6158 6088
6158 5005
2675 6282
2675 6338
2675 428
2675 2339
2675 5914
2675 6163
2675 4796
2675 7104
2675 2073
2675 4824
2675 7095
2675 4316
2675 2740
2675 2816
2675 2737
5186 4018
5186 4324
5186 2632
5186 6920
5186 3399
5186 6040
5186 6835
5186 6819
2412 2118
2412 3856
5889 1254
5889 6778
5889 5797
5889 4119
5889 4022
5889 4411
6359 3000
6359 1693
6359 5578
6359 4408
2472 5595
2472 6467
2472 2603
2472 6176
2472 1925
2472 4183
2472 3052
2472 5069
2472 3377
2472 4633
2472 1650
2472 1778
2472 5511
2472 2942
2472 506
2472 4490
2472 5482
2472 6657
2472 6256
2472 3281
2472 7015
2472 3771
2472 1206
2472 5647
2472 4501
2472 1816
2472 7057
2472 1688
4321 4242
4321 6135
4321 2429
4321 2356
4321 6005
4321 2687
4321 4989
5551 5310
263 6261
263 1619
5091 2909
6377 2404
6377 201
6377 49
6377 2068
6377 6494
6377 5482
6377 6458
6377 6948
6377 1085
6377 2010
6377 3672
6377 1028
6377 4219
6377 5405
162 58
162 6530
162 4072
162 6087
6364 5163
5104 4357
6636 1301
6636 5069
6636 1750
6636 1674
6636 2986
6636 621
6636 4581
6636 4768
6636 6971
6636 4863
6636 806
3729 299
3729 6667
3729 3427
3729 2599
6028 5019
6028 4666
6028 1604
6293 4820
6293 956
6293 6817
6293 2441
6293 5586
6293 4072
6293 1974
6293 1583
6293 4346
6293 3221
6293 815
6293 1408
6293 2514
6293 1075
2659 4888
2659 5601
5570 1867
1922 6278
1922 6778
1922 7171
350 3000
350 6847
350 2684
350 6893
350 3111
350 3246
350 538
350 5605
350 5023
350 3090
350 3957
350 1397
350 69
350 5742
350 145
350 6596
350 4411
350 2640
350 5219
6782 3124
956 1559
956 1217
956 2576
956 2777
956 6817
956 5972
956 2689
956 1911
956 316
956 1320
956 4346
956 6085
956 3100
956 4265
956 987
3390 6679
3390 5019
2015 2997
2015 5262
2015 1015
2015 764
2015 5865
2015 3357
2015 6911
2015 2023
2015 7047
2015 5216
2015 417
2015 1617
2015 4454
2015 5548
2015 1701
5761 6328
5761 4473
5761 7083
1147 4660
1147 1449
1147 3040
4396 4938
4396 3695
4396 1855
4396 2103
4396 3401
4396 5010
4396 1926
4396 5302
4396 78
4396 4305
4396 6947
4396 1528
4396 6243
4396 4317
4396 2556
4396 2978
4396 2293
4396 1465
4396 2865
4396 4092
4396 1321
4396 5169
4396 435
4396 2424
4396 984
3511 5238
3511 693
3511 5239
3511 4027
3511 5613
3511 2736
1935 2018
4311 3424
4311 1577
4311 6297
4311 902
4311 2071
4311 414
5062 754
5062 1952
5062 1240
5062 3157
3982 6666
3982 5192
3982 1648
6877 236
6877 2083
6877 6831
6877 5606
6877 3426
6877 3206
6877 1347
5811 3936
5811 422
4204 624
4204 682
3833 3784
3833 6008
3833 3427
3833 1768
3833 3563
3833 2602
5270 58
5270 5952
5270 4977
5270 2814
5270 4295
5270 6590
5270 3616
5270 4176
5270 358
5270 2139
5270 5729
5270 6463
5270 5519
5270 3001
5270 4147
5270 4136
6838 5955
6838 6933
6838 6781
6838 3440
6838 6220
6838 4398
6838 4028
6838 4311
6838 5467
6838 5120
6838 2071
6838 754
6838 3976
6838 1560
6838 3025
6838 5988
6838 5194
6838 1270
6838 6133
6838 1952
6838 5303
6838 5212
6838 2012
6838 6358
6838 4963
6838 5932
6838 3034
6838 4019
6838 983
6838 6607
6838 1005
5379 4289
5379 3145
5379 4188
5379 6438
5379 4242
5379 5837
5379 2171
5379 1495
5379 4872
5379 1575
5379 4989
5379 3499
2870 5042
2870 6517
2870 3679
2870 479
2870 1150
2870 5216
2870 4596
2870 61
2870 6115
2870 3271
2870 5548
2870 691
2870 398
2870 1690
2870 3089
2870 6894
111 349
1705 7110
1705 480
1705 2472
1705 1751
1705 2413
2968 740
2968 5989
2968 5268
2968 5564
2968 4823
1673 5022
1673 5214
1673 1964
1673 3536
1673 806
1673 2107
1773 2428
3392 5859
3087 1409
3087 424
4508 3047
4508 2800
4508 1938
4508 5881
4508 3319
4508 4515
6923 4363
3918 4471
3918 4537
3918 4349
3918 1733
4553 1586
4553 1172
4553 1811
10 1088
10 4189
10 3337
10 2816
6825 342
6825 5480
1157 4289
1157 5857
1157 1991
1157 4432
1157 2020
1157 3148
1157 7053
1157 4181
1157 6618
1157 1672
1157 4297
1157 6798
1157 5790
1157 4702
1157 5600
1160 5547
1160 115
1160 2325
1160 6562
1160 1870
1160 1522
1160 4182
1160 5745
1160 3989
1160 5482
1160 877
1160 4203
1160 682
1160 4407
1160 6995
1160 4932
1731 3913
1731 3695
1731 1455
1731 808
1731 3690
1731 5022
1731 1182
1731 1888
3679 4291
3679 3626
3679 1308
3679 5094
3679 5712
3679 6517
3679 2888
3679 2615
3679 6838
3679 2507
3679 3330
3679 1070
3679 6537
3679 5947
3679 3725
3679 704
3679 1560
3679 3273
3679 6018
3679 3708
3679 6361
3679 6280
3679 5334
3679 3271
3679 3378
3679 7153
3679 2368
3679 4963
3679 3343
3679 3089
1686 1199
5433 5453
5433 1003
2958 4281
2958 2254
2958 5605
2958 5686
2958 2354
2958 1808
2958 1074
2958 5005
3865 6616
3865 5769
3865 4411
3865 6062
3994 4471
3994 1138
3994 4706
3994 3159
3994 3067
4712 1783
4142 6777
4142 1078
4142 4104
4142 5664
4142 4651
4142 5588
4142 1876
2661 4894
2661 1147
2661 3144
5332 4152
5332 1925
5332 5065
5332 3232
5332 1408
5332 2413
5332 5909
469 826
469 463
469 323
469 2675
469 397
469 1783
469 4140
469 4986
469 7095
469 2044
469 3856
469 1845
469 4655
469 5243
6126 4198
4657 1423
4657 1037
4657 338
4657 3627
397 5994
397 6691
397 2675
397 1783
397 854
397 5363
397 119
397 2044
397 3856
397 5855
397 6051
397 1292
3329 5094
3329 479
3329 2114
3329 3164
3329 5216
3329 3708
3329 7153
3329 1158
5831 111
5782 1933
997 2756
7034 1570
7034 6804
7034 2638
7034 5218
7034 3511
7034 693
7034 4132
7034 3960
7034 6726
7034 4172
7034 4226
1222 5470
1222 6511
1222 1020
1222 6271
764 1855
764 722
764 3025
764 4990
764 64
764 4963
764 1675
764 2424
764 3988
2215 689
6579 3511
6579 5144
6579 860
6579 35
6579 1408
6579 4407
5709 3840
5709 538
5709 5698
5709 9
6346 4370
6346 1165
6346 1493
6346 3072
6346 6787
6346 6768
6346 5989
6346 1258
6346 2826
1024 3475
1024 1409
1024 3087
1024 5666
1024 1334
1024 1588
1024 5742
1024 145
1024 2952
4276 125
3346 3082
3965 4983
3965 3884
3965 2549
3965 3274
3965 3514
5814 1070
5814 3784
5814 6511
5814 518
5814 5080
6991 2951
6991 7034
6991 5338
6991 4364
6991 4027
6991 4849
6991 4226
6991 1708
6991 4842
5281 4948
5281 3305
5281 4816
5281 849
5281 1995
5533 4408
5533 401
5423 18
5423 5827
5423 4100
5423 3845
5423 3414
5423 6412
5423 845
5423 4035
5423 1981
5423 5503
5423 4623
5423 2066
5423 740
5423 2349
5423 4554
5423 5334
5423 4707
5423 1025
5423 4954
5423 4611
5423 2728
5423 3870
5423 4102
5423 3593
5423 2872
5423 3455
6031 4983
6031 5694
1494 3655
1494 4548
1494 1684
1494 3834
1494 3368
1494 2973
325 260
325 5362
325 2891
325 4193
325 6427
325 5110
325 54
325 793
325 580
325 5181
325 1822
325 1525
325 5109
325 5819
5893 58
5893 1536
5893 4329
5893 1277
5893 6135
5893 580
5893 5686
5893 4875
5893 3075
5893 5902
4035 1765
4035 356
737 381
1870 4592
1870 5065
1870 2472
1870 6256
1870 6596
1870 1408
1870 4407
6481 4770
6481 4104
6481 4651
6481 5061
6481 6110
2507 2025
2507 1316
2507 3679
2507 691
2507 24
1860 3290
1860 2007
3349 3683
3349 2202
3349 6642
3349 1136
3349 5129
3349 2054
3349 3212
4602 5462
4602 1994
4602 5741
4602 2865
4602 6223
4602 2720
4602 7062
4602 3218
4481 5017
4481 3339
4499 4289
4499 4452
4499 535
4499 4660
4499 6671
4499 484
4499 6195
4499 3011
4499 5819
2022 2466
2022 5753
2022 5711
2022 1686
2022 6257
2022 205
2022 1228
2022 1319
2022 2272
2022 1108
2022 2462
2167 2946
2167 6724
6485 5547
6485 18
6485 4100
6485 4110
6485 5278
6485 3357
6485 4698
6485 3650
6485 4907
6485 4454
6485 4317
6485 2865
6485 6051
6485 1838
299 4988
299 71
299 2233
299 5310
299 518
299 3343
299 5080
2031 869
2031 2982
3435 6338
3435 4254
3435 2566
3435 6481
3435 6163
3435 4651
5396 66
5396 6716
5396 6894
5534 3913
5534 1070
5534 2530
5534 619
5534 6511
5534 2851
5534 2301
5534 5194
5534 5490
5534 3875
5534 5843
5534 2861
3550 80
3550 4938
3550 3757
3550 3174
3115 454
3115 4414
3115 166
3115 6087
5153 5503
5338 2152
5338 3511
5338 4132
5338 3960
5338 5023
5338 5613
5338 2211
5338 2009
4709 2540
4709 2431
4709 3052
4709 4309
4709 6549
4709 4490
4709 4897
4709 5370
4709 2393
4709 1085
4709 1253
4709 5695
2083 1803
2083 551
2083 6070
2083 3421
1969 1088
1969 4471
1969 854
1969 119
1969 3856
4014 4054
382 388
382 5645
382 5408
6993 6976
6993 6149
6993 2182
6993 484
6993 1926
6993 669
6993 2927
6993 6978
6993 1065
6993 1369
6993 1449
4991 2474
4991 3635
4991 3980
4991 3577
4991 3245
4991 4534
4991 5965
4991 5151
4991 290
4991 3437
2013 5049
2013 1455
2592 5633
2592 58
2592 3404
2592 6245
2592 1128
2592 5174
2592 3883
2592 5902
2592 607
2592 3858
2592 7077
2592 6909
2592 4468
2592 2209
2592 4560
4831 2254
4831 5665
4831 4263
4831 4691
4831 3003
4831 4179
1389 3110
1389 1273
782 1828
782 4977
782 1825
782 5860
782 5541
782 1034
782 2139
782 5158
782 839
782 2506
782 6326
782 1328
782 6463
782 6468
782 4403
1518 5642
1518 6878
1518 4916
1518 4326
1518 3290
1518 5508
1518 4477
494 4028
181 1271
2241 846
1906 4928
680 3299
680 5094
680 640
680 4024
680 6554
680 3528
680 3725
680 836
680 4040
680 5426
680 3705
680 2119
5317 3698
5317 2946
5317 1506
3459 1559
3459 6505
3459 6543
3459 1479
3459 1320
3459 3100
4533 47
4533 6278
4533 6958
4533 6655
4533 538
4533 5605
4533 1856
4533 5093
4533 1684
4533 453
4533 4727
4533 69
4533 4119
4533 5236
4533 570
4533 967
4533 5346
4533 4729
3377 282
3377 7110
3377 4152
3377 4739
3377 5065
3377 454
3377 1930
3377 2068
3377 538
3377 3116
3377 4464
3377 1622
3377 5903
3377 2413
996 4396
996 4832
996 5197
996 4852
996 6442
996 4900
5720 2811
5720 5115
5720 1030
5720 4972
5720 4028
5720 4311
5720 3330
5720 3134
5720 2071
5720 3234
5720 7047
5720 767
5720 6599
5720 6437
5720 5303
5720 5681
5720 1592
5720 4358
5720 5932
5720 6300
5720 2255
5720 2516
5720 3735
458 143
458 672
458 506
458 3011
458 1495
458 4181
458 6618
458 4297
458 5790
1364 5283
1364 899
1364 6338
1364 3972
1364 891
1364 2468
1364 445
1364 4986
1364 3928
1364 1183
1364 7042
1364 4695
2576 1854
2576 4346
3848 2466
3848 205
3848 4577
5352 1160
5352 3167
5352 4203
3540 80
3540 1586
1 5642
1 6518
1 6142
1 6824
1 6729
1 3948
1 2732
1 3708
1 4841
1 136
1 3290
1 1582
1 94
1 3875
1 770
891 1083
891 5269
891 6282
891 2052
891 2339
891 3972
891 5893
891 3723
891 4796
891 3183
891 5948
891 7104
891 4824
891 2740
891 2989
891 5009
3330 4873
3330 2049
3330 4837
3330 2847
3330 892
3330 5570
3330 3390
3330 2241
3330 5120
3330 5750
3330 1919
3330 2530
3330 5947
3330 338
3330 312
3330 1560
3330 7047
3330 827
3330 7136
3330 6093
3330 1645
3330 1120
3330 3674
3330 5309
3330 7023
3330 2475
3330 5866
3330 770
3330 5626
3330 2861
3330 4019
3330 1258
3330 1005
294 4858
5471 282
5471 2998
5471 1474
5471 6135
5471 5170
5471 5545
693 3209
3822 5042
3822 2114
3822 4935
1195 1748
1195 886
1195 1286
1195 5855
1195 6240
1195 2119
5557 3589
5557 6364
5557 4390
5557 5487
5557 655
4668 2897
4668 6472
4668 6234
1941 5994
1941 6754
1941 685
1941 7131
7142 1174
7142 3972
7142 4142
7142 6481
7142 4506
7142 3284
7142 7108
7142 7042
7142 4612
1260 6297
1260 1604
3723 2567
3723 2339
3723 891
3723 378
3723 6051
3723 1000
6201 241
6201 3415
6201 5512
6201 5827
6201 6169
6201 598
6201 4938
6201 1455
6201 3252
6201 4839
6201 5178
6201 5809
6201 6794
6201 5482
6201 5359
6201 3098
6201 7117
6201 523
6201 4355
6201 4881
6201 3874
6201 4082
6201 6051
6201 3221
6201 1408
6201 4911
6201 1601
857 2997
857 2496
857 1316
857 6952
857 784
857 15
857 1077
857 24
857 1690
857 6391
4867 6209
4867 4948
4867 1789
4867 4592
4867 3172
4867 6562
4867 934
4867 5482
4867 4369
4867 4911
4867 2981
4867 163
2779 3990
2779 255
2779 6414
2779 4100
2779 1333
2779 7016
2779 4938
2779 4410
2779 2499
2779 2615
2779 3429
2779 2986
2779 3072
2779 3544
2779 2440
2779 1296
2779 859
2779 1528
2779 3790
2779 3468
2779 3984
2779 6978
2779 2865
2779 1964
2779 6240
2779 2720
2779 5573
2779 5169
2779 2667
2779 3068
3289 5547
3289 106
3289 6418
5467 814
5492 4399
5492 2745
5492 2596
2977 4660
2977 1902
2977 3129
2977 6882
2977 2974
2977 6275
2977 3548
4257 4423
6167 843
6167 184
6167 1797
6167 5503
657 6164
1797 80
1797 5094
1797 3414
1797 4186
1797 6564
1797 4747
1797 2468
1797 7175
1797 2706
1797 3725
1797 836
1797 5724
1797 5216
1797 5799
1797 4040
1797 61
1797 417
1797 1025
1797 1727
1797 6531
1756 1808
1756 4951
1725 4394
1725 1641
1725 201
1725 6655
1725 1778
1725 6135
1725 453
1725 1485
1725 6086
1725 4092
1725 4094
1725 2393
1725 1085
1725 5405
1725 163
3055 872
3055 4152
3055 5368
3055 4845
3055 6671
3055 6542
3055 6135
3055 1974
3055 1751
3055 3910
3055 4759
3055 3281
3055 6945
3055 1907
3055 6138
3055 3319
3055 3012
3055 4407
3055 936
3055 5644
3055 148
6513 241
6513 4251
6513 2616
6513 2867
6513 3658
6513 4511
6513 1484
6605 143
6605 2399
6605 4433
6605 273
6605 4861
6605 166
1750 3006
1750 2474
1750 2788
1750 5220
6586 3755
6317 5547
6317 4308
6317 3415
6317 6169
6317 543
6317 4938
6317 2899
6317 4747
6317 3252
6317 5178
6317 5482
6317 3098
6317 5071
6317 5378
6317 954
6317 5741
6317 4082
6317 4511
6317 174
6317 666
6317 6995
1407 5712
1072 1970
2777 388
2777 6817
2777 5645
2777 4261
2777 316
2589 6092
2589 1676
2589 6933
2589 4356
2589 2474
2589 2744
2589 1010
2589 261
2589 5830
2589 555
2589 6487
2589 1005
3776 3736
3776 3000
3776 2577
3776 6377
3776 4548
3776 2685
3776 1865
3776 4092
3776 1329
2373 5886
5225 84
5225 429
5225 4542
5225 3973
5225 1043
4171 4960
4171 6467
4171 5379
4171 3573
4171 6671
4171 6135
4171 4109
4171 2156
4171 1658
4171 6945
4171 1907
4171 2175
4171 2864
5498 3195
5498 1928
5498 5712
5498 3379
5498 845
5498 6846
5498 7112
5498 450
5498 2114
5498 1919
5498 1150
5498 3164
5498 4554
5498 2430
5498 800
5498 649
5498 5334
5498 4935
5498 2677
5498 4707
5498 1841
5498 2298
5498 1968
5498 2728
5498 6304
5498 6211
5498 5544
7087 4339
7087 5710
7087 3157
2474 1212
2474 1
2474 2589
2474 261
2474 2927
2474 3577
2474 2885
2474 2788
2474 5220
2474 5785
4443 1354
4443 1562
4443 6185
6852 672
2812 5
2812 4357
2812 4131
2812 5720
2812 3708
2812 5886
2812 2702
2812 3661
2812 6789
2812 4828
2812 5123
2812 2475
2812 65
2812 2363
2812 128
2812 6300
2812 215
1149 1121
6215 74
6215 424
6215 5219
7157 342
1070 6552
1070 3913
1070 2811
1070 5756
1070 4972
1070 6220
1070 4398
1070 6533
1070 5534
1070 5467
1070 5120
1070 808
1070 2071
1070 6537
1070 1919
1070 6460
1070 3648
1070 5947
1070 3506
1070 814
1070 1560
1070 3025
1070 2301
1070 6599
1070 1617
1070 118
1070 5303
1070 4382
1070 5212
1070 39
1070 6358
1070 5932
1070 1867
3162 5507
3162 3976
3162 340
3162 6650
3162 6244
3162 4823
6602 4088
6602 1721
4647 3424
4647 6453
4647 3600
4647 5262
4647 4073
4647 199
4647 3204
4647 3833
4647 6838
4647 1070
4647 1566
4647 2683
4647 1560
4647 7047
4647 6511
4647 2301
4647 5442
4647 3563
4647 2475
2998 4170
6686 3406
6686 6637
6686 3589
6686 2850
6686 1970
6686 3767
6686 1098
6686 3620
4016 4645
4016 2085
4016 207
4016 1641
4016 4559
4016 1254
4016 4018
4016 16
4016 1684
4016 4584
4016 4724
4016 5741
4016 100
4016 3874
4016 4119
4016 1329
4016 4468
4016 5346
5413 6666
5413 2303
6581 4948
6581 255
6581 6377
6581 4848
6581 5150
6581 5459
6581 3916
6581 1111
6581 5951
6581 3335
6581 6851
6581 6829
6581 1995
6581 2010
6581 1028
6581 1644
6581 1258
6323 3906
6323 5575
6323 2086
6323 485
6323 6040
1042 6142
1042 2615
1042 1132
1042 556
1042 5653
1042 4666
1042 6244
1042 6394
1042 3007
4189 7069
4189 1281
4189 5300
4189 10
4189 3994
4189 5130
4189 3357
4189 634
4189 5661
4189 4680
4189 947
4189 3856
4189 7125
624 1641
624 531
624 4082
6665 2452
6665 1165
6665 2967
688 2086
688 4002
5705 1942
5705 2368
2954 5396
2954 5420
2954 5973
2954 916
2954 3247
2954 3674
3093 2522
3093 4863
3093 4560
3529 2225
3529 4972
3529 1042
3529 4024
3529 408
3529 1165
3529 1976
3529 704
3529 3146
3529 5799
3529 2430
3529 2112
3529 649
3529 4470
3529 925
3529 4821
2253 3401
2253 6947
2253 4954
2253 4420
2253 3510
3635 2474
3635 1474
3635 3245
3635 6435
5190 2775
5190 524
5190 1267
5190 5996
5190 2553
2304 84
2304 4893
5448 2525
5448 5720
5448 1331
5448 4198
5448 1616
1589 2574
6320 6900
6320 1136
6320 6843
6320 253
5174 41
5174 58
5174 4845
5174 5686
5174 55
5174 607
5174 2393
5174 1074
2549 3884
2549 7178
2549 575
2549 4342
2549 7125
4737 5711
4737 6888
4737 1363
4737 2591
1613 2905
1613 3525
1613 890
1613 6998
4126 7081
4126 2610
4126 496
4126 3416
4126 1344
1813 1571
1813 3878
1813 3442
1813 339
1262 6328
1262 4473
1262 5572
4625 3328
4625 3589
4625 6142
4625 6917
4625 4854
4625 3620
6392 3375
6392 2503
6392 4863
6392 1075
6395 2280
4188 355
4188 602
4188 1511
4188 5877
4188 5801
4188 5837
4188 6884
4188 5858
4188 774
4188 3849
4188 6117
4188 7022
4188 858
4188 3125
3719 5994
3719 2465
3719 5285
3719 4977
3719 6668
3719 2279
3719 4051
3719 2121
3719 2187
3719 6086
3719 3339
5415 1089
5415 58
5415 4152
5415 2540
5415 480
5415 1494
5415 6655
5415 3246
5415 4573
5415 2558
5415 3041
5415 3720
5415 5754
5415 2709
5415 6540
5415 3291
5415 5558
5415 6909
5415 5346
3936 2465
3317 3592
3317 2412
3317 1905
3317 2044
4406 2855
1902 6518
1902 3069
4939 236
4939 5803
4939 3976
4939 1890
4939 3426
4939 2771
4939 4531
1189 179
1189 5115
1189 1070
1189 814
1189 5194
1189 5696
1189 5303
1189 922
1189 3343
1189 5016
2767 1902
2767 3357
2767 5638
2767 1132
2767 3378
2767 774
2767 5989
2767 3007
2767 5585
2561 4660
2561 1354
2561 3011
2561 1796
2561 6910
2561 3268
2561 1575
3784 1222
3784 4615
3784 1768
3784 6171
3784 6589
3784 1020
3784 949
3784 6860
3784 2516
3784 3735
946 5098
946 3810
946 6518
946 1674
946 6940
946 2356
946 5012
946 2590
946 3069
946 2788
946 3883
946 6768
946 2187
946 5199
946 64
946 6088
946 1675
946 1663
946 5405
946 4404
4760 4955
4760 3403
4760 6918
1335 5456
454 6317
454 1930
454 1778
454 3098
454 2709
454 6657
454 3340
454 2393
454 2428
454 4219
454 6995
454 2826
6875 4007
4244 6917
2302 5979
5593 6583
5593 5530
3120 282
3120 5471
3120 2998
3120 5170
3120 3575
3120 1117
59 116
59 6142
59 2615
59 6002
59 1298
59 1118
59 4358
5865 3913
5865 2997
5865 1037
5865 1316
5865 2015
5865 4843
5865 4276
5865 5720
5865 6586
5865 5229
5865 6911
5865 2023
5865 3234
5865 6511
5865 3025
5865 730
5865 789
5865 2043
5865 691
5865 5989
5865 2475
5865 2861
5865 1280
405 2986
405 3894
405 6890
7048 4928
4633 5547
4633 4281
4633 2449
4633 1565
4633 4196
4633 2958
4633 4559
4633 4704
4633 7052
4633 3098
4633 35
4633 2129
4633 3894
4633 4945
4633 1074
4633 2364
2280 5507
2280 2652
736 4147
4024 2025
4024 1909
4024 3862
4024 7112
4024 2870
4024 3679
4024 3357
4024 5503
4024 1132
4024 3304
4024 3025
4024 5799
4024 3476
4024 4555
4024 417
4024 5334
4024 2293
4024 4438
4024 6753
4024 6589
4024 691
4024 6178
4024 1280
4024 3890
4024 5544
4024 4959
2182 3458
2182 3434
2182 7098
2182 6423
2182 6710
2182 5877
2182 812
2182 5220
2182 1544
2182 6978
2182 5199
2182 1677
2182 1369
2182 6088
2182 1061
2182 6435
1674 5098
1674 2449
1674 5069
1674 6464
1674 6197
1674 6132
1674 5012
1674 1495
1674 6832
1674 4283
1674 4863
1674 3755
1354 3567
1354 4604
1354 1212
1354 2635
1354 2180
1354 5496
1354 4257
1354 303
1354 5765
1354 3011
1354 1495
1354 5488
1354 2340
1354 4423
1354 3548
1354 2040
1354 898
1354 5819
2814 1116
2814 7107
2814 4977
2814 430
2814 1441
2814 6553
2814 3423
2814 2802
2814 3861
2814 1449
2814 284
1500 4541
1500 1765
6385 5914
6385 3184
6385 3482
7169 5721
6796 6197
6796 6071
6796 3072
6796 1296
6796 988
6796 4283
3286 4394
3286 1904
3286 6377
3286 2855
3286 6
3286 6408
3286 6901
3286 957
3286 6251
3286 4119
3286 5458
3286 3657
3286 2973
1078 3004
1078 2025
1078 4100
1078 184
1078 1928
1078 6317
1078 5287
1078 4865
1078 859
1078 6243
1078 3043
1078 1025
1078 1465
1078 4287
1078 4092
7098 1
7098 5039
7098 261
7098 2585
7098 2927
7098 2788
7098 1449
5253 5933
5253 1019
5253 6564
5253 6777
5253 2186
5253 4712
5253 3066
5253 4521
5253 3429
5253 968
5253 6448
5253 4928
5253 800
5253 820
5253 4907
5253 2978
5253 5198
5253 6531
5253 3510
5253 3068
2976 4492
2976 2303
2976 5192
4143 1066
4143 5280
4143 4006
4143 2832
4143 4387
4143 5396
4143 5638
4143 2744
4143 4458
4143 5973
4143 2471
4143 629
4143 1948
4143 5830
4143 976
4143 3247
4143 551
4143 1495
4143 3575
4143 5815
4143 3344
4143 105
4143 1677
4143 2608
4143 858
4143 3125
5962 398
5962 4959
5991 903
5991 3377
5991 4242
5991 3281
5991 3340
5991 3071
5991 4989
5991 101
5293 7123
5293 4311
5293 6729
5293 6394
5293 3620
5293 532
5293 5468
355 18
355 4925
355 5396
355 722
355 3025
355 6990
355 3378
355 6177
355 770
1891 3913
1891 6976
1891 4632
1891 4599
1891 2180
1891 6838
1891 2241
1891 1165
1891 808
1891 722
1891 6511
1891 887
1891 6093
1891 6990
1891 3674
1891 3627
1891 6177
1891 1005
2868 1066
2868 6878
2868 4006
2868 4936
2868 551
2868 5747
2868 3849
1924 5643
1924 4460
1924 1332
1924 6409
1781 4160
1781 1042
1781 5653
1781 4666
1781 6394
1781 532
430 3567
430 5350
430 675
430 4150
430 2814
430 2624
430 6471
430 1740
430 2614
430 3075
430 5294
430 3294
430 790
430 5776
6598 3661
1272 4308
1272 1570
1272 1387
1272 1400
1272 561
1272 1904
1272 2899
1272 1641
1272 350
1272 517
1272 3246
1272 4573
1272 2676
1272 7181
1272 5665
1272 4419
1272 1744
1272 155
1272 3834
1272 4340
1272 6357
1272 957
1272 4691
1272 6251
1272 2387
1272 5742
1272 4945
1272 2736
1272 6596
5627 1387
517 6408
517 877
3618 5953
3618 670
3618 775
7010 7123
7010 5394
7010 4841
7010 1544
7010 2220
2529 6934
2529 2152
2529 6278
2529 3286
2529 4808
2529 4548
2529 860
2529 1401
2529 3318
2529 5315
2529 3894
2529 3291
2529 3806
2529 1124
2529 5602
2529 4084
2529 6835
3121 2752
3121 2085
3121 1904
3121 1304
3121 1687
3121 6819
2221 3356
2221 5869
1566 6560
1566 3631
1566 2888
1566 340
1566 1768
1566 2528
1566 949
1566 3486
1566 1776
2247 4836
2247 561
2247 1418
2247 5743
2247 5500
2247 358
2247 4041
2247 5125
2247 750
2247 6909
2247 4684
4848 5994
4848 241
4848 6169
4848 1641
4848 6882
4848 3340
4848 5078
1930 3768
1930 480
1930 1565
1930 3232
1930 1778
1930 4548
1930 2157
1930 7063
1930 2019
1930 4297
1930 6301
1930 3368
1930 1085
1930 1816
3517 71
3517 5328
3517 3724
3517 3683
3517 4339
3517 1136
3517 4009
5840 5163
5840 1030
5840 6917
5840 4390
5840 5487
5840 822
1539 5886
3381 621
3381 5741
3381 5133
3381 2134
3381 4505
965 4142
965 6481
965 7142
965 2161
965 3928
965 6951
965 6110
617 58
617 4473
617 5572
6745 2246
1598 1136
1598 5129
1598 4009
1598 4228
1598 3251
4225 18
4225 80
4225 2524
4225 6911
4225 5503
4225 3832
4225 3486
4225 5342
2468 2465
2468 3538
2468 4196
2468 6071
2468 2942
2468 3192
2468 1528
2468 4875
2468 1845
2664 3321
2664 3554
2664 4305
5130 2277
1535 2488
1535 6423
1535 2843
3155 6094
3155 2354
1827 6159
1827 6015
5120 6552
5120 4398
5120 6838
5120 5442
5120 7153
5120 4019
5120 4588
6629 1903
6629 6541
5068 6666
2147 3991
2147 6828
2147 6377
2147 6581
2147 5935
2147 5951
2147 6829
2068 4452
2068 535
2068 2465
2068 6518
2068 2592
2068 3377
2068 946
2068 6775
2068 2018
2068 6725
2068 6882
2068 3281
2068 563
2068 5358
2068 1663
2068 4468
2068 3263
2068 1438
6096 843
6096 6169
6096 5049
6096 2615
6096 764
6096 6911
6096 2103
6096 1132
6096 3790
6096 774
6096 796
6096 5989
6096 6680
6096 1701
1403 5300
1403 3918
1403 2972
1403 4108
1403 575
1403 775
1403 5808
1203 347
1203 570
1203 967
3461 299
3461 590
4364 2638
4364 538
4364 5613
4364 2736
4364 4407
7068 4356
7068 7101
7068 887
7068 5897
7068 1005
6322 2462
2008 5712
2008 3357
2008 995
2008 691
2008 3037
2008 2728
311 463
311 3482
1513 5368
3002 6847
3002 2991
3002 2387
3002 4059
2855 255
2855 2085
2855 6201
2855 3286
2855 2103
2855 4584
2855 1701
2793 6666
5974 2557
5974 43
5786 4837
5786 7123
5786 381
1425 7123
1425 6518
1425 3285
1425 6551
1425 5039
1425 436
1425 3766
1425 484
1425 976
1425 3025
1425 2691
1425 3674
1425 2418
1425 1544
1425 858
6671 5936
6671 3567
6671 5350
6671 3161
6671 1505
6671 430
6671 5743
6671 6676
6671 3430
6671 5181
6671 3011
6671 593
6671 5348
6671 1569
6671 5294
6671 6326
6671 7176
6671 5693
6671 6463
6671 2565
6671 898
3522 6209
3522 4410
3522 4867
3522 1644
5430 4916
2337 2351
3357 19
3357 1403
3357 6066
3357 4292
3357 40
5834 6306
5834 6908
5834 1
5834 602
5834 3063
5834 3490
5834 6830
5834 1106
5834 3019
5834 3166
5834 873
5834 1940
5834 4328
5834 4622
5834 1770
1035 1361
1035 1647
2915 1051
2915 6425
2915 3136
5803 4939
5803 17
5803 1396
5803 921
5803 4033
34 725
34 5588
34 1876
34 6907
5638 153
5638 1622
5638 6910
5638 11
5638 2334
5638 4494
408 1563
408 3072
408 6428
408 5707
408 3599
408 4730
408 3040
408 6545
4583 4959
5420 282
5420 6259
5420 4527
5420 4925
5420 4215
5420 2225
5420 2180
5420 5148
5420 3862
5420 4007
5420 6799
5420 1948
5420 3980
5420 3072
5420 5730
5420 1728
5420 297
5420 24
5420 6894
5420 4404
3342 591
3342 680
3342 3528
3342 78
3342 4
3342 4489
3342 4954
3342 3510
3342 1059
3342 3562
3029 5613
3029 2211
3252 1611
3252 193
3252 3391
3252 2010
3252 492
445 397
2703 2496
2703 5042
2703 1919
2703 1077
4128 3262
4128 1962
4128 2782
3094 4471
3094 1043
2744 4370
2744 2351
2744 5801
2744 4305
2744 2691
2744 3708
2744 2112
2744 4990
2744 136
2744 5730
2744 64
2744 5585
2744 1838
4463 4858
5582 5680
5582 4759
6438 535
6438 2805
6438 5039
6438 6772
6438 484
6438 6005
6438 1449
6438 4989
4458 4387
4458 42
602 6092
602 6976
602 6050
602 2690
602 1010
602 3247
602 3340
602 555
602 3311
602 94
602 1822
602 1205
602 6499
602 1046
602 6487
602 4328
4309 3730
4309 5415
4309 1272
4309 2341
4309 3963
4309 6945
4309 3291
4309 5558
4309 1124
4930 2889
4930 3281
4930 6185
4930 4589
3063 1126
3063 7123
3063 1359
3063 6911
3063 6940
3063 887
3063 6093
3063 4990
3063 136
3063 3627
3063 6457
3063 5444
3063 6499
3063 1787
3063 3007
3063 2115
1488 3424
1488 4536
1488 5043
5927 3311
5927 1715
7175 18
7175 1909
7175 640
7175 5049
7175 2786
7175 2066
7175 1926
7175 5447
7175 5302
7175 4826
7175 649
7175 3790
7175 6589
7175 6894
7175 1701
6039 4430
5344 192
5344 5832
5344 35
5344 3894
5344 3663
5344 1808
5344 6851
5344 3396
5344 5477
5344 4279
5832 3260
600 2839
3659 368
3659 5152
3659 2754
2879 5192
1324 1141
1324 6976
1324 4634
1324 4428
1324 6149
1324 4888
1324 2832
1324 758
1324 6320
1324 1120
1324 3814
1324 655
1324 1953
2605 4031
2605 5758
2605 5424
2605 5605
2605 1397
2605 5219
2605 3309
2605 6254
5762 323
5762 1905
5762 191
5762 3170
5762 4913
5762 6375
5762 2044
5762 3856
5762 327
4375 7056
4375 6933
4375 405
4375 2430
4375 6597
769 1889
769 5049
769 5715
769 6846
769 591
769 2870
769 4024
769 6079
769 3696
769 3510
769 2119
769 1059
769 4892
769 3562
3948 6824
3948 1669
3948 5884
2748 5448
2748 4198
5806 2991
5806 2657
5806 1852
5806 5847
5806 4373
5806 457
5806 4079
5806 1253
6 6744
6 1400
6 3904
6 187
6 2685
6 5797
6 3874
6 4119
6 5117
6 6651
6 666
6 2544
6 565
4936 260
4936 5642
4936 5867
4936 6397
4936 2832
4936 4143
4936 3756
4936 17
4936 6905
4936 556
4936 6704
4936 4049
4936 6936
4936 4622
578 614
578 5787
578 3159
578 3612
578 1910
5798 7090
5798 4731
5798 3169
6489 4110
6489 6564
6489 1630
6489 1455
6489 1783
6489 3429
6489 4999
6489 4907
6489 984
6489 5734
2029 58
2029 5270
2029 1562
478 3653
478 5680
478 7162
478 1658
478 3611
478 1907
478 4903
478 3777
478 750
478 3433
478 1101
478 6087
5750 5115
5750 2261
5750 619
5750 1103
5750 3097
5750 6589
3840 3000
3840 5065
3840 2472
3840 1254
3840 1684
3840 6778
3840 4119
3840 1408
3840 4407
3840 4932
6494 1617
6494 6589
6494 3486
2862 6554
