5127 5075
5937 2991
1907 5077
7153 3648
2849 4410
2849 6201
924 5564
5206 4136
796 4959
473 3821
473 4321
1592 1428
3291 2205
1065 2818
7171 2449
7171 6514
7171 570
5487 3943
1328 430
5164 398
729 5886
5061 6818
1000 4316
590 6838
590 2553
64 5801
64 5585
1273 3247
4834 826
1321 4396
3505 4598
2553 6838
3399 1693
3399 5038
4088 6650
1677 4872
3132 5886
4342 575
2378 2553
5679 6251
145 5065
145 5219
1182 2973
1020 5955
1439 764
2755 1813
2755 1825
1293 3048
963 4598
6088 1575
5358 6652
2737 6051
1490 6347
2736 5806
2270 5900
2270 6851
871 5482
4400 4588
6183 4481
6183 5991
3343 7153
5028 5023
4222 6937
1339 171
1721 6650
1721 4823
443 691
6860 4360
607 2175
3086 5456
2027 3378
4753 7024
4753 4598
398 3845
398 925
1046 17
6058 723
3696 4396
4293 3549
4293 69
5843 2861
5395 1125
3510 6897
2952 3087
2952 1567
2952 424
3012 58
5588 4824
5588 7095
5588 6051
2989 4196
4213 3730
4213 509
4213 5211
3593 80
3593 1667
5169 6071
5667 5466
5667 3538
5667 4890
5667 6161
5757 5955
3734 383
1408 4196
1408 6995
1876 4410
1876 4824
1876 7095
459 6364
459 4823
1329 5347
1124 4863
2428 5605
1635 5400
1635 7062
4561 5886
3416 308
4595 3040
6040 5038
6036 2888
3899 6647
4817 325
4817 5603
4219 2444
570 967
1967 2007
5405 3185
5405 2068
3007 2615
4863 5069
3962 7117
4494 3125
1003 6584
2040 3147
29 3152
29 3589
811 5914
5790 4739
2516 4311
666 4505
4012 3520
4012 3001
2696 5710
967 4881
967 912
1223 2489
391 2254
3927 1740
3003 2254
3003 723
735 5664
735 3890
5721 2410
5721 283
677 1635
1497 374
5219 2781
4620 4360
5477 1808
5477 5200
4037 1488
5903 3011
5192 4823
4641 5886
3944 4339
3944 5886
1240 2888
1240 5886
1240 3943
6835 6295
6835 3221
3755 5830
3484 3651
3484 5498
3484 479
3484 4928
3484 6000
3484 1968
5710 5553
1957 5712
2379 811
3157 1488
3157 4339
6545 5151
3068 326
3068 5149
3068 3501
3068 3497
3068 1644
4199 6650
4199 4823
3480 374
2413 5547
2413 4704
2413 6062
2413 4932
4821 1655
1337 5814
1337 5886
5346 2205
5203 2254
5203 723
1264 5319
1264 6897
1264 2034
163 4867
163 4951
1438 574
431 6243
1999 4360
40 4928
40 5164
40 6529
40 1701
40 3514
984 2978
3260 1808
3260 5200
101 6149
101 1677
3339 5007
3339 750
3735 3628
5103 5864
2000 4394
148 3574
3125 1677
7443 7426
7443 7450
7443 7216
7443 7240
7443 7222
7443 7441
7443 7455
7443 7361
7443 7299
7443 7421
7443 7390
7443 7200
7443 7339
7443 7369
7203 7412
7203 7453
7203 7216
7203 7389
7203 7222
7203 7416
7203 7354
7203 7353
7203 7445
7203 7329
7203 7429
7293 7247
7381 7256
7381 7402
7244 7456
7244 7416
7244 7361
7244 7217
7244 7339
7255 7285
7255 7456
7255 7218
7255 7188
7255 7320
7255 7385
7255 7219
7255 7262
7255 7191
7255 7339
7196 7285
7196 7463
7196 7280
7196 7337
7196 7406
7196 7441
7196 7195
7196 7194
7196 7239
7196 7457
7196 7429
7277 7381
7277 7270
7277 7188
7277 7330
7277 7320
7277 7402
7304 7222
7304 7416
7285 7186
7285 7192
7318 7293
7318 7456
7318 7419
7318 7246
7318 7218
7318 7222
7318 7416
7318 7375
7318 7361
7318 7217
7318 7344
7318 7300
7318 7368
7318 7339
7438 7321
7438 7319
7438 7455
7438 7402
7438 7250
7438 7393
7438 7263
7235 7186
7235 7450
7235 7456
7235 7441
7235 7446
7235 7219
7190 7293
7190 7453
7190 7223
7190 7216
7190 7280
7190 7256
7190 7324
7190 7321
7190 7247
7190 7361
7190 7185
7190 7354
7190 7348
7190 7225
7190 7445
7190 7300
7373 7185
7412 7362
7412 7368
7412 7339
7383 7445
7383 7448
7398 7305
7398 7306
7398 7222
7398 7406
7398 7441
7398 7361
7398 7459
7398 7421
7309 7327
7395 7321
7395 7361
7364 7216
7364 7407
7186 7424
7186 7395
7186 7288
7186 7236
7186 7339
7333 7187
7333 7216
7333 7270
7333 7256
7333 7406
7333 7392
7333 7441
7333 7290
7333 7394
7333 7446
7333 7265
7333 7308
7333 7434
7333 7401
7223 7453
7223 7270
7223 7222
7223 7324
7223 7446
7223 7283
7223 7354
7223 7348
7223 7225
7223 7445
7223 7390
7223 7300
7209 7426
7209 7381
7209 7395
7209 7186
7209 7197
7209 7192
7209 7321
7209 7361
7209 7236
7209 7446
7209 7320
7209 7354
7209 7315
7209 7250
7209 7300
7209 7369
7249 7223
7249 7456
7249 7339
7376 7426
7376 7395
7376 7186
7376 7453
7376 7230
7376 7240
7376 7325
7376 7256
7376 7307
7376 7222
7376 7337
7376 7319
7376 7231
7376 7441
7376 7290
7376 7417
7376 7361
7376 7299
7376 7194
7376 7298
7376 7239
7376 7200
7376 7339
7376 7369
7376 7429
7303 7186
7303 7223
7303 7450
7303 7456
7303 7218
7303 7441
7303 7446
7303 7368
7350 7397
7350 7458
7410 7395
7410 7186
7410 7453
7410 7270
7410 7256
7410 7247
7410 7446
7410 7354
7410 7402
7316 7231
7316 7441
7316 7455
7316 7402
7316 7421
7316 7250
7316 7393
7316 7263
7465 7412
7465 7395
7465 7186
7465 7216
7465 7456
7465 7256
7465 7247
7465 7361
7465 7354
7465 7402
7465 7421
7465 7329
7465 7300
7465 7451
7465 7262
7465 7191
7465 7339
7198 7297
7227 7222
7227 7421
7288 7285
7288 7361
7288 7368
7288 7339
7408 7222
7408 7369
7269 7426
7269 7293
7269 7381
7269 7285
7269 7412
7269 7453
7269 7465
7269 7288
7269 7197
7269 7256
7269 7321
7269 7375
7269 7361
7269 7236
7269 7283
7269 7411
7269 7267
7269 7427
7269 7322
7269 7385
7269 7300
7269 7200
7269 7448
7251 7214
7336 7278
7336 7298
7336 7434
7336 7347
7336 7401
7314 7216
7314 7188
7314 7315
7314 7346
7314 7429
7332 7302
7332 7279
7332 7188
7332 7320
7332 7427
7332 7385
7332 7219
7332 7204
7332 7429
7212 7216
7212 7441
7212 7434
7212 7339
7212 7401
7212 7448
7287 7216
7287 7409
7371 7293
7371 7381
7371 7187
7371 7186
7371 7453
7371 7223
7371 7184
7371 7302
7371 7332
7371 7450
7371 7279
7371 7362
7371 7416
7371 7337
7371 7406
7371 7236
7371 7446
7371 7354
7371 7402
7371 7427
7371 7421
7371 7348
7371 7232
7371 7429
7371 7448
7452 7406
7452 7441
7452 7361
7452 7429
7437 7186
7437 7263
7437 7339
7450 7381
7450 7187
7450 7285
7450 7333
7450 7453
7450 7301
7450 7280
7450 7222
7450 7416
7450 7278
7450 7406
7450 7324
7450 7321
7450 7330
7450 7206
7450 7361
7450 7283
7450 7185
7450 7354
7450 7348
7450 7225
7450 7445
7450 7390
7450 7191
7450 7429
7450 7448
7447 7293
7447 7216
7447 7456
7447 7188
7447 7247
7447 7361
7447 7283
7447 7315
7447 7427
