3562 1059
987 1320
1274 3793
6801 1776
6526 2457
4641 890
4622 260
6374 2584
2209 55
2364 4559
2364 1148
2364 4863
842 5053
4900 2943
3103 3040
5081 5125
4300 6185
2205 5754
7057 1778
6087 1583
6087 3221
6835 3000
6835 3286
6835 4078
6835 155
6835 174
2872 1889
2872 4954
2872 2293
2872 5164
2872 3568
2845 6787
5585 4370
3755 2767
3755 4841
3780 6591
3780 5898
3484 5334
3484 4455
3484 3757
3484 1841
3484 6531
1770 1
1770 4300
5226 2752
3530 4908
1601 1379
1601 4082
1601 1537
1754 4863
1754 1816
1604 6244
6995 49
6995 6730
6995 5236
2643 430
2801 6843
6119 5905
6795 4536
4989 5991
5002 6650
2379 7111
2379 891
2188 3011
2188 4494
6027 459
3068 2150
3068 2779
3068 5627
3068 4826
3068 6929
3068 3984
3068 3378
3068 5905
3068 1339
3068 5587
3068 2358
4639 3916
3214 6591
3480 551
3480 4144
5404 5114
2743 3000
2413 538
2413 2129
2413 3281
2009 3221
519 2548
4821 4837
4821 6729
4821 2818
4821 2112
4144 1066
4144 2278
4144 4006
5600 5357
5600 5754
5695 7039
5695 5707
2544 5741
2544 4505
5346 4505
2908 6662
2908 6787
122 5886
6146 6111
6146 575
5203 4951
1264 1889
1264 4420
1978 187
5080 1891
5080 6511
5080 3875
2494 4737
1921 2206
1430 1230
163 4308
163 4082
163 709
163 4911
4147 5020
4147 4569
431 6071
431 1528
431 3984
1688 5093
1075 3375
1075 2503
40 2153
4959 843
984 3066
32 3908
4505 5741
4505 113
4505 5905
4505 1074
7062 3990
101 2936
3339 5786
3339 2279
3339 5693
3339 3857
3735 1864
3735 5983
3437 4281
6062 4559
3218 5462
6912 1495
6912 3125
495 349
495 3848
696 5310
1542 4959
4179 4951
4179 4279
339 2557
3125 4188
3125 5837
3125 3293
3125 5819
4220 5243
3169 5394
4136 6768
5785 535
5785 1449
4692 4394
4692 5900
4692 581
1345 1783
7426 7395
7426 7379
7426 7200
7426 7262
7426 7374
7426 7429
7443 7381
7443 7309
7443 7341
7443 7184
7443 7288
7443 7302
7443 7279
7443 7387
7443 7192
7443 7433
7443 7454
7443 7324
7443 7375
7443 7354
7443 7248
7443 7219
7443 7232
7203 7426
7203 7447
7203 7280
7203 7231
7203 7236
7203 7201
7203 7451
7203 7191
7203 7263
7203 7448
7424 7293
7424 7278
7424 7298
7424 7401
7293 7190
7293 7419
7381 7333
7381 7453
7381 7214
7381 7361
7381 7348
7244 7187
7244 7318
7244 7190
7244 7412
7244 7395
7244 7408
7244 7387
7244 7362
7244 7282
7244 7459
7244 7348
7244 7390
7244 7253
7244 7370
7244 7257
7255 7197
7255 7192
7255 7226
7255 7330
7255 7247
7255 7261
7255 7357
7255 7322
7255 7250
7255 7440
7255 7369
7196 7412
7196 7218
7196 7247
7196 7206
7196 7344
7196 7219
7196 7204
7196 7448
7187 7309
7187 7450
7187 7256
7187 7208
7187 7215
7187 7272
7187 7339
7187 7401
7277 7412
7277 7278
7277 7406
7277 7191
7277 7429
7304 7227
7304 7456
7304 7279
7304 7256
7304 7194
7304 7355
7304 7300
7304 7191
7304 7204
7285 7395
7285 7288
7285 7421
7318 7288
7318 7387
7318 7274
7318 7325
7318 7282
7318 7406
7318 7324
7318 7322
7318 7245
7318 7370
7318 7239
7318 7415
7318 7317
7438 7395
7438 7453
7438 7437
7438 7375
7438 7446
7438 7265
7438 7291
7438 7275
7438 7353
7438 7445
7438 7390
7235 7424
7235 7318
7235 7197
7235 7387
7235 7274
7235 7419
7235 7188
7235 7361
7235 7291
7235 7298
7235 7201
7235 7445
7235 7200
7235 7367
7235 7448
7190 7426
7190 7309
7190 7184
7190 7387
7190 7380
7190 7325
7190 7305
7190 7306
7190 7375
7190 7231
7190 7284
7190 7217
7190 7357
7190 7194
7190 7323
7190 7253
7373 7216
7373 7218
7373 7446
7373 7262
7373 7368
7373 7448
7193 7218
7193 7188
7193 7337
7193 7262
7412 7440
7383 7426
7383 7395
7383 7419
7383 7325
7383 7218
7383 7337
7383 7283
7383 7194
7383 7421
7383 7348
7383 7390
7383 7368
7383 7339
7383 7369
7383 7429
7383 7312
7398 7285
7398 7216
7398 7463
7398 7456
7398 7278
7398 7337
7398 7247
7398 7299
7398 7355
7398 7370
7398 7429
7309 7223
7309 7288
7309 7224
7309 7418
7309 7368
7309 7448
7395 7285
7395 7453
7395 7380
7395 7280
7395 7208
7395 7429
7395 7448
7364 7223
7364 7188
7364 7236
7364 7320
7364 7283
7364 7300
7186 7465
7186 7184
7186 7456
7186 7280
7186 7283
7186 7291
7186 7379
7186 7286
7186 7369
7333 7184
7333 7197
7333 7274
7333 7305
7333 7222
7333 7416
7333 7337
7333 7417
7333 7284
7333 7348
7333 7367
7453 7291
7453 7368
7223 7197
7223 7419
7223 7380
7223 7294
7223 7377
7223 7375
7223 7411
7223 7291
7223 7363
7223 7252
7223 7200
7223 7232
7209 7251
7209 7437
7209 7215
7209 7295
7209 7349
7249 7453
7249 7450
7249 7362
7249 7222
7249 7283
7249 7300
7376 7381
7376 7244
7376 7196
7376 7187
7376 7341
7376 7389
7376 7340
7376 7258
7376 7433
7376 7397
7376 7330
7376 7392
7376 7334
7376 7217
7376 7320
7376 7201
7376 7347
7376 7457
7376 7367
7376 7219
7376 7374
7341 7456
7341 7218
7341 7368
7341 7339
7420 7461
7303 7293
7303 7333
7303 7184
7303 7419
7303 7362
7303 7380
7303 7192
7303 7406
7303 7231
7303 7283
7303 7194
7303 7225
7303 7396
7410 7196
7410 7437
7410 7362
7410 7380
7410 7246
7410 7278
7410 7433
7410 7454
7410 7397
7410 7185
7410 7194
7410 7253
7410 7289
7410 7347
7410 7204
7316 7293
7316 7333
7316 7227
7316 7302
7316 7419
7316 7380
7316 7280
7316 7192
7316 7282
7316 7375
7316 7394
7316 7217
7316 7353
7316 7445
7316 7308
7316 7262
7316 7232
7316 7422
7465 7279
7465 7380
7465 7433
7465 7375
7465 7217
7465 7320
7465 7411
7465 7357
7465 7315
7198 7227
7198 7419
7198 7222
7198 7416
7198 7194
7198 7298
7227 7426
7227 7437
7227 7216
7227 7218
7227 7427
7288 7426
7288 7293
7288 7197
7288 7278
7288 7272
7288 7291
7288 7421
7288 7308
7288 7300
7288 7451
7302 7223
7302 7368
7408 7333
7408 7433
7408 7406
7408 7361
7408 7348
7408 7445
7408 7339
7269 7318
7269 7190
7269 7333
7269 7408
7269 7251
7269 7447
7269 7306
7269 7226
7269 7295
7269 7299
7269 7323
7269 7289
7269 7451
7269 7401
7251 7256
7251 7385
7251 7346
7336 7227
7336 7288
7336 7226
7336 7290
7336 7265
7336 7385
7336 7308
7336 7239
7314 7251
7314 7267
7314 7427
7314 7385
7314 7300
7314 7448
7332 7371
7332 7437
7332 7432
7332 7197
7332 7226
7332 7185
7332 7440
7212 7285
7212 7288
7212 7301
7212 7218
7212 7233
7212 7406
7212 7290
7212 7291
7212 7201
7212 7444
7287 7223
7287 7184
7287 7301
7287 7456
7287 7354
7287 7300
7371 7220
7371 7231
7371 7342
7371 7261
7371 7459
7371 7275
7371 7434
7371 7393
7371 7435
7452 7426
7452 7395
7452 7240
7452 7256
7452 7188
7452 7231
7452 7357
7452 7427
7452 7194
7452 7353
7452 7329
7452 7390
7437 7342
7437 7369
7450 7443
7450 7424
7450 7244
7450 7255
7450 7304
7450 7332
7450 7437
7450 7447
7450 7240
7450 7305
7450 7258
7450 7272
7450 7417
7450 7411
7450 7459
7450 7299
7450 7431
7450 7440
7450 7346
7450 7310
7447 7362
7447 7236
7447 7320
7432 7190
7432 7281
7432 7419
7432 7226
7432 7321
7432 7375
7432 7261
7432 7459
7432 7295
7432 7298
7432 7344
7432 7329
7432 7370
7432 7435
7460 7218
7301 7333
7301 7450
7301 7233
7301 7330
7301 7231
7301 7284
7301 7298
7234 7196
7234 7190
7234 7447
7234 7270
7234 7403
7234 7345
7234 7274
7234 7362
7234 7380
7234 7226
7234 7342
7234 7290
7234 7295
7216 7428
7216 7278
7216 7231
7216 7394
7216 7200
7216 7367
7216 7219
7216 7346
7216 7429
7270 7187
7270 7432
7270 7192
7270 7421
7270 7250
7197 7227
7197 7192
7197 7337
7197 7215
7197 7322
7197 7385
7197 7263
7197 7401
7403 7381
7403 7190
7403 7193
7403 7251
7403 7226
7403 7231
7403 7236
7403 7217
7403 7320
7403 7315
7403 7267
7403 7194
7403 7349
7403 7451
7403 7263
7345 7196
7345 7190
7345 7341
7345 7302
7345 7240
7345 7380
7345 7306
7345 7272
7345 7409
7345 7404
7345 7457
7463 7190
7463 7223
7463 7362
7463 7222
7463 7278
7463 7215
7463 7185
7463 7459
7463 7250
7463 7445
7456 7190
7456 7416
7389 7186
7389 7430
7389 7402
7279 7186
7279 7456
7279 7250
7279 7429
7387 7244
7387 7285
7387 7309
7387 7274
7387 7380
7387 7359
7387 7282
7387 7324
7387 7231
7387 7247
7387 7361
7387 7236
7387 7320
7387 7354
7387 7299
7387 7201
7387 7347
7387 7367
7387 7219
7387 7401
7387 7429
7387 7448
7281 7285
7281 7332
7281 7432
7281 7284
7281 7232
7274 7190
7274 7419
7274 7362
7274 7188
7274 7215
7274 7411
7240 7426
7240 7395
7240 7223
7240 7218
7419 7304
7419 7288
7419 7380
7419 7325
7419 7305
7419 7340
7419 7337
7419 7217
7419 7357
7419 7427
7419 7322
7419 7363
7419 7210
7419 7369
7362 7443
7362 7203
7362 7255
7362 7465
7362 7184
7362 7437
7362 7306
7362 7188
7362 7327
7362 7406
7362 7226
7362 7217
7362 7267
7362 7253
7362 7458
7362 7210
7362 7457
7380 7437
7380 7216
7380 7261
7380 7417
7380 7236
7380 7291
7380 7355
7380 7421
7380 7393
7280 7381
7280 7184
7280 7419
7280 7421
7325 7381
7325 7196
7325 7438
7325 7376
7325 7437
7325 7279
7325 7188
7325 7215
7325 7455
7325 7275
7325 7442
7325 7370
7325 7232
7325 7401
7359 7456
7359 7419
7359 7218
7359 7222
7359 7363
7359 7393
7359 7368
7326 7186
7326 7205
7326 7216
7326 7197
7326 7218
7326 7427
7326 7339
7386 7270
7386 7419
7386 7361
7386 7402
7386 7296
7256 7293
7256 7288
7256 7197
7256 7416
7256 7226
7256 7215
7256 7290
7256 7276
7256 7265
7256 7421
7256 7250
7256 7308
7256 7434
7256 7367
7256 7369
7294 7419
7294 7215
7294 7375
7294 7342
7294 7329
7294 7451
7399 7188
7224 7187
7224 7453
7224 7441
7224 7361
7377 7395
7377 7186
7377 7410
7377 7256
7377 7416
7377 7321
7377 7322
7377 7355
7377 7353
7305 7196
7305 7187
7305 7304
7305 7190
7305 7223
7305 7274
7305 7324
7305 7392
7305 7195
7305 7206
7305 7457
7305 7286
7305 7263
7305 7435
7246 7227
7246 7419
7246 7416
7246 7441
7246 7459
7246 7402
7246 7421
7246 7298
7246 7445
7246 7253
7246 7369
7378 7450
7378 7291
7378 7201
7378 7339
7306 7412
7306 7186
7306 7456
7306 7427
7306 7200
7292 7230
7292 7197
7292 7456
7292 7246
7292 7337
7292 7207
7292 7369
7292 7435
7307 7438
7307 7333
7307 7223
7307 7316
7307 7450
7307 7216
7307 7416
7307 7363
7307 7353
7307 7445
7307 7308
7307 7390
7307 7300
7307 7260
7307 7262
