7254 7400
7254 7455
7254 7402
7254 7421
7254 7250
7254 7393
7254 7263
7207 7293
7207 7218
7207 7222
7207 7283
7207 7421
7207 7300
7207 7368
7394 7227
7394 7408
7394 7216
7394 7256
7394 7246
7394 7406
7394 7446
7394 7402
7394 7421
7394 7250
7236 7186
7236 7441
7236 7298
7236 7367
7236 7429
7284 7381
7284 7184
7284 7279
7284 7219
7284 7368
7284 7232
7284 7204
7284 7429
7217 7395
7297 7246
7297 7448
7446 7321
7446 7339
7413 7193
7413 7403
7413 7222
7413 7416
7413 7436
7413 7207
7413 7267
7413 7445
7320 7216
7320 7188
7320 7402
7283 7416
7283 7247
7185 7293
7185 7318
7185 7333
7185 7465
7185 7184
7185 7227
7185 7279
7185 7419
7185 7325
7185 7222
7185 7454
7185 7324
7185 7375
7185 7206
7185 7394
7185 7217
7185 7320
7185 7283
7185 7354
7185 7402
7185 7194
7185 7421
7185 7363
7185 7344
7185 7201
7185 7348
7185 7353
7185 7225
7185 7385
7185 7253
7185 7434
7185 7300
7185 7263
7185 7204
7411 7218
7411 7247
7411 7283
7411 7421
7411 7368
7411 7339
7335 7293
7335 7255
7335 7186
7335 7453
7335 7223
7335 7184
7335 7227
7335 7279
7335 7188
7335 7416
7335 7337
7335 7406
7335 7354
7335 7427
7335 7421
7335 7348
7335 7385
7335 7347
7335 7232
7335 7429
7335 7448
7354 7223
7354 7247
7354 7283
7354 7300
7351 7247
7315 7216
7315 7188
7402 7443
7402 7285
7402 7230
7402 7240
7402 7380
7402 7218
7402 7188
7402 7222
7402 7416
7402 7337
7402 7282
7402 7417
7402 7361
7402 7320
7402 7459
7402 7299
7402 7194
7402 7355
7402 7298
7402 7348
7402 7200
7402 7368
7402 7263
7402 7369
7384 7186
7384 7227
7384 7463
7384 7280
7384 7222
7384 7416
7384 7459
7384 7344
7384 7239
7384 7191
7384 7263
7295 7186
7276 7187
7276 7186
7276 7216
7276 7446
7259 7381
7259 7256
7259 7214
7259 7320
7259 7315
7259 7322
7259 7346
7267 7184
7267 7416
7267 7445
7427 7186
7427 7192
7194 7285
7194 7186
7194 7463
7194 7280
7194 7222
7194 7416
7194 7337
7194 7406
7194 7384
7194 7291
7194 7445
7194 7200
7194 7429
7194 7448
7296 7426
7296 7306
7296 7222
7296 7406
7296 7459
7296 7421
7296 7298
7296 7431
7296 7369
7265 7426
7265 7187
7265 7395
7265 7288
7265 7408
7265 7240
7265 7222
7265 7441
7265 7417
7265 7459
7265 7402
7265 7299
7265 7250
7265 7239
7265 7393
7265 7263
7265 7369
7265 7448
7291 7187
7291 7218
7291 7368
7409 7216
7409 7206
7409 7368
7423 7216
7423 7218
7355 7389
7355 7441
7355 7361
7355 7402
7355 7353
7298 7216
7298 7256
7298 7246
7298 7321
7298 7448
7363 7187
7363 7318
7363 7412
7363 7186
7363 7223
7363 7216
7363 7419
7363 7362
7363 7256
7363 7246
7363 7222
7363 7416
7363 7406
7363 7397
7363 7375
7363 7217
7363 7185
7363 7354
7363 7427
7363 7344
7363 7257
7363 7263
7363 7448
7344 7361
7323 7192
7323 7361
7201 7381
7201 7186
7201 7371
7201 7216
7201 7240
7201 7218
7201 7188
7201 7416
7201 7337
7201 7320
7201 7357
7201 7250
7201 7385
7201 7200
7201 7262
7201 7232
7348 7218
7348 7192
7348 7430
7348 7365
7348 7441
7348 7247
7348 7361
7348 7413
7348 7283
7348 7402
7348 7421
7348 7464
7348 7448
7404 7381
7404 7216
7404 7214
7404 7315
7404 7385
7404 7451
7404 7346
7275 7187
7275 7190
7275 7395
7275 7186
7275 7453
7275 7216
7275 7280
7275 7354
7275 7291
7275 7300
7275 7448
7353 7339
7189 7288
7189 7197
7189 7256
7189 7218
7189 7441
7189 7320
7189 7382
7189 7322
7189 7404
7189 7367
7189 7448
7252 7187
7252 7285
7252 7186
7252 7302
7252 7216
7252 7456
7252 7279
7252 7240
7252 7218
7252 7188
7252 7192
7252 7320
7252 7427
7252 7219
7252 7262
7252 7368
7252 7204
7385 7402
7445 7339
7329 7270
7329 7315
7329 7402
7329 7346
7414 7426
7414 7408
7414 7266
7414 7297
7414 7312
7414 7448
7431 7426
7431 7306
7431 7406
7431 7441
7431 7361
7431 7459
7431 7421
7431 7298
7308 7448
7388 7255
7388 7285
7388 7227
7388 7432
7388 7456
7388 7279
7388 7218
7388 7239
7388 7262
7388 7191
7388 7232
7388 7204
7388 7448
7253 7426
7253 7456
7253 7419
7253 7306
7253 7222
7253 7406
7253 7321
7253 7441
7253 7446
7253 7339
7253 7448
7434 7187
7434 7186
7434 7216
7434 7256
7434 7446
7434 7308
7434 7401
7439 7216
7439 7188
7439 7214
7439 7385
7439 7451
7464 7293
7464 7218
7464 7188
7464 7283
7464 7315
7464 7421
7464 7300
7464 7451
7464 7367
7464 7262
7464 7368
7245 7246
7300 7375
7347 7381
7347 7184
7347 7188
7347 7278
7347 7330
7347 7401
7347 7448
7370 7222
7370 7416
7370 7429
7451 7216
7451 7188
7239 7395
7239 7250
7239 7349
7458 7186
7458 7303
7458 7456
7458 7218
7458 7418
7458 7402
7458 7200
7458 7339
7260 7187
7260 7186
7260 7456
7260 7330
7260 7441
7260 7361
7260 7320
7260 7385
7260 7368
7210 7412
7210 7223
7210 7419
7210 7218
7210 7416
7210 7321
7210 7217
7210 7446
7210 7445
7210 7262
7210 7368
7457 7285
7457 7186
7457 7227
7457 7408
7457 7246
7457 7222
7457 7416
7457 7337
7457 7247
7457 7291
7457 7445
7457 7191
7457 7263
7457 7448
7273 7381
7273 7395
7273 7184
7273 7301
7273 7270
7273 7233
7273 7330
7273 7446
7273 7298
7273 7339
7200 7272
7367 7186
7367 7184
7367 7456
7367 7218
7367 7416
7367 7361
7367 7446
7367 7445
7367 7262
7367 7368
7367 7339
7367 7429
7286 7218
7286 7416
7393 7426
7393 7230
7393 7256
7393 7222
7393 7441
7393 7361
7393 7402
7393 7348
7393 7239
7393 7263
7393 7339
7393 7369
7393 7429
7391 7266
7391 7312
7391 7448
7262 7223
7262 7362
7262 7416
7262 7283
7262 7354
7262 7445
7262 7300
7262 7368
7242 7347
7368 7283
7368 7445
7368 7339
7440 7293
7440 7187
7440 7277
7440 7395
7440 7186
7440 7184
7440 7288
7440 7302
7440 7450
7440 7240
7440 7294
7440 7188
7440 7222
7440 7416
7440 7337
7440 7406
7440 7361
7440 7236
7440 7446
7440 7320
7440 7357
7440 7354
7440 7402
7440 7427
7440 7421
7440 7323
7440 7225
7440 7385
7440 7347
7440 7200
7440 7429
7440 7448
7313 7266
7313 7448
7396 7216
7396 7270
7396 7197
7396 7274
7396 7256
7396 7192
7396 7278
7396 7337
7396 7406
7396 7397
7396 7215
7396 7321
7396 7231
7396 7200
7396 7367
7396 7191
7396 7339
7352 7227
7352 7408
7352 7459
7352 7421
7415 7445
7232 7429
7346 7216
7346 7214
7346 7385
7339 7190
7339 7412
7339 7186
7339 7223
7339 7288
7339 7456
7339 7274
7339 7380
7339 7306
7339 7222
7339 7208
7339 7337
7339 7406
7339 7324
7339 7247
7339 7185
7339 7402
7339 7427
7339 7353
7339 7200
7339 7429
7369 7429
7401 7187
