7410 7411
7410 7315
7410 7291
7410 7298
7410 7323
7410 7252
7410 7396
7410 7346
7410 7401
7410 7435
7316 7395
7316 7453
7316 7223
7316 7325
7316 7416
7316 7337
7316 7299
7316 7427
7316 7355
7316 7363
7316 7348
7316 7390
7316 7368
7316 7191
7465 7333
7465 7223
7465 7227
7465 7280
7465 7192
7465 7215
7465 7194
7465 7344
7465 7323
7465 7201
7465 7200
7465 7263
7465 7396
7465 7232
7465 7401
7198 7426
7198 7266
7198 7229
7198 7459
7198 7421
7198 7431
7198 7312
7227 7341
7227 7456
7227 7445
7227 7339
7227 7204
7227 7429
7288 7465
7288 7270
7288 7345
7288 7222
7288 7192
7288 7454
7288 7215
7288 7200
7288 7396
7288 7311
7302 7323
7408 7278
7408 7402
7408 7194
7269 7223
7269 7227
7269 7450
7269 7270
7269 7403
7269 7380
7269 7192
7269 7337
7269 7231
7269 7446
7269 7320
7269 7194
7269 7298
7269 7201
7269 7250
7269 7263
7269 7204
7269 7311
7251 7216
7251 7315
7251 7451
7336 7186
7336 7433
7336 7441
7336 7394
7336 7446
7336 7442
7314 7293
7314 7197
7314 7456
7314 7222
7314 7192
7314 7337
7314 7283
7314 7421
7314 7445
7314 7262
7314 7339
7332 7426
7332 7190
7332 7274
7332 7240
7332 7222
7332 7330
7332 7247
7332 7236
7332 7357
7332 7323
7332 7445
7332 7300
7332 7200
7332 7367
7332 7263
7212 7336
7212 7188
7212 7372
7212 7330
7212 7392
7212 7394
7212 7284
7212 7385
7212 7442
7212 7219
7212 7429
7230 7222
7371 7190
7371 7432
7371 7301
7371 7281
7371 7377
7371 7324
7371 7321
7371 7357
7371 7291
7371 7355
7371 7323
7371 7250
7371 7353
7371 7273
7371 7263
7371 7369
7371 7401
7452 7203
7452 7293
7452 7456
7452 7222
7452 7321
7452 7334
7452 7402
7452 7298
7452 7448
7328 7326
7437 7250
7450 7203
7450 7318
7450 7190
7450 7465
7450 7302
7450 7387
7450 7294
7450 7340
7450 7397
7450 7375
7450 7217
7450 7276
7450 7322
7450 7421
7450 7323
7450 7253
7450 7257
7450 7200
7450 7393
7450 7263
7450 7232
7447 7381
7447 7395
7447 7223
7447 7288
7447 7197
7447 7419
7447 7375
7447 7446
7447 7411
7447 7354
7447 7344
7447 7200
7447 7346
7447 7369
7432 7395
7432 7437
7432 7450
7432 7301
7432 7197
7432 7377
7432 7246
7432 7222
7432 7192
7432 7247
7432 7355
7432 7250
7432 7353
7432 7225
7432 7300
7432 7347
7432 7200
7432 7367
7432 7369
7301 7381
7301 7453
7301 7184
7301 7361
7301 7446
7301 7448
7234 7381
7234 7223
7234 7419
7234 7306
7234 7337
7234 7231
7234 7217
7234 7446
7234 7320
7234 7411
7234 7299
7234 7194
7234 7322
7234 7201
7234 7253
7234 7393
7234 7263
7234 7232
7234 7204
7234 7311
7216 7277
7216 7412
7216 7333
7216 7197
7216 7233
7216 7291
7216 7322
7216 7390
7216 7260
7216 7199
7270 7186
7270 7216
7270 7357
7270 7232
7197 7395
7197 7270
7197 7345
7197 7416
7197 7445
7197 7329
7197 7200
7197 7448
7403 7285
7403 7395
7403 7186
7403 7223
7403 7197
7403 7274
7403 7337
7403 7344
7403 7385
7403 7300
7345 7309
7345 7251
7345 7230
7345 7279
7345 7419
7345 7208
7345 7206
7345 7394
7345 7284
7345 7357
7345 7250
7345 7252
7345 7308
7345 7347
7345 7257
7463 7305
7463 7416
7463 7342
7463 7298
7463 7253
7463 7349
7389 7441
7389 7200
7389 7429
7279 7187
7279 7232
7279 7204
7387 7293
7387 7190
7387 7288
7387 7216
7387 7222
7387 7340
7387 7217
7387 7283
7387 7402
7387 7194
7387 7291
7387 7348
7387 7275
7387 7253
7387 7210
7387 7263
7387 7204
7281 7216
7281 7256
7281 7368
7274 7395
7240 7456
7240 7222
7240 7368
7240 7339
7419 7318
7419 7395
7419 7450
7419 7270
7419 7256
7419 7282
7419 7324
7419 7321
7419 7375
7419 7231
7419 7446
7419 7185
7419 7253
7419 7191
7419 7339
7419 7448
7362 7187
7362 7309
7362 7302
7362 7325
7362 7340
7362 7208
7362 7337
7362 7397
7362 7206
7362 7236
7362 7284
7362 7357
7362 7427
7362 7194
7362 7322
7362 7363
7362 7344
7362 7275
7362 7252
7362 7367
7362 7232
7362 7369
7362 7204
7380 7285
7380 7186
7380 7246
7380 7406
7380 7384
7380 7427
7380 7457
7380 7429
7280 7293
7280 7416
7280 7236
7280 7385
7325 7443
7325 7244
7325 7333
7325 7341
7325 7408
7325 7270
7325 7387
7325 7280
7325 7340
7325 7258
7325 7278
7325 7282
7325 7324
7325 7226
7325 7247
7325 7236
7325 7320
7325 7411
7325 7384
7325 7265
7325 7201
7325 7353
7325 7390
7325 7219
7359 7445
7359 7339
7326 7441
7326 7247
7326 7283
7326 7402
7326 7322
7326 7421
7326 7323
7326 7300
7326 7367
7326 7368
7326 7448
7386 7398
7386 7305
7386 7306
7386 7406
7386 7194
7386 7298
7386 7253
7386 7352
7256 7270
7256 7218
7256 7192
7256 7261
7256 7206
7256 7394
7256 7217
7256 7384
7256 7409
7256 7273
7256 7393
7256 7368
7256 7191
7294 7255
7294 7371
7294 7301
7294 7233
7294 7226
7294 7247
7294 7295
7294 7322
7294 7367
7294 7393
7224 7446
7224 7185
7377 7293
7377 7285
7377 7453
7377 7192
7377 7445
7305 7318
7305 7463
7305 7325
7305 7208
7305 7278
7305 7282
7305 7261
7305 7334
7305 7284
7305 7217
7305 7411
7305 7357
7305 7299
7305 7291
7305 7355
7305 7252
7305 7347
7305 7370
7305 7210
7305 7232
7305 7401
7246 7408
7246 7305
7246 7431
7218 7395
7218 7419
7218 7375
7218 7275
7378 7184
7378 7301
7378 7233
7378 7402
7306 7426
7306 7285
7306 7270
7306 7463
7306 7280
7306 7337
7306 7384
7306 7263
7306 7369
7306 7429
7292 7285
7292 7193
7292 7216
7292 7326
7292 7436
7292 7247
7292 7361
7292 7402
7292 7427
7292 7344
7292 7451
7292 7339
7292 7461
7292 7448
7307 7186
7307 7456
7307 7218
7307 7337
7307 7319
7307 7400
7307 7231
7307 7417
7307 7459
7307 7299
7307 7194
7307 7239
7307 7339
7307 7369
7188 7184
7188 7450
7188 7233
7188 7284
7188 7347
7222 7375
7213 7293
7213 7187
7213 7186
7213 7301
7213 7270
7213 7456
7213 7222
7213 7233
7213 7337
7213 7236
7213 7323
7213 7445
7213 7200
7213 7262
7213 7429
7214 7385
7428 7251
7428 7301
7428 7197
7428 7213
7428 7441
7428 7382
7428 7322
7428 7445
7428 7367
7418 7187
7418 7446
7340 7426
7340 7196
7340 7187
7340 7190
7340 7395
7340 7186
7340 7453
7340 7279
7340 7362
7340 7246
7340 7411
7340 7459
7340 7354
7340 7427
7340 7298
7340 7253
7340 7370
7340 7257
7340 7210
7340 7200
7340 7393
7340 7191
7340 7263
7258 7424
7258 7309
7258 7453
7258 7227
7258 7288
7258 7278
7258 7226
7258 7215
7258 7236
7258 7217
7258 7185
7258 7427
7258 7194
7258 7421
7258 7363
7258 7225
7258 7219
7258 7393
7258 7263
7462 7426
7462 7443
7462 7285
7462 7230
7462 7240
7462 7256
7462 7222
7462 7290
7462 7239
7462 7339
7268 7187
7268 7188
7268 7416
7268 7320
7268 7385
7416 7223
7416 7411
7192 7293
7192 7197
7192 7218
7192 7226
7192 7417
7192 7267
7192 7291
7192 7435
7278 7288
7278 7408
7278 7222
7278 7406
7278 7215
7278 7330
7278 7361
7278 7236
7278 7320
7278 7265
7278 7421
7278 7250
7278 7385
7278 7219
7278 7429
7436 7395
7436 7223
7436 7465
7436 7274
7436 7231
7436 7320
7436 7411
7436 7354
7436 7344
7436 7200
7233 7216
7430 7453
7430 7205
7430 7227
7430 7302
7430 7456
7430 7274
7430 7419
7430 7321
7430 7236
7430 7411
7430 7354
7430 7194
7430 7385
7430 7393
7430 7191
7365 7293
7365 7216
7365 7403
7365 7441
7365 7283
7365 7322
7365 7367
7365 7369
7337 7184
7337 7230
7337 7456
7337 7222
7337 7206
7337 7236
7337 7367
7337 7396
7337 7369
7433 7394
7433 7308
7433 7442
7433 7434
7282 7453
7282 7230
7282 7380
7282 7326
7282 7365
7282 7375
7282 7231
7282 7299
7282 7427
7282 7194
7282 7300
7282 7367
7425 7187
7425 7285
7425 7186
7425 7450
7425 7456
7425 7416
7425 7330
7425 7236
7425 7284
7425 7201
7425 7445
7425 7339
7406 7187
7406 7288
7406 7456
7406 7226
7406 7236
7406 7445
7406 7422
7220 7270
7220 7441
7454 7293
7454 7333
7454 7246
7454 7218
7454 7222
7454 7233
7454 7215
7454 7392
7454 7283
7454 7357
7454 7421
7454 7348
7454 7250
7454 7445
7454 7367
7324 7419
7324 7375
7324 7411
7358 7223
7358 7387
7358 7305
7358 7218
7358 7406
7358 7446
7358 7283
7358 7411
7358 7459
7358 7402
7358 7298
7358 7348
7358 7353
7358 7191
7358 7232
7226 7256
7226 7192
7226 7337
7226 7321
7226 7368
7372 7187
7372 7270
7372 7406
7372 7441
7372 7308
7397 7456
7397 7218
7397 7402
7356 7293
7356 7381
7356 7187
7356 7288
7356 7362
7356 7300
7215 7309
7215 7395
7215 7208
7215 7337
7215 7406
7215 7185
7215 7427
7215 7367
7272 7255
7272 7318
7272 7251
7272 7301
7272 7325
7272 7305
7272 7306
7272 7208
7272 7392
7272 7342
7272 7290
7272 7455
7272 7334
7272 7217
7272 7459
7272 7384
7272 7265
7272 7250
7272 7404
7272 7189
7272 7225
7272 7253
7272 7349
7272 7434
7272 7370
