4539 3560
6784 1818
6784 68
6784 6088
6784 2845
5405 4848
5405 4051
62 2732
3007 1273
4863 282
4863 1283
4863 3681
4589 3771
4019 5442
4019 7153
167 860
2040 2843
6680 446
974 3812
5790 3011
2196 6768
2516 2241
2516 1604
4892 5278
4982 3068
2591 349
2591 6091
5884 629
4407 4152
4407 3340
4407 1253
967 1085
4947 950
5267 6671
5267 5743
5037 3793
5559 1240
79 1230
6260 6847
4095 340
2514 1562
6894 3862
6894 5216
6894 925
1816 4739
1816 4508
1816 6945
1816 2864
1816 2393
1701 774
3908 4691
3908 1846
3908 4951
6818 992
936 7110
2505 6322
5009 463
5721 7110
2358 319
1497 6704
1575 6772
203 2789
203 5563
858 4841
5903 916
5903 6195
5903 3281
5903 1495
3562 2186
3562 78
987 2689
4641 2888
4641 2383
2209 58
4900 1206
3944 5710
1432 391
4300 1
4300 1273
898 837
2869 5503
2869 2293
6903 5022
6835 1687
2872 5411
2872 6897
2872 1586
2872 4420
2872 1968
2872 3510
2872 3514
2845 68
7071 1042
3484 5411
3484 5319
3484 6897
3484 1976
3484 1025
3484 3174
3484 3455
1601 1832
5200 6946
5200 1808
5710 5014
2973 282
2973 3916
3039 826
6435 6086
1604 902
1604 1493
1604 7155
1604 2516
1604 532
1769 5065
6995 589
5002 3848
2379 4655
6607 3875
3157 584
3157 5710
2188 3125
3068 18
3068 2615
3068 6096
3068 3357
3068 5503
3068 6071
3068 6243
3068 2849
3068 5438
3068 3668
3068 4863
3480 1066
3480 2278
3480 3849
2413 5806
2413 4450
2413 3221
2009 2413
5373 117
519 5593
4821 3708
4144 551
4144 3849
5600 1816
1337 2994
1337 814
2544 5797
283 2410
6285 5417
2843 6772
2908 3627
42 5973
6146 5712
6146 6115
6146 3514
5203 3908
1264 6000
3527 430
5080 6838
5080 3679
5819 4872
163 5547
163 1725
163 682
5808 3357
3649 459
431 2293
4823 5811
4823 422
4823 1661
40 6412
40 6066
984 4486
984 2667
4505 621
4505 2544
101 6799
101 3011
101 3486
3339 4051
3339 4875
3735 5394
3437 3072
3437 6301
6062 1113
495 3589
495 3620
495 4652
696 6142
696 6244
696 3628
1542 4928
256 4536
3125 5350
3125 2351
3125 3935
3125 6326
4136 2028
4136 6463
5785 6646
1838 7062
5734 1088
4692 3335
1345 5243
7426 7427
7443 7277
7443 7333
7443 7227
7443 7389
7443 7419
7443 7188
7443 7397
7443 7217
7443 7320
7443 7427
7443 7308
7443 7347
7443 7204
7203 7381
7203 7450
7203 7362
7203 7446
7424 7208
7424 7454
7424 7226
7424 7396
7293 7411
7381 7395
7381 7233
7381 7439
7381 7347
7381 7260
7244 7453
7244 7227
7244 7380
7244 7325
7244 7446
7244 7411
7244 7421
7244 7353
7244 7191
7244 7232
7244 7448
7255 7190
7255 7395
7255 7301
7255 7240
7255 7222
7255 7283
7255 7225
7255 7329
7196 7437
7196 7222
7196 7250
7196 7200
7187 7337
7187 7454
7187 7402
7187 7295
7187 7396
7187 7448
7277 7446
7277 7291
7277 7298
7277 7390
7277 7260
7304 7411
7304 7421
7304 7390
7285 7342
7285 7291
7285 7369
7318 7196
7318 7408
7318 7216
7318 7279
7318 7380
7318 7306
7318 7355
7318 7421
7318 7363
7318 7431
7318 7390
7318 7257
7318 7191
7318 7232
7438 7450
7438 7270
7438 7280
7438 7278
7438 7337
7438 7394
7438 7427
7438 7363
7438 7348
7438 7262
7438 7368
7438 7191
7438 7422
7235 7190
7235 7395
7235 7208
7235 7337
7235 7226
7235 7248
7235 7396
7235 7429
7190 7187
7190 7318
7190 7450
7190 7240
7190 7362
7190 7188
7190 7340
7190 7208
7190 7337
7190 7282
7190 7327
7190 7320
7190 7322
7190 7252
7190 7385
7190 7347
7190 7369
7190 7435
7373 7187
7373 7303
7373 7441
7193 7222
7193 7300
7193 7368
7412 7262
7383 7398
7383 7305
7383 7321
7383 7231
7383 7266
7383 7185
7383 7459
7383 7298
7398 7293
7398 7395
7398 7333
7398 7256
7398 7218
7398 7290
7398 7217
7398 7427
7398 7265
7398 7353
7398 7308
7398 7300
7398 7352
7398 7232
7309 7262
7395 7196
7395 7402
7395 7194
7364 7293
7186 7426
7186 7230
7186 7218
7186 7222
7186 7272
7186 7262
7333 7424
7333 7285
7333 7453
7333 7408
7333 7450
7333 7301
7333 7240
7333 7380
7333 7459
7333 7427
7333 7421
7333 7239
7333 7219
7333 7393
7333 7339
7333 7369
7453 7186
7223 7227
7223 7302
7223 7340
7223 7282
7223 7195
7223 7357
7223 7421
7223 7344
7223 7257
7223 7204
7209 7190
7209 7342
7209 7417
7209 7217
7249 7270
7249 7291
7376 7293
7376 7288
7376 7302
7376 7408
7376 7437
7376 7270
7376 7380
7376 7280
7376 7208
7376 7261
7376 7265
7376 7344
7376 7385
7376 7210
7376 7262
7376 7232
7376 7204
7303 7424
7303 7197
7303 7274
7303 7325
7303 7208
7303 7416
7303 7433
7303 7215
7303 7348
7303 7385
7303 7445
7303 7200
7350 7303
7410 7227
7410 7301
7410 7215
7410 7231
7410 7284
7410 7459
7410 7191
7410 7263
7316 7437
7316 7450
7316 7218
7316 7278
7316 7319
7316 7446
7316 7185
7316 7291
7465 7190
7465 7450
7465 7345
7465 7246
7465 7188
7465 7208
7465 7278
7465 7231
7465 7261
7465 7185
7465 7267
7465 7291
7465 7252
7465 7346
7184 7315
7184 7451
7198 7408
7198 7441
7227 7293
7227 7187
7227 7285
7227 7186
7227 7337
7227 7200
7227 7262
7288 7309
7288 7380
7288 7214
7288 7231
7288 7247
7288 7394
7288 7185
7288 7194
7288 7448
7302 7216
7408 7341
7408 7394
7408 7459
7408 7265
7269 7345
7269 7274
7269 7240
7269 7417
7269 7217
7251 7441
7251 7435
7336 7285
7336 7188
7336 7321
7336 7330
7336 7392
7336 7236
7336 7402
7336 7339
7314 7447
7314 7403
7314 7256
7314 7218
7314 7402
7314 7263
7314 7435
7332 7301
7332 7192
7332 7261
7332 7295
7332 7322
7332 7250
7332 7225
7332 7369
7212 7412
7212 7450
7212 7274
7212 7246
7212 7226
7212 7321
7212 7236
7212 7320
7212 7402
7212 7265
7212 7250
7212 7308
7212 7239
7230 7393
7287 7188
7287 7416
7287 7385
7371 7437
7371 7197
7371 7306
7371 7192
7371 7226
7371 7375
7371 7335
7371 7329
7371 7451
7452 7282
7452 7446
7452 7421
7452 7191
7452 7339
7437 7426
7437 7280
7437 7421
7437 7393
7450 7309
7450 7380
7450 7290
7450 7261
7450 7357
7450 7295
7450 7265
7450 7275
7447 7437
7447 7321
7447 7263
7432 7277
7432 7274
7432 7282
7432 7220
7432 7324
7432 7335
7432 7388
7460 7262
7301 7321
7301 7385
7301 7390
7301 7347
7301 7339
7234 7395
7234 7227
7234 7450
7234 7240
7234 7417
7234 7315
7234 7291
7234 7298
7216 7227
7216 7213
7216 7321
7216 7273
7270 7371
7270 7240
7270 7337
7197 7412
7197 7465
7197 7256
7197 7454
7197 7247
7197 7185
7197 7354
7197 7421
7197 7298
7197 7367
7197 7396
7403 7288
7403 7419
7403 7321
7403 7375
7403 7446
7403 7411
7403 7250
7403 7367
7403 7393
7403 7369
7345 7318
7345 7403
7345 7294
7345 7397
7345 7217
7345 7459
7345 7265
7345 7225
7345 7253
7345 7434
7345 7393
7463 7216
7463 7441
7463 7394
7463 7427
7463 7265
7463 7363
7456 7362
7279 7285
7279 7218
7279 7337
7279 7262
7279 7339
7387 7304
7387 7395
7387 7453
7387 7227
7387 7280
7387 7325
7387 7226
7387 7427
7387 7353
7387 7239
7281 7335
7281 7402
7281 7440
7281 7339
7240 7186
7240 7216
7240 7215
7240 7440
7240 7422
7419 7341
7419 7227
7419 7387
7419 7354
7419 7402
7419 7431
7362 7426
7362 7318
7362 7387
7362 7380
7362 7375
7362 7411
7362 7409
7362 7323
7362 7385
7362 7448
7380 7456
7380 7445
7380 7191
7280 7190
7280 7223
7280 7320
7280 7354
7280 7393
7325 7197
7325 7274
7325 7377
7325 7306
7325 7327
7325 7195
7325 7261
7325 7254
7325 7283
7325 7357
7325 7225
7325 7385
7325 7308
7325 7300
7325 7458
7325 7457
7325 7367
7359 7223
7359 7450
7326 7426
7326 7293
7326 7465
7326 7184
7326 7207
7326 7289
7326 7429
7386 7256
7386 7416
7386 7375
7386 7231
7386 7441
7386 7344
7386 7445
7386 7232
7386 7204
7256 7426
7256 7333
7256 7463
7256 7419
7256 7305
7256 7278
7256 7407
7256 7236
7256 7248
7256 7262
7256 7401
7294 7426
7294 7424
7294 7432
7294 7197
7294 7281
7294 7369
7399 7322
7399 7367
7399 7346
7224 7186
7224 7456
7224 7262
7224 7368
7377 7282
7377 7406
7377 7361
7377 7339
7305 7288
7305 7197
7305 7362
7305 7236
7305 7384
7305 7250
7305 7275
7305 7385
7305 7308
7305 7379
7305 7248
7305 7257
7305 7367
7305 7374
7246 7318
7246 7306
7246 7321
7218 7340
7218 7363
7378 7270
7378 7441
7378 7284
7378 7347
7306 7341
7306 7406
7306 7298
7306 7445
7306 7368
7292 7205
7292 7465
7292 7288
7292 7270
7292 7188
7292 7375
7292 7201
7292 7250
7292 7385
7292 7200
7292 7262
7292 7204
7307 7395
7307 7325
7307 7192
7307 7278
7307 7361
7307 7446
7307 7185
7307 7355
7307 7298
7307 7348
7307 7310
7307 7422
7188 7381
7188 7270
7188 7441
7188 7291
7188 7448
7222 7419
7222 7411
7222 7393
7213 7285
7213 7395
7213 7465
7213 7450
7213 7399
7213 7416
7213 7247
7213 7361
7213 7284
7213 7446
7213 7427
7213 7439
7213 7300
7428 7288
7428 7218
7428 7330
7340 7285
7340 7309
7340 7288
7340 7305
7340 7337
7340 7282
7340 7384
7340 7299
7340 7201
7340 7431
7340 7401
7258 7426
7258 7188
7258 7247
7258 7283
7258 7354
7258 7299
7258 7298
7258 7385
7258 7253
7258 7347
7258 7457
7258 7200
7258 7367
7258 7369
7258 7204
7462 7216
7462 7456
7462 7380
7462 7455
7462 7417
7462 7299
7268 7293
7268 7197
7268 7330
7268 7283
7416 7362
7192 7426
7192 7456
7192 7299
7192 7369
7278 7227
7278 7450
7278 7306
7278 7226
7278 7441
7278 7263
7436 7251
7436 7230
7436 7419
7436 7380
7436 7446
7436 7194
7436 7291
7233 7402
7233 7385
7430 7381
7430 7318
7430 7186
7430 7437
7430 7306
7430 7231
7430 7261
7430 7217
7430 7298
7430 7253
7430 7263
7430 7232
7430 7346
7365 7465
7365 7256
7365 7246
7365 7192
7365 7427
7365 7368
7337 7424
7337 7295
7433 7187
7433 7186
7433 7321
7433 7392
7433 7265
7282 7426
7282 7187
7282 7465
