7282 7240
7282 7272
7282 7417
7282 7459
7282 7421
7282 7344
7282 7390
7282 7464
7282 7263
7282 7369
7425 7395
7425 7222
7425 7233
7425 7337
7425 7361
7425 7446
7425 7354
7425 7300
7425 7347
7425 7429
7327 7185
7406 7216
7406 7215
7406 7185
7406 7368
7454 7426
7454 7381
7454 7223
7454 7184
7454 7301
7454 7279
7454 7240
7454 7327
7454 7342
7454 7290
7454 7247
7454 7394
7454 7265
7454 7291
7454 7201
7454 7308
7454 7434
7454 7300
7454 7204
7324 7275
7358 7196
7358 7412
7358 7395
7358 7453
7358 7450
7358 7279
7358 7325
7358 7306
7358 7282
7358 7441
7358 7195
7358 7253
7358 7370
7358 7210
7358 7457
7358 7429
7226 7412
7226 7395
7226 7218
7226 7222
7226 7272
7226 7392
7226 7445
7226 7396
7226 7448
7372 7246
7372 7321
7372 7290
7372 7284
7372 7402
7372 7427
7372 7265
7372 7442
7397 7453
7397 7223
7397 7224
7397 7441
7397 7368
7356 7301
7356 7416
7356 7330
7356 7445
7215 7285
7215 7197
7215 7397
7215 7321
7215 7232
7215 7339
7215 7204
7272 7277
7272 7376
7272 7341
7272 7303
7272 7336
7272 7230
7272 7371
7272 7418
7272 7327
7272 7417
7272 7382
7272 7275
7272 7442
7272 7458
7272 7210
7272 7199
7321 7393
7321 7368
7330 7270
7330 7278
7330 7451
7392 7298
7375 7419
7375 7446
7375 7421
7375 7429
7319 7395
7319 7453
7319 7223
7319 7216
7319 7416
7319 7337
7319 7446
7319 7445
7319 7200
7319 7262
7343 7426
7343 7406
7343 7361
7343 7194
7343 7344
7400 7293
7400 7223
7400 7227
7400 7437
7400 7380
7400 7280
7400 7236
7400 7291
7400 7401
7400 7204
7449 7306
7449 7441
7449 7459
7449 7296
7449 7421
7449 7431
7407 7187
7407 7190
7407 7184
7407 7288
7407 7421
7238 7424
7238 7395
7238 7450
7238 7416
7238 7406
7238 7215
7238 7402
7238 7239
7231 7285
7231 7288
7231 7218
7231 7406
7266 7222
7266 7416
7266 7217
7266 7446
7266 7194
7266 7348
7266 7445
7266 7253
7266 7352
7266 7204
7441 7223
7441 7288
7441 7218
7441 7222
7441 7421
7441 7393
7290 7426
7290 7394
7290 7369
7455 7395
7455 7341
7455 7302
7455 7437
7455 7256
7455 7208
7455 7416
7455 7353
7455 7308
7338 7318
7338 7453
7338 7341
7338 7222
7338 7416
7338 7406
7338 7231
7338 7361
7338 7217
7338 7298
7247 7419
7195 7333
7195 7341
7195 7274
7195 7282
7195 7342
7195 7394
7195 7363
7195 7250
7195 7370
7195 7396
7195 7401
7261 7236
7261 7250
7261 7445
7229 7218
7229 7417
7229 7308
7229 7370
7229 7368
7229 7263
7229 7401
7334 7283
7334 7262
7334 7429
7360 7190
7360 7184
7360 7460
7360 7274
7360 7356
7360 7215
7360 7236
7360 7320
7360 7421
7360 7445
7360 7367
7211 7450
7211 7399
7211 7330
7211 7267
7254 7395
7254 7453
7254 7450
7254 7216
7254 7337
7254 7417
7254 7361
7254 7185
7254 7200
7254 7339
7207 7193
7207 7288
7207 7197
7207 7214
7207 7354
7394 7337
7394 7236
7394 7385
7394 7204
7394 7448
7236 7309
7236 7333
7236 7256
7236 7218
7236 7222
7236 7192
7236 7231
7236 7185
7236 7445
7236 7368
7236 7396
7284 7293
7284 7190
7284 7371
7284 7283
7284 7335
7284 7451
7284 7367
7217 7280
7217 7441
7217 7445
7217 7239
7217 7457
7297 7305
7413 7426
7413 7285
7413 7465
7413 7441
7413 7247
7413 7200
7413 7368
7320 7395
7320 7450
7320 7233
7320 7284
7320 7347
7283 7395
7185 7196
7185 7410
7185 7302
7185 7240
7185 7359
7185 7214
7185 7462
7185 7233
7185 7342
7185 7195
7185 7411
7185 7384
7185 7409
7185 7323
7185 7275
7185 7431
7185 7390
7185 7370
7185 7310
7185 7311
7411 7184
7411 7274
7411 7324
7411 7321
7411 7402
7411 7348
7411 7262
7411 7429
7411 7448
7459 7393
7357 7223
7335 7277
7335 7306
7335 7278
7335 7226
7335 7375
7335 7247
7335 7261
7335 7355
7335 7388
7354 7344
7351 7293
7351 7456
7351 7375
7351 7446
7351 7262
7351 7369
7351 7429
7315 7320
7402 7438
7402 7309
7402 7223
7402 7302
7402 7463
7402 7419
7402 7375
7402 7195
7402 7261
7402 7334
7402 7206
7402 7384
7402 7457
7402 7401
7384 7305
7384 7299
7384 7253
7384 7370
7384 7393
7295 7256
7295 7441
7276 7381
7276 7333
7276 7453
7276 7188
7276 7233
7276 7215
7276 7330
7276 7421
7276 7201
7276 7401
7276 7429
7382 7315
7259 7293
7259 7416
7259 7330
7259 7236
7259 7382
7259 7368
7259 7339
7259 7448
7267 7218
7267 7436
7267 7339
7427 7288
7427 7236
7427 7367
7427 7263
7194 7412
7194 7223
7194 7437
7194 7226
7194 7375
7194 7261
7194 7411
7194 7421
7194 7250
7194 7353
7194 7385
7296 7412
7296 7341
7296 7427
7296 7353
7296 7390
7296 7300
7296 7429
7265 7424
7265 7293
7265 7450
7265 7274
7265 7233
7265 7354
7265 7353
7265 7300
7265 7367
7291 7381
7291 7222
7291 7393
7291 7369
7409 7293
7409 7362
7409 7416
7423 7293
7423 7288
7423 7416
7322 7361
7322 7267
7355 7186
7355 7337
7355 7413
7355 7299
7355 7464
7355 7461
7421 7429
7298 7306
7298 7454
7298 7330
7298 7394
7298 7236
7298 7185
7298 7459
7298 7299
7298 7250
7298 7263
7298 7396
7363 7443
7363 7305
7363 7278
7363 7417
7363 7459
7363 7252
7363 7200
7363 7393
7344 7395
7344 7453
7344 7456
7344 7380
7344 7231
7344 7217
7344 7354
7344 7348
7344 7353
7344 7390
7323 7395
7323 7186
7323 7380
7323 7337
7323 7321
7323 7421
7323 7289
7323 7263
7201 7395
7201 7197
7201 7419
7201 7272
7201 7342
7201 7367
7348 7426
7348 7240
7348 7419
7348 7380
7348 7246
7348 7459
7348 7267
7348 7427
7348 7344
7348 7250
7348 7385
7348 7393
7348 7263
7250 7222
7250 7369
7404 7236
7404 7354
7404 7368
7275 7424
7275 7381
7275 7277
7275 7184
7275 7279
7275 7387
7275 7340
7275 7337
7275 7282
7275 7206
7275 7236
7275 7355
7275 7253
7275 7257
7275 7200
7275 7263
7275 7435
7353 7419
7189 7333
7189 7453
7189 7208
7189 7233
7189 7226
7189 7283
7189 7267
7189 7298
7189 7445
7252 7437
7252 7432
7252 7197
7252 7274
7252 7419
7252 7226
7252 7322
7252 7344
7252 7323
7252 7445
7252 7300
7252 7367
7252 7263
7252 7369
7225 7416
7225 7445
7385 7277
7385 7321
7385 7201
7385 7348
7385 7451
7445 7375
7329 7285
7329 7453
7414 7306
7431 7395
7431 7341
7431 7417
7431 7283
7431 7344
7431 7348
7431 7390
7431 7300
7431 7317
7308 7187
7308 7446
7388 7426
7388 7277
7388 7190
7388 7395
7388 7301
7388 7278
7388 7324
7388 7361
7388 7445
7390 7208
7253 7304
7253 7285
7253 7318
7253 7190
7253 7309
7253 7395
7253 7216
7253 7274
7253 7282
7253 7290
7253 7417
7253 7185
7253 7411
7253 7354
7253 7363
7253 7219
7253 7232
7253 7429
7349 7417
7442 7298
7434 7426
7434 7424
7434 7381
7434 7184
7434 7227
7434 7188
7434 7226
7434 7417
7434 7361
7434 7236
7434 7295
7434 7421
7289 7285
7289 7283
7289 7267
7439 7218
7439 7322
7464 7453
7464 7223
7464 7251
7464 7214
7464 7375
7464 7231
7464 7354
7464 7250
7245 7448
7347 7395
7347 7329
7347 7260
7370 7187
7370 7395
7370 7456
7370 7274
7370 7283
7370 7411
7370 7263
7370 7204
7451 7187
7451 7270
7451 7456
7451 7214
7451 7320
7451 7367
7239 7293
7239 7416
7239 7417
7239 7299
7239 7323
7239 7445
7458 7424
7458 7190
7458 7197
7458 7224
7458 7246
7458 7427
7458 7194
7458 7348
7458 7253
7458 7210
7257 7186
7257 7448
7260 7293
7260 7288
7260 7433
7260 7236
7260 7201
7260 7239
7210 7293
7210 7190
7210 7309
7210 7395
7210 7216
7210 7270
7210 7387
7210 7362
7210 7306
7210 7195
7210 7283
7210 7411
7210 7299
7210 7427
7210 7353
7210 7257
7210 7401
7457 7279
7457 7240
7457 7282
7457 7226
7457 7417
7457 7299
7457 7385
7457 7349
7457 7232
7457 7401
7273 7426
7273 7293
7273 7294
7273 7321
7273 7290
7273 7206
7273 7361
7273 7276
7273 7252
7273 7390
7273 7239
7273 7260
7273 7191
7273 7401
7200 7187
7200 7230
7200 7216
7200 7419
7200 7464
7200 7367
7200 7369
7367 7426
7367 7412
7367 7345
7367 7280
7367 7272
7367 7261
7367 7322
7367 7344
7367 7323
7286 7375
7286 7200
7219 7185
7219 7368
7219 7191
7219 7232
7393 7438
7393 7412
7393 7376
7393 7316
7393 7227
7393 7302
7393 7380
7393 7325
7393 7188
7393 7462
7393 7320
7393 7427
7393 7219
7393 7448
7391 7198
7391 7227
7391 7406
7391 7298
7391 7253
7391 7352
7262 7411
7242 7434
7368 7190
7368 7362
7440 7371
7440 7281
7440 7419
7440 7280
7440 7278
7440 7295
7440 7194
7440 7353
7440 7388
7440 7390
7440 7451
7313 7426
7313 7398
7313 7453
7313 7416
7313 7375
7313 7441
7313 7298
7313 7445
7191 7223
7191 7218
7263 7230
7396 7412
7396 7223
7396 7410
7396 7302
7396 7222
7396 7327
7396 7454
7396 7247
7396 7195
7396 7320
7396 7265
7396 7355
7396 7250
7396 7445
7396 7232
7396 7204
7352 7419
7352 7256
7352 7305
7352 7222
7352 7239
7352 7191
7352 7232
7415 7426
7415 7227
7415 7419
7415 7325
7415 7222
7415 7321
7415 7348
7415 7253
7415 7204
7232 7285
7232 7186
7232 7341
7232 7337
7232 7427
7232 7250
7232 7262
7232 7263
7346 7256
7346 7441
7339 7443
7339 7309
7339 7216
7339 7375
7339 7411
7339 7298
7339 7210
7339 7393
7369 7218
7369 7334
7369 7379
7369 7200
7369 7368
7401 7454
7401 7226
7401 7321
7401 7342
7401 7290
7401 7295
7401 7427
7401 7265
7204 7426
7204 7293
7204 7261
7204 7263
7271 7426
7271 7325
7271 7307
7271 7222
7271 7319
7271 7459
7271 7369
7271 7448
7310 7277
7310 7190
7310 7454
7310 7397
7310 7247
7310 7195
7310 7185
7310 7349
7310 7434
7310 7257
7310 7260
7310 7457
7461 7222
7461 7445
7461 7448
7374 7293
7374 7192
7374 7337
7374 7427
7374 7200
7429 7222
7429 7226
7429 7421
7429 7393
7435 7247
7312 7419
7312 7321
7312 7266
7312 7217
7312 7445
7312 7232
7448 7309
7448 7269
7448 7463
7448 7279
7448 7387
7448 7274
7448 7294
7448 7188
7448 7425
7448 7226
7448 7356
7448 7215
7448 7231
7448 7229
7448 7211
7448 7299
7448 7390
