7388 7433
7388 7282
7388 7226
7388 7375
7388 7322
7388 7355
7388 7344
7388 7273
7390 7194
7253 7196
7253 7333
7253 7288
7253 7302
7253 7437
7253 7240
7253 7325
7253 7278
7253 7433
7253 7195
7253 7427
7253 7291
7253 7347
7253 7370
7253 7401
7349 7187
7349 7288
7349 7280
7349 7421
7349 7369
7442 7394
7434 7459
7434 7427
7434 7393
7434 7429
7289 7453
7289 7184
7289 7447
7439 7288
7439 7251
7439 7301
7439 7270
7439 7330
7439 7236
7439 7402
7439 7323
7439 7367
7439 7448
7464 7381
7464 7395
7464 7437
7464 7320
7464 7411
7464 7194
7464 7291
7464 7263
7245 7398
7245 7227
7379 7429
7347 7227
7347 7302
7347 7408
7347 7246
7347 7406
7347 7427
7347 7201
7347 7250
7347 7191
7347 7263
7370 7304
7370 7216
7370 7419
7370 7337
7370 7261
7370 7427
7370 7250
7370 7349
7451 7293
7451 7285
7451 7395
7451 7197
7451 7236
7451 7402
7451 7427
7451 7323
7239 7223
7239 7456
7239 7206
7239 7300
7458 7395
7458 7227
7458 7387
7458 7340
7458 7208
7458 7278
7458 7433
7458 7226
7458 7455
7458 7283
7458 7445
7458 7442
7458 7367
7458 7219
7458 7393
7458 7263
7257 7218
7257 7402
7260 7192
7260 7337
7260 7226
7260 7295
7260 7299
7260 7421
7260 7298
7260 7348
7260 7200
7260 7191
7260 7401
7210 7244
7210 7279
7210 7274
7210 7325
7210 7397
7210 7417
7210 7320
7210 7355
7210 7201
7210 7385
7210 7239
7210 7457
7210 7191
7210 7263
7210 7232
7210 7369
7457 7223
7457 7288
7457 7274
7457 7324
7457 7215
7457 7342
7457 7195
7457 7265
7457 7363
7457 7250
7457 7219
7273 7227
7273 7288
7273 7214
7273 7394
7273 7236
7273 7194
7273 7421
7273 7250
7273 7442
7273 7219
7273 7263
7273 7429
7200 7465
7200 7288
7200 7371
7200 7197
7200 7403
7200 7387
7200 7222
7200 7430
7200 7334
7200 7421
7200 7323
7200 7189
7200 7451
7200 7393
7200 7396
7367 7190
7367 7208
7367 7215
7367 7375
7367 7194
7367 7201
7367 7329
7367 7396
7367 7401
7367 7311
7286 7186
7286 7288
7286 7419
7286 7337
7286 7354
7286 7367
7286 7393
7219 7274
7219 7337
7219 7339
7393 7288
7393 7280
7393 7218
7393 7397
7393 7319
7393 7261
7393 7254
7393 7185
7393 7194
7393 7262
7393 7232
7391 7426
7391 7305
7391 7306
7391 7222
7391 7361
7391 7296
7391 7421
7391 7191
7262 7395
7262 7275
7242 7216
7242 7339
7242 7401
7368 7395
7368 7344
7440 7408
7440 7403
7440 7325
7440 7306
7440 7220
7440 7215
7440 7342
7440 7299
7440 7363
7440 7349
7440 7370
7440 7257
7440 7260
7440 7396
7440 7435
7313 7419
7313 7306
7313 7406
7313 7231
7313 7361
7313 7194
7313 7352
7191 7187
7191 7417
7191 7236
7191 7262
7263 7236
7263 7299
7263 7323
7263 7262
7263 7368
7396 7277
7396 7450
7396 7246
7396 7282
7396 7324
7396 7206
7396 7354
7396 7322
7396 7344
7396 7353
7396 7434
7396 7311
7352 7285
7352 7453
7352 7427
7415 7293
7415 7223
7415 7456
7415 7387
7415 7218
7415 7306
7415 7406
7415 7375
7415 7231
7415 7455
7415 7247
7415 7185
7415 7298
7415 7363
7415 7353
7415 7300
7415 7210
7415 7369
7232 7223
7232 7218
7232 7222
7232 7421
7232 7200
7346 7187
7339 7426
7339 7203
7339 7244
7339 7303
7339 7447
7339 7327
7339 7272
7339 7261
7339 7357
7339 7295
7339 7267
7339 7409
7339 7344
7339 7323
7339 7250
7339 7219
7339 7401
7339 7310
7369 7293
7369 7395
7369 7456
7369 7416
7369 7337
7369 7445
7369 7339
7369 7374
7401 7274
7401 7256
7401 7246
7401 7441
7401 7385
7401 7239
7401 7396
7204 7304
7204 7437
7204 7362
7204 7226
7204 7267
7204 7323
7204 7300
7204 7440
7204 7369
7271 7285
7271 7216
7271 7456
7271 7256
7271 7337
7271 7282
7271 7290
7271 7417
7271 7361
7271 7299
7271 7298
7271 7390
7271 7200
7271 7339
7271 7310
7271 7429
7271 7422
7310 7244
7310 7196
7310 7301
7310 7197
7310 7377
7310 7330
7310 7261
7310 7206
7310 7236
7310 7283
7310 7354
7310 7384
7310 7322
7310 7363
7310 7323
7310 7442
7310 7273
7310 7219
7310 7374
7461 7322
7461 7367
7374 7395
7374 7186
7374 7437
7374 7456
7374 7274
7374 7354
7374 7262
7374 7422
7429 7187
7429 7280
7429 7215
7429 7291
7429 7396
7429 7369
7435 7223
7312 7453
7312 7279
7312 7446
7312 7253
7312 7300
7312 7370
7312 7457
7312 7429
7448 7424
7448 7255
7448 7285
7448 7190
7448 7364
7448 7209
7448 7410
7448 7465
7448 7432
7448 7301
7448 7197
7448 7403
7448 7213
7448 7430
7448 7365
7448 7454
7448 7330
7448 7195
7448 7261
7448 7284
7448 7413
7448 7283
7448 7185
7448 7411
7448 7427
7448 7291
7448 7423
7448 7344
7448 7250
7448 7353
7448 7464
7448 7257
7448 7260
7448 7457
7448 7219
7448 7374
7448 7317
7422 7443
7422 7227
7422 7437
7422 7380
7422 7280
7422 7246
7422 7218
7422 7188
7422 7192
7422 7278
7422 7320
7422 7427
7422 7194
7422 7265
7422 7353
7422 7445
7422 7262
7422 7310
7311 7227
7311 7437
7311 7450
7311 7403
7311 7419
7311 7380
7311 7278
7311 7284
7311 7459
7311 7291
7311 7346
7311 7401
7202 7187
7202 7190
7202 7236
7317 7244
7317 7196
7317 7190
7317 7412
7317 7288
7317 7216
7317 7279
7317 7274
7317 7359
7317 7340
7317 7411
7317 7427
7317 7275
7317 7312
7199 7426
7199 7381
7199 7285
7199 7395
7199 7320
7199 7421
7199 7250
7444 7216
7444 7226
7444 7434
