1324 1126
1324 3169
2605 4407
769 4954
769 4420
769 3068
3948 1324
5806 6590
5806 5023
6 2176
4936 5747
5798 5870
6489 3066
3840 3657
1165 5139
5449 976
5449 4872
5449 1192
6721 18
6549 1258
603 4769
2254 4951
2254 3908
2254 5203
6197 3575
6775 3340
296 5970
5475 538
6554 4024
6554 5216
6554 2902
6041 284
4598 7024
4598 6351
4598 2472
4598 609
4598 1468
4615 71
4615 1566
1331 5886
1331 3560
1331 3920
1331 1240
5039 6088
3066 1019
3066 2667
3443 296
3443 5664
4766 7090
6257 6126
5634 6885
191 3170
2992 1889
1650 6655
5503 4396
5503 2277
5503 3663
5503 3336
2786 3025
2786 3486
2786 6894
6772 58
1275 5280
1275 6185
5470 2448
5470 5996
1055 6087
3140 4907
1783 6777
1783 7165
1783 3284
1783 2044
671 5588
3685 1051
3685 325
1229 1125
808 7023
808 924
808 203
808 1258
4460 1113
4460 1816
4460 101
6184 2488
6184 1493
6184 6088
3684 236
4573 1124
5624 4360
2732 4093
2732 3272
6071 3004
6071 6464
1970 5710
4839 3357
4839 5108
4839 3961
4839 5874
4687 2675
7105 3568
4061 5914
4061 1506
2018 5482
2018 957
2018 5951
2018 6829
5144 1570
2299 2106
1786 1954
429 1350
2066 6554
188 2299
187 2685
187 3265
1474 282
1685 887
1685 3599
1685 68
1685 5133
2558 5095
3429 4396
4793 6901
1434 1086
2034 3299
2034 2025
2034 3695
2034 4826
2034 1025
2034 6755
2034 4287
2034 3174
1556 535
1556 4660
2103 4117
3047 6563
3047 6088
4242 4607
4242 3340
3234 1681
849 4303
5178 5724
3401 950
3015 78
3015 3690
3015 962
3015 1059
5546 1354
5546 2040
5546 1417
2471 2714
2896 6201
2896 3098
2896 6256
2896 3894
6408 3283
1504 4355
3478 6564
3478 4852
6186 3011
6186 3125
5993 1813
5591 1561
2338 2471
740 1655
6423 5877
1493 2805
1493 2351
5605 5065
5605 3291
5605 1408
5605 4407
629 6142
629 2112
629 3110
629 1940
3159 6885
99 6201
99 5587
4078 405
7004 5898
7004 969
1009 4558
1009 3979
1009 3068
6425 1328
436 2691
5040 2640
1132 3007
6666 252
6666 5619
5150 4410
4018 2205
1150 4910
1150 3329
120 4534
6799 916
6799 4872
2609 2563
2609 6937
1985 6428
2349 4420
2349 356
6710 1822
348 7018
348 5219
2287 6361
2538 3651
4295 6927
699 1928
699 1646
1948 770
2624 430
3304 3273
3716 4454
3716 2360
3528 3068
4282 1837
6368 2781
6836 6390
7115 4100
7115 5278
7115 3357
7115 5503
7115 3468
7115 3961
7115 1321
5847 2413
5122 5396
5122 5601
222 6425
222 4569
3960 2413
1856 4533
3756 4461
3756 3819
2050 3991
1976 1968
2164 2248
5511 5065
7002 1616
338 1423
338 3674
3725 5049
3725 4196
3725 7112
3725 5334
175 6847
175 2991
4704 4152
4704 5065
4704 4932
3410 2802
347 3894
347 912
3337 4471
3337 3873
3337 119
3337 3856
484 1989
484 2843
4865 6677
4865 6161
4728 2428
418 1275
854 4240
1926 6243
1926 4094
1926 5078
4878 319
4878 6442
4878 2401
3759 5893
3759 6051
3759 1182
2616 4355
171 3357
171 5108
171 4092
506 1124
506 7057
1047 519
308 5199
580 1562
2679 4339
6676 1813
6676 1990
1427 58
6239 4639
3472 570
6417 6317
6417 7117
2371 5503
608 3840
608 3368
608 4505
3832 18
5877 4721
5877 2843
2645 2430
3980 3072
6719 1390
6719 1463
6719 4055
5778 3007
5778 2516
2986 6187
2986 3544
3148 7110
3148 5332
1931 4282
1931 5071
5611 575
6187 3544
6187 6947
6187 950
1441 4569
318 4289
318 2592
318 1562
1636 3848
6606 805
5686 58
5686 6135
3854 2448
1457 4219
5381 5308
4548 3663
1740 358
4698 2025
2157 2351
669 5045
2927 6088
2927 3040
4434 4165
4434 5178
4434 5378
3506 3330
4721 2471
4721 916
7165 3856
5745 4867
5745 1937
5745 6178
7065 5524
5017 5633
5017 903
5017 3075
5017 6005
6443 551
6443 3290
5020 5603
5020 4147
832 3518
3950 4863
6794 5724
3041 3052
3041 6655
3041 6135
6787 1230
6787 2826
2632 1978
2972 3357
5093 1476
5093 5424
5093 5605
5093 5769
979 4858
979 5144
3090 1693
3090 1148
3090 3221
860 3894
860 2387
3277 3314
3277 3204
5830 3006
6553 6140
6553 1562
4051 3068
4051 431
5453 6584
3989 1160
6917 2022
6917 340
4045 479
2429 4581
7047 691
5801 5585
2734 1889
2734 4026
2734 3510
4461 5127
155 4152
155 6351
155 966
155 3221
155 5236
155 6935
722 6244
722 7023
722 4821
2410 3730
2410 2493
2410 5211
1489 4930
5088 2393
6008 3204
6008 2528
6008 4821
6008 3735
5576 5144
5576 4421
5601 4617
5601 6858
2479 4804
2479 6882
2479 3340
4250 6149
4250 2471
4319 5211
4319 1688
6650 2608
378 1000
4905 887
78 1455
685 378
685 4091
1401 2009
6429 1828
3605 1816
3282 4823
4077 3142
4077 4922
4108 974
2375 5114
4378 6464
6864 1570
6864 5218
6864 4858
504 454
504 4297
2223 6169
2223 4355
2277 1030
2277 822
2950 5665
2950 3908
4826 3068
4796 6051
6296 2472
539 5459
784 691
6511 3679
1684 860
3428 7004
692 2973
103 2847
1029 3662
4591 5827
4591 5725
3273 6494
3273 5022
3273 5164
2086 5632
2086 2085
2086 3192
2086 1978
3616 5519
6678 3960
1602 5621
1602 1952
1602 6035
1602 3814
1602 3169
3587 6995
701 6640
701 4951
1818 4378
6407 1359
6407 2818
6407 1669
7136 312
7136 7023
4971 4154
6108 4254
487 223
487 1495
6018 1645
3247 916
3247 887
1286 5197
1286 4852
3333 575
5662 7095
2545 1132
2545 3725
337 6838
337 5720
6195 3011
6195 5125
6195 5081
6140 280
6140 6872
2990 3204
4609 6590
3490 6306
204 4254
4966 3440
4966 6464
4966 722
3581 1832
3581 4196
106 5135
106 5547
106 4082
6883 6752
7052 2449
7052 1565
7052 6616
7052 155
7052 6357
7052 7182
7052 5615
7052 3681
6128 237
653 625
6808 849
6808 3658
6808 1537
3878 3611
1920 4196
5724 255
5724 6996
5724 5108
5724 5334
5724 3468
5724 2869
3403 5507
6750 1141
6750 4461
6750 6185
2560 1212
2560 4872
5482 5547
5482 5071
5961 4317
5698 207
5561 318
5216 649
5603 5952
5603 3579
5603 222
5603 4176
2876 1635
4424 113
2064 6542
2301 3679
2301 24
5799 2615
5799 1132
5799 5216
5799 2027
5870 5504
5870 1192
1456 6464
6830 4469
6830 5601
1893 1401
1893 2596
3183 1214
3183 397
3183 378
453 4119
453 4729
5645 6543
5645 1911
4348 4938
4717 2028
4717 837
6049 1846
3708 5115
3708 4028
3708 1594
3708 6244
3708 518
3923 1125
4746 4703
6901 3221
6901 4468
3097 3600
3097 6526
929 3888
3284 854
3284 6157
4040 6096
4040 6554
556 5199
1172 5723
6992 4134
5886 5597
4841 2615
4841 5989
731 434
731 5693
877 3167
877 6251
4401 1559
2486 3041
3873 2044
1404 6909
3963 5415
2019 66
4854 6322
3476 6787
3476 3855
5653 4160
5653 1042
5653 1786
4908 7123
303 3434
303 2488
1594 1158
4554 843
4554 3568
1529 4060
1529 3044
1529 2028
1529 1360
1529 318
1529 6471
3630 5642
3630 3125
6882 6377
6882 4848
6882 2068
6882 4051
6882 4468
7121 5405
6384 6464
6384 1465
2156 3187
2156 6135
2156 4953
5113 666
3739 378
4542 4471
5683 54
5683 5561
5683 4717
5683 1632
5683 7036
5683 5348
5257 2496
5257 2703
5257 691
3069 2818
4674 5867
4674 5495
4674 1192
4674 2388
273 7072
1396 5650
1974 1930
1974 1778
1974 1744
4861 4820
4861 6590
6599 6518
6599 4311
6599 5988
5197 1195
5197 431
1751 4289
1751 6809
768 6494
768 5564
6130 2577
6130 5117
4928 3690
4928 2044
4928 5243
4928 984
2246 3066
3720 480
5408 5436
5408 956
5408 5645
3690 3786
5864 5424
5864 145
5864 2428
2101 1711
1187 2496
6357 2958
6357 5475
6357 4945
6357 6935
6727 1832
6727 5482
7182 2932
211 5914
3700 1125
1765 925
4596 479
1652 6390
2444 538
2444 1684
2212 6301
4198 3848
621 658
621 5119
5754 2341
5754 2064
6639 4001
6639 5959
6639 1770
6084 348
5661 2549
5661 3812
3711 4717
3711 5267
2112 4093
3364 1125
3124 3306
3124 6876
3124 4897
3398 1354
3398 731
3398 2843
7078 58
6280 691
5450 3204
5450 3486
1180 6128
7128 1983
5102 1902
5773 3979
910 5197
910 4852
529 6201
5077 1505
5194 2301
4775 1974
4775 6087
1332 58
1332 2393
1332 3574
4001 3976
4001 1952
4001 5959
551 4143
551 556
3303 3658
2457 619
3167 5547
3167 6176
3167 1725
3167 3522
1567 5211
6488 528
4777 5334
1658 5680
1658 3439
1658 6768
4727 6778
6105 1825
6500 6809
6500 1974
4895 1296
1296 3072
2655 1632
4569 6553
4569 4114
1148 5065
1148 6616
3098 1832
3098 201
3098 2615
196 4804
196 5405
4010 2752
4010 5665
5598 7052
1428 4972
1428 2194
5398 3600
5398 5115
5398 7023
5398 4963
2802 3768
3860 5787
5159 5200
583 4596
4536 2776
4536 6752
2614 3567
2614 5181
800 4890
800 5725
800 5216
800 859
800 1321
2709 3287
4333 5522
1297 459
7145 3424
3537 3943
5108 6071
5108 5169
2735 3185
5972 1559
6200 2540
3837 3589
1120 1132
1120 5989
1120 1192
4176 3294
4734 6911
5181 2247
5181 5683
5181 1632
957 4196
3245 2187
3245 6086
1248 6291
1248 3335
5022 3913
5022 5712
3011 4739
3011 4721
3011 5081
3935 1939
3935 5350
3935 4510
2130 3010
2130 669
2620 1957
4897 7110
4897 58
4897 66
4897 2615
4897 1165
4897 6135
4897 6296
4897 1253
268 691
6458 1028
2171 3001
1298 5601
873 555
649 4889
649 859
2129 7052
2129 5598
2129 5615
4091 3916
6188 1390
6188 3066
5858 1212
1118 3010
1118 2447
6256 5595
6256 3098
6256 4982
4314 3486
5386 1842
5386 4855
3896 1561
6298 6342
4390 5328
6174 3428
6213 3221
5071 5357
3163 6278
3163 3549
3163 3957
5739 283
7117 4142
2593 138
723 5665
723 3275
227 5886
2153 5712
7085 6503
417 2587
4042 4938
4042 3068
1583 454
1583 2413
358 3809
358 430
358 3293
358 3125
1013 186
6313 5339
6313 7117
1270 6838
4584 6744
4584 1465
4584 4119
4584 3221
2038 1240
575 19
575 4349
575 4292
3779 2937
3779 2761
5377 6361
6778 6514
6987 6933
6987 6789
5459 2050
5202 6279
5202 5835
3110 916
6839 99
6839 4082
1805 634
3790 4370
3790 1562
3790 2255
3790 3007
4046 4628
4046 2700
523 204
3297 2707
1468 5065
1468 4932
6227 5503
4326 4872
6979 3273
5220 5830
5220 2788
6437 6511
6437 7153
6437 2475
6437 3343
4724 2205
6244 846
6244 1042
6244 722
6244 1273
6244 62
6244 3007
6244 4300
6244 5695
593 4464
5789 3221
2137 5456
