7398 7375
7398 7231
7398 7446
7398 7298
7398 7344
7398 7348
7398 7445
7398 7431
7398 7239
7398 7191
7398 7369
7398 7204
7395 7256
7395 7441
7395 7446
7395 7390
7364 7287
7364 7456
7364 7218
7364 7423
7364 7368
7186 7293
7186 7226
7186 7295
7186 7421
7186 7368
7186 7396
7333 7186
7333 7227
7333 7246
7333 7188
7333 7226
7333 7321
7333 7361
7333 7236
7333 7402
7333 7250
7333 7385
7333 7442
7333 7429
7453 7192
7223 7285
7223 7190
7223 7395
7223 7288
7223 7450
7223 7279
7223 7274
7223 7256
7223 7321
7223 7247
7223 7185
7223 7402
7223 7355
7223 7201
7223 7275
7223 7353
7223 7239
7223 7429
7209 7187
7209 7223
7209 7337
7209 7375
7209 7411
7209 7194
7209 7291
7209 7344
7209 7200
7209 7263
7249 7218
7249 7262
7249 7368
7376 7285
7376 7223
7376 7450
7376 7218
7376 7416
7376 7278
7376 7254
7376 7446
7376 7459
7376 7355
7376 7363
7376 7348
7376 7353
7376 7445
7376 7390
7376 7260
7376 7191
7376 7422
7420 7413
7303 7187
7303 7285
7303 7395
7303 7453
7303 7288
7303 7216
7303 7256
7303 7337
7303 7226
7303 7321
7303 7236
7303 7427
7303 7262
7303 7401
7303 7429
7350 7327
7350 7185
7410 7426
7410 7381
7410 7412
7410 7333
7410 7447
7410 7403
7410 7280
7410 7361
7410 7320
7410 7322
7410 7344
7410 7201
7410 7200
7410 7369
7410 7448
7316 7426
7316 7285
7316 7186
7316 7230
7316 7216
7316 7456
7316 7240
7316 7256
7316 7222
7316 7462
7316 7290
7316 7417
7316 7361
7316 7459
7316 7194
7316 7298
7316 7239
7316 7200
7316 7339
7316 7369
7316 7310
7316 7429
7316 7448
7465 7426
7465 7285
7465 7453
7465 7270
7465 7214
7465 7337
7465 7321
7465 7322
7465 7298
7465 7385
7465 7369
7465 7435
7465 7448
7184 7214
7198 7448
7227 7368
7227 7369
7288 7412
7288 7395
7288 7453
7288 7184
7288 7456
7288 7256
7288 7218
7288 7416
7288 7321
7288 7402
7288 7298
7288 7445
7288 7262
7288 7191
7288 7401
7408 7227
7408 7441
7408 7421
7408 7298
7269 7187
7269 7395
7269 7186
7269 7230
7269 7419
7269 7280
7269 7246
7269 7459
7269 7354
7269 7291
7269 7344
7269 7393
7269 7191
7269 7369
7336 7187
7336 7333
7336 7216
7336 7270
7336 7406
7314 7285
7314 7186
7314 7453
7314 7416
7314 7361
7314 7322
7314 7200
7314 7367
7314 7368
7332 7293
7332 7381
7332 7187
7332 7395
7332 7186
7332 7223
7332 7184
7332 7288
7332 7362
7332 7416
7332 7233
7332 7337
7332 7283
7332 7354
7332 7421
7332 7232
7212 7187
7212 7395
7212 7186
7212 7270
7212 7446
7212 7295
7212 7298
7230 7421
7287 7218
7287 7407
7287 7262
7287 7368
7371 7426
7371 7277
7371 7395
7371 7333
7371 7288
7371 7274
7371 7240
7371 7246
7371 7222
7371 7278
7371 7233
7371 7433
7371 7282
7371 7330
7371 7247
7371 7361
7371 7283
7371 7295
7371 7322
7371 7298
7371 7225
7371 7445
7371 7300
7371 7347
7371 7200
7371 7367
7371 7440
7452 7285
7452 7186
7452 7453
7452 7184
7452 7416
7452 7192
7452 7337
7452 7324
7452 7445
7452 7200
7437 7395
7437 7200
7450 7426
7450 7227
7450 7288
7450 7197
7450 7279
7450 7274
7450 7419
7450 7325
7450 7377
7450 7246
7450 7208
7450 7233
7450 7337
7450 7433
7450 7282
7450 7454
7450 7226
7450 7215
7450 7231
7450 7247
7450 7236
7450 7427
7450 7194
7450 7409
7450 7355
7450 7298
7450 7363
7450 7344
7450 7250
7450 7353
7450 7252
7450 7329
7450 7434
7450 7210
7450 7367
7450 7219
7450 7369
7450 7401
7450 7204
7450 7435
7450 7199
7447 7426
7447 7285
7447 7193
7447 7186
7447 7453
7447 7274
7447 7214
7447 7192
7447 7436
7447 7337
7447 7207
7447 7385
7447 7300
7447 7367
7432 7426
7432 7293
7432 7381
7432 7187
7432 7223
7432 7184
7432 7288
7432 7332
7432 7371
7432 7240
7432 7362
7432 7233
7432 7330
7432 7361
7432 7236
7432 7446
7432 7283
7432 7357
7432 7354
7432 7402
7432 7322
7432 7421
7432 7323
7432 7348
7432 7445
7460 7216
7460 7407
7301 7395
7301 7270
7301 7441
7301 7320
7301 7402
7234 7187
7234 7412
7234 7186
7234 7453
7234 7230
7234 7280
7234 7246
7234 7375
7234 7459
7234 7354
7234 7427
7234 7344
7234 7250
7234 7300
7234 7200
7234 7369
7216 7395
7216 7453
7216 7450
7216 7214
7216 7330
7216 7361
7216 7284
7216 7446
7216 7315
7216 7298
7216 7348
7216 7385
7216 7329
7216 7451
7216 7339
7270 7279
7270 7440
7270 7191
7270 7204
7270 7429
7197 7453
7197 7216
7197 7456
7197 7222
7197 7214
7197 7321
7197 7361
7197 7402
7197 7451
7197 7262
7403 7426
7403 7447
7403 7188
7403 7214
7403 7192
7403 7354
7403 7427
7403 7200
7345 7333
7345 7227
7345 7437
7345 7447
7345 7362
7345 7246
7345 7278
7345 7433
7345 7454
7345 7375
7345 7231
7345 7261
7345 7185
7345 7411
7345 7194
7345 7323
7345 7191
7345 7263
7345 7232
7345 7435
7463 7285
7463 7337
7463 7406
7463 7206
7463 7239
7463 7200
7463 7393
7463 7263
7463 7429
7456 7368
7389 7365
7389 7361
7279 7216
7279 7368
7387 7187
7387 7318
7387 7270
7387 7419
7387 7362
7387 7256
7387 7246
7387 7416
7387 7406
7387 7397
7387 7321
7387 7375
7387 7441
7387 7185
7387 7344
7387 7250
7387 7300
7387 7257
7281 7412
7281 7294
7281 7441
7281 7252
7281 7448
7274 7223
7274 7283
7274 7300
7240 7421
7240 7369
7419 7274
7419 7218
7419 7247
7419 7361
7419 7411
7419 7355
7419 7421
7419 7344
7419 7348
7419 7353
7362 7223
7362 7227
7362 7288
7362 7450
7362 7197
7362 7279
7362 7419
7362 7294
7362 7377
7362 7246
7362 7282
7362 7231
7362 7402
7362 7291
7362 7421
7362 7390
7362 7257
7362 7219
7362 7191
7362 7429
7362 7435
7380 7463
7380 7280
7380 7337
7380 7195
7380 7368
7280 7187
7280 7216
7280 7456
7280 7218
7280 7262
7325 7426
7325 7304
7325 7318
7325 7190
7325 7309
7325 7395
7325 7227
7325 7288
7325 7230
7325 7362
7325 7380
7325 7246
7325 7416
7325 7192
7325 7337
7325 7394
7325 7459
7325 7354
7325 7427
7325 7194
7325 7291
7325 7355
7325 7253
7325 7349
7325 7239
7325 7200
7325 7191
7325 7204
7325 7448
7326 7193
7326 7403
7326 7222
7326 7436
7386 7426
7386 7227
7386 7222
7386 7459
7386 7421
7386 7369
7256 7381
7256 7196
7256 7187
7256 7437
7256 7301
7256 7246
7256 7306
7256 7233
7256 7454
7256 7330
7256 7195
7256 7427
7256 7298
7256 7329
7256 7260
7256 7457
7256 7263
7256 7199
7294 7190
7294 7395
7294 7184
7294 7437
7294 7274
7294 7240
7294 7192
7294 7337
7294 7220
7294 7330
7294 7261
7294 7236
7294 7283
7294 7357
7294 7335
7294 7250
7294 7225
7294 7445
7294 7300
7294 7200
7294 7263
