5041 5444
1451 5900
1000 615
590 5115
590 5720
590 2457
64 3047
2368 6689
321 463
3505 7024
3939 3150
3939 308
2553 1428
2175 58
2175 4863
3399 666
1677 4739
1677 5396
1677 3247
3132 3920
3275 4179
5508 3849
5679 6584
4094 5994
4094 5078
145 3793
5444 1324
5444 4461
92 4471
1182 326
1182 6051
3547 619
3547 3097
3193 5441
3806 3561
6352 2896
2475 1070
2475 6511
2475 1428
2475 7153
950 6187
5340 1825
5340 6463
289 1488
3045 6937
2272 3620
4119 3894
4119 1408
6788 2994
6788 5720
3875 3913
3875 3378
3221 2018
3221 4119
3221 5236
3943 5955
5617 2044
5866 3506
7083 58
7083 7113
3819 5045
3819 6973
6358 3913
6358 808
6358 3025
6358 1456
6358 4523
6358 3547
6358 3875
6358 6177
963 2657
1837 1124
1837 2205
921 236
5835 6279
4203 1522
3765 1693
6088 3047
6088 5783
6088 5573
6088 2843
2934 4280
5358 4804
5358 6351
5358 2068
5358 3340
5358 2187
6223 5462
2446 1701
6035 6843
2737 1182
2736 5613
2736 4450
5451 1449
2432 4808
5682 236
871 4196
871 7128
5125 5991
3855 6423
3855 6088
1537 4196
423 4355
1484 4355
3343 3600
3343 1891
3343 3875
3343 6177
4161 2106
5028 2959
1339 4100
6360 347
6360 3090
6860 3784
6860 4064
4608 6671
3086 3651
3086 479
5286 575
375 4114
5371 4220
7125 6885
1675 1192
1675 5585
4753 2657
4753 3193
5236 4308
3620 6518
3620 5437
3620 1655
3620 2528
1046 3290
4272 5093
2334 355
2334 805
2334 2471
4852 2119
4852 3068
6058 6049
3858 2068
3858 3075
3696 2899
3696 1731
4293 347
4293 3090
4293 6988
4293 6835
3360 3040
5016 2732
5843 3097
5843 7153
6463 2803
6463 6927
3510 5278
3510 3401
2393 1113
2952 3730
2952 5357
2952 5211
2952 5219
2119 3068
4951 4691
4951 3275
4102 4954
4102 3068
3987 1635
3276 6087
4953 7110
4953 3148
4953 6296
750 2279
750 4051
6971 6882
5588 1641
5588 6417
5588 5664
5647 2472
5647 2428
3593 1797
3593 356
5169 5005
5667 3652
5667 1731
5667 5108
837 1632
3900 347
3900 741
3734 408
3734 6177
5463 4863
4116 1025
1408 4152
1408 7024
1408 589
1408 1684
1408 35
1408 3340
1408 5741
1408 5797
1408 1253
1408 5346
128 2642
128 5104
1876 1214
1876 3170
1876 5664
2065 3401
2065 6947
459 4390
5626 4098
1329 5117
1329 666
1124 3052
1124 6549
1124 7063
1124 1430
5417 4715
5417 3562
2428 5769
2428 69
2428 2413
6501 5065
5156 3000
2010 1832
2010 4196
2010 5951
3294 1562
1635 4305
1635 7051
1635 2865
1635 6223
6468 6503
6468 5816
6468 797
4315 1214
4315 1088
5874 18
5874 4389
5874 950
3672 3874
3672 3368
3396 1808
6806 1462
1252 6885
1028 4924
2255 758
2255 2615
4595 2022
6040 1978
1663 2788
1787 2660
4817 3016
4817 1180
4817 2802
4817 358
4817 5158
4817 375
4219 6913
1059 5667
4703 5877
570 2958
570 347
570 6514
4652 6650
1502 1701
4114 4916
4114 1180
4114 3935
4114 358
4114 5158
6784 3381
6418 3289
6418 3167
1292 4824
925 398
3007 1042
3007 6911
3007 2818
3007 6298
3244 1701
3244 4622
4863 2359
4863 6390
4466 3274
6207 2047
1344 3300
4019 5770
4019 4588
4494 1495
4494 1822
1003 2508
4022 3657
2040 2805
29 1581
29 4244
29 3929
1868 4823
1224 4726
2516 758
2516 5310
2516 3628
2516 2255
2516 3007
1953 6843
666 803
666 2973
4012 5452
4012 4404
4892 1889
2591 3848
5884 1324
5884 5601
2696 4544
4407 18
4407 1832
4407 2293
4407 912
967 7161
967 621
472 408
472 6177
472 3734
4947 1964
5037 3561
1223 4388
79 621
6260 2991
6260 3793
391 6049
1914 2049
1914 3330
4055 3140
6894 3378
6894 3486
3927 6147
1816 125
1816 2428
1701 6142
1701 2255
1701 3007
3003 534
3003 1846
3003 4951
3988 2194
735 3443
735 5614
735 954
6246 1459
5549 5680
936 6296
923 58
923 519
2505 3493
5009 1364
677 3357
5219 1409
5219 3087
5219 1334
4620 5486
4620 4095
5477 3014
5477 6640
1575 916
203 1701
4037 584
5903 2351
5903 1677
6491 3520
3562 4907
6319 3560
987 388
2727 6666
4622 551
4622 4144
2115 6858
3058 5236
4900 3991
4900 492
1432 3275
4300 3272
898 3567
2869 3357
4413 6917
6903 6223
2872 5498
2872 479
2872 6000
4911 3732
3755 1192
3484 3195
3484 1889
3484 2673
6001 5192
5710 990
2973 2942
4702 3011
1957 3273
1957 3302
1754 58
1754 2175
1754 2393
1754 6909
1604 2818
1604 2071
1604 6883
1604 5450
1769 5219
775 4471
6119 2428
6119 5219
1648 5710
6607 3378
6545 3627
6545 5133
6545 5989
3068 6209
3068 4719
3068 2088
3068 2293
3068 2869
4323 608
4323 2685
3890 3068
3214 4211
3214 7158
3480 236
3480 4006
3480 3290
4033 6342
2743 6901
2413 6351
2413 4196
2413 35
2413 5615
2413 1253
5373 3920
5373 1240
3354 4930
3354 2340
3354 2078
4821 3277
4821 887
5600 3730
5695 1165
283 509
3217 3835
2908 5133
2908 3855
6146 7178
6146 925
5203 3891
6890 2938
1978 5038
5080 1070
5080 7153
5080 2553
5819 6259
4729 453
6303 4007
2494 6091
2494 625
2494 342
5703 4471
1430 7063
163 6727
163 581
3649 6917
7040 6342
431 4719
431 6485
431 4698
431 4826
431 3668
1688 1476
1688 5647
1688 2428
1075 58
1999 6860
40 5503
40 1586
40 4239
4959 398
3514 2430
984 4110
984 1019
984 2186
984 1805
32 5142
3260 1951
3260 6640
3339 5633
3339 2068
1153 2724
3735 781
3735 5310
3437 2364
2000 1978
6062 3261
6062 3681
6062 2364
696 3007
696 2516
148 5368
4179 5142
6254 5093
3125 4721
3125 6088
3169 6356
4136 6927
1838 4305
1838 575
4692 3000
7426 7285
7426 7416
7426 7368
7426 7339
7443 7187
7443 7412
7443 7437
7443 7270
7443 7362
7443 7380
7443 7280
7443 7325
7443 7416
7443 7278
7443 7282
7443 7290
7443 7236
7443 7194
7443 7363
7443 7353
7443 7385
7443 7445
7443 7257
7443 7260
7443 7191
7443 7401
7443 7310
7203 7186
7203 7223
7203 7269
7203 7270
7203 7188
7203 7337
7203 7261
7203 7320
7203 7283
7203 7427
7424 7215
7424 7446
7424 7367
7293 7362
7293 7375
7293 7300
7381 7412
7381 7320
7381 7298
7381 7273
7381 7448
7244 7309
7244 7450
7244 7256
7244 7441
7244 7283
7244 7402
7244 7194
7244 7355
7244 7363
7244 7262
7244 7204
7244 7429
7255 7288
7255 7274
7255 7362
7255 7416
7255 7337
7255 7236
7255 7354
7255 7421
7255 7323
7255 7445
7255 7300
7255 7367
7196 7408
7196 7216
7196 7456
7196 7246
7196 7192
7196 7459
7196 7299
7196 7445
7196 7262
7196 7263
7187 7186
7187 7288
7187 7185
7277 7450
7277 7361
7277 7201
7277 7329
7277 7448
7304 7293
7304 7218
7304 7446
7304 7283
7304 7348
7304 7353
7304 7370
7304 7339
7285 7349
7318 7395
7318 7453
7318 7223
7318 7305
7318 7441
7318 7446
7318 7411
7318 7194
7318 7429
7318 7448
7438 7285
7438 7186
7438 7223
7438 7230
7438 7216
7438 7456
7438 7218
7438 7416
7438 7231
7438 7417
7438 7361
7438 7185
7438 7194
7438 7339
7235 7285
7235 7453
7235 7216
7235 7270
7235 7362
7235 7406
7235 7215
7235 7321
7235 7427
7235 7239
7235 7401
7190 7288
7190 7302
7190 7197
7190 7279
7190 7419
7190 7294
7190 7377
7190 7246
7190 7406
7190 7397
7190 7236
7190 7427
7190 7421
7190 7363
7190 7275
7190 7257
7190 7219
7190 7204
7190 7448
7373 7223
7373 7456
7373 7256
7373 7418
7373 7339
7193 7283
7193 7315
7193 7427
7193 7445
7412 7247
7412 7283
7412 7354
7412 7445
7412 7300
7383 7293
7383 7456
7383 7306
7383 7222
7383 7416
7383 7406
7383 7441
7383 7344
7398 7453
7398 7270
7398 7279
7398 7416
7398 7321
7398 7283
7398 7194
7398 7390
7398 7253
7398 7339
7309 7186
7309 7218
7309 7446
7309 7185
7309 7257
7309 7200
7309 7339
7395 7231
7395 7239
7364 7262
7186 7197
7186 7274
7186 7416
7186 7250
7186 7300
7186 7367
7333 7426
7333 7381
7333 7412
7333 7395
7333 7288
7333 7306
7333 7233
7333 7330
7333 7320
7333 7299
7333 7201
7333 7347
7333 7263
7453 7280
7453 7339
7223 7362
7223 7280
7223 7208
7223 7406
7223 7231
7223 7427
7223 7322
7223 7367
7223 7219
7223 7191
7223 7435
7209 7193
7209 7230
7209 7274
7209 7419
7209 7362
7209 7380
7209 7280
7209 7214
7209 7226
7209 7231
7209 7393
7209 7346
7249 7412
7249 7216
7249 7256
7249 7441
7376 7318
7376 7412
7376 7333
7376 7227
7376 7216
7376 7456
7376 7387
7376 7419
7376 7192
7376 7282
7376 7394
7376 7185
7376 7427
7376 7291
7376 7308
7376 7253
7376 7300
7376 7368
7376 7271
7341 7374
7341 7429
7420 7447
7303 7412
7303 7270
7303 7280
7303 7418
7303 7278
7303 7361
7303 7402
7303 7291
7303 7298
7303 7363
7303 7201
7303 7239
7303 7367
7303 7219
7303 7448
7410 7223
7410 7450
7410 7214
7410 7192
7410 7337
7410 7321
7410 7375
