260 3247
260 6563
3968 1630
3968 4999
282 1418
6453 1598
6453 1177
5562 3044
5562 430
5562 1825
5562 6463
5562 3339
5242 7063
5242 6594
5885 3072
5885 6132
4960 6590
5829 5065
313 1267
5633 2279
5633 4875
5633 6051
3314 537
3314 2317
2059 2471
1066 4006
1066 551
1066 5508
7031 1500
7031 752
826 5714
7110 4739
7110 2864
7110 1124
7110 2428
7110 101
388 6331
388 6085
3652 5466
6264 58
1088 3138
1088 5762
1088 3066
2789 2968
2708 375
6679 1891
1089 480
1089 2486
5642 3010
5642 6908
5642 1
5642 2767
241 3834
3600 5115
3600 4972
3600 1165
6744 3776
6744 6
6744 4119
5888 1500
4675 5603
426 4196
5547 4119
3913 3004
3913 312
3913 5314
3913 5286
1662 889
1662 723
2185 2220
2185 6185
4948 6201
4948 2568
5089 5063
3990 5712
3990 6448
5970 6201
5970 7095
4862 3597
4862 1320
4862 166
843 1976
4784 3010
6516 4356
6976 2767
6976 4841
3475 2781
3406 3848
3991 3534
4517 1912
627 4959
1053 1632
3195 5456
3195 4959
1789 589
1476 4407
6467 5368
4308 1832
4308 3883
4308 2187
3000 113
1828 3768
5 4311
5 6599
5 6752
4634 6185
4634 94
58 2592
2997 2430
7067 5535
7067 2577
7067 3536
4983 3965
5262 3600
6282 1088
6282 2463
1390 2978
6754 1088
6754 6051
6754 2989
5263 666
6815 6256
6815 4951
1889 6947
3458 3144
4575 5436
4575 3100
4026 2349
3809 3768
899 3183
1570 4450
1570 2736
3383 3003
3259 3567
3259 593
3259 1822
4370 774
255 1321
5115 3708
1367 3421
1988 1931
1988 4287
3415 4410
3415 6201
5397 3342
3567 3259
286 5822
1538 2943
4152 6351
5632 6291
542 5653
4428 6843
5489 3771
5452 282
6498 5973
6591 7082
2465 3339
264 1852
6349 551
71 3784
71 1566
4416 7087
2390 6937
2024 4505
1346 5547
1346 4196
1346 4369
2805 6973
2805 2560
2805 4872
2805 6487
319 1330
4925 770
2152 2991
2152 5065
3626 843
3626 3357
5350 2216
6149 6259
1437 4143
4471 1043
6166 222
698 5200
2116 1465
1283 6390
2758 3300
1942 5022
1942 3754
6169 4196
6169 4548
6169 3834
6169 6086
6169 174
6804 1852
143 1464
143 4861
143 4414
143 6541
7170 5065
7170 4196
7170 860
4100 5874
5507 3735
5680 5549
4397 4505
6427 1677
2540 5065
6091 4737
6091 1363
6091 3620
6091 4595
3824 1778
117 5886
7116 4928
3662 5603
1975 4051
6493 2255
26 3274
47 3793
1559 5645
5968 5603
5319 2219
5900 5416
2905 2383
2681 3980
6714 1212
6714 1493
6714 5858
6714 3674
5954 2028
5954 5267
6769 2413
2917 860
3633 5319
3633 6531
4281 4559
3802 3000
2563 1063
236 4731
2320 5368
1577 4828
2021 5368
4541 3357
3021 1863
1128 4196
1128 5809
6861 5441
3507 2776
6736 4561
2635 5374
1019 1455
2396 5038
1411 3357
3375 4863
3538 2468
6351 4468
5462 1994
428 5893
428 891
1933 1825
598 426
647 4408
3845 184
3845 5712
4938 4816
5055 6995
4592 3246
4592 6540
3414 5426
3414 3761
480 66
480 3573
480 6135
480 125
480 4297
7081 2106
3361 3167
4134 5994
4134 1536
4134 4051
6530 3520
6627 155
1693 1476
1693 1978
1903 6087
3850 561
640 1125
2488 3849
4254 1088
4254 4410
4254 6417
6412 1646
5185 1559
1832 1493
1832 4725
4469 5449
3695 4396
4722 5503
4722 3274
3947 6396
3947 2299
4224 4863
3589 5487
5368 5069
5368 2942
5368 4181
5368 6909
5368 4702
5368 101
1080 1430
6518 5309
6517 3343
7164 758
3525 890
1565 4559
1565 1839
1565 2444
6003 1030
6003 6838
4718 3600
2143 1828
3048 3219
218 1493
218 1663
3655 5044
3655 3874
3655 666
141 5664
1230 6832
6765 3784
2924 5787
2924 3357
6564 49
6564 4396
6564 2016
1571 3611
1641 6464
2431 58
5300 6885
5300 3357
112 758
6777 5243
6278 2958
6278 347
6278 7063
6278 4534
1470 7142
1470 1783
1470 4999
1470 6051
4163 860
1536 2465
1536 3339
675 430
4613 2567
4410 6209
4410 4948
4410 2669
4410 6201
4410 4824
4410 7095
6142 1685
5058 3371
5007 2651
5007 580
6958 3561
6958 145
4660 2648
4330 1506
7107 5952
7107 222
7107 375
7107 4114
6286 2472
4890 6464
3651 61
3651 649
541 5621
2035 5294
1596 5016
1376 5819
4972 4910
2888 1223
6565 3357
3579 3935
4747 5827
4747 3538
4747 1635
1992 6378
2351 2560
3052 5905
2028 5007
2169 1463
3285 1822
5555 6529
5555 4264
192 201
3595 3728
3595 4339
6371 4316
6371 1000
3846 2448
6908 6457
4673 3620
3904 201
3904 6
3904 3098
6946 534
6946 4951
6946 4279
4621 1513
5711 349
781 3314
3607 4279
5578 3896
5578 1978
2053 2882
2053 2672
6396 2778
6396 6074
6220 2888
6220 3920
6220 1240
992 1905
5424 2428
4025 1828
738 5319
738 985
738 4954
6682 5503
5069 3187
201 3672
2832 6185
54 5007
54 5991
54 2121
54 3075
6403 4959
5218 1259
2060 5814
193 3866
758 3628
758 6478
902 1604
4858 2638
4858 350
5491 273
5491 6087
2615 4370
2615 5148
3862 2847
14 1914
6002 116
6002 2388
7072 6288
5328 340
2642 3881
6828 849
6828 1394
3744 4536
4196 49
4196 2103
210 2566
49 4196
49 5078
4150 4136
5787 1743
6779 2903
885 6051
2675 5009
5186 2086
2412 1905
5889 538
6359 4191
2472 3291
2472 1124
2472 2428
2472 3309
6377 3736
6377 2345
6364 5328
6364 3162
5104 1604
3729 3784
3729 1223
6293 3925
6293 5645
6293 1320
4396 4747
4396 859
4396 3961
1935 241
1935 99
1935 1537
4311 3380
4311 2516
5062 2888
6838 3875
6838 3343
111 3848
4508 3910
10 2044
1157 5680
1157 6852
1157 1562
1157 6768
1160 4592
1731 5994
1731 1465
1731 4092
3679 2114
2958 4404
4142 3962
2661 3458
2661 5199
4657 5405
764 1132
764 575
764 3959
3346 5955
6991 3511
5533 647
5423 3195
5423 2673
5423 4935
5423 5164
5423 356
5423 3174
1494 1641
325 3293
2022 6091
2022 653
3435 2882
4709 4932
2083 236
2083 6660
2083 1890
1969 2044
2592 6086
2592 55
2592 5358
2592 5405
1518 5747
494 4972
680 1455
680 5848
680 4287
680 3696
4533 4945
4533 4219
458 5680
458 1658
458 1583
1364 5994
1364 2989
3848 1363
3330 1070
3330 1428
3330 3667
3330 3875
3330 5016
1195 5197
1195 4852
7142 6754
7142 1364
7142 378
3723 5893
4867 6727
4867 3890
2779 4117
2779 1339
2977 1417
2977 1575
1797 2066
1725 3883
3055 5069
3055 2156
6513 4082
6513 1537
2589 6306
4171 1991
4171 4953
5498 61
2474 7098
2812 6028
1070 6781
1070 3679
1070 3875
4016 3221
6581 3834
6581 2243
6581 4303
4189 6885
4189 3618
624 6995
2954 6259
5190 5955
5190 3661
4625 1863
6392 58
4188 1677
3719 284
5415 1246
3317 1088
2561 6149
3784 6650
946 4452
946 563
5593 58
5593 2548
59 2447
5865 1456
4024 1976
1674 5830
1354 3147
3286 1641
3286 174
7098 1425
5253 4726
5253 1224
4143 6976
1891 2739
2868 1709
1924 5368
1272 3286
7010 6976
7010 1126
7010 4872
7010 1192
2529 6207
2221 4154
2247 3340
1930 2509
3517 5129
3517 3251
3381 6423
3381 2845
1598 1952
4225 5216
4225 3761
2468 4094
3155 2449
3155 570
3155 967
5120 3679
2147 2010
4364 860
2855 5236
1425 555
3357 4680
3342 3695
3252 871
4128 186
4128 6529
4458 5973
7175 5094
1324 2115
2605 3793
2605 4411
769 6897
3948 5601
5806 4598
5806 4932
4936 2278
4936 3290
4936 3849
5798 5601
6489 2246
2029 237
478 4402
3840 3221
6655 5242
6655 1565
4694 58
2254 5665
2254 534
2254 4010
2254 4691
6197 3072
6197 6275
6189 6088
5229 768
6554 2430
4598 4152
4598 4932
5039 5199
3066 2186
3066 3429
3443 4948
3443 5614
6911 3007
1905 1088
1905 634
1905 3916
1905 3856
191 1088
6985 3339
5503 6216
5503 3116
5503 575
5503 1192
3129 6464
2786 3862
1275 1349
6677 1538
1049 1280
1783 4928
1783 5009
3274 2549
538 574
3685 2814
1229 2620
808 1701
4460 5368
4460 3071
4460 6909
6184 5837
6184 774
6330 5981
3684 4622
4302 6885
4302 1635
4573 2428
6071 49
1970 3620
479 2587
4839 4100
4839 4747
4839 5278
3549 6295
3549 3221
4687 5893
2018 187
5144 2428
1840 6937
1786 1675
5899 2066
6537 3600
3429 171
3429 2016
4793 192
2034 4026
2034 6531
1556 3011
1556 1495
1556 5199
4242 6005
3234 1942
849 4832
849 5587
849 3068
248 3611
5546 5877
2471 4660
2471 5396
2471 6184
4473 58
4473 5572
3478 4907
5529 2174
5993 6105
3985 1736
5100 2430
1493 4143
1493 5801
5605 69
629 2185
629 1132
629 1192
629 2115
99 4196
4240 2044
1009 3478
1132 6142
1132 740
1132 2293
1132 1046
1132 2255
5809 3068
3301 4471
2656 3068
1639 6361
2609 198
6378 6024
1586 5712
6129 5080
1086 3192
3449 5741
3449 6243
5010 3589
4295 1562
4295 6463
4295 750
4295 4136
1948 5730
1948 5989
3304 3845
7115 859
7115 5108
7115 2293
5847 4598
222 1997
1825 2106
3177 5981
3756 5122
3756 6088
2050 1394
2050 2010
803 4505
5511 2472
5511 4709
3725 4504
3725 5544
4704 3378
4704 5989
3410 2787
2279 2121
347 6514
3049 2007
4728 5093
4728 5219
5860 1825
5860 4136
2953 969
6135 1117
4808 2047
17 5927
17 6185
17 6563
17 1715
2982 5219
171 2779
5743 2028
966 7052
966 1408
704 4588
2371 3273
608 6657
5877 2805
5877 2351
5877 2889
5877 5199
3980 4534
5541 430
5541 927
3148 5600
6187 1926
6187 5302
125 1816
1441 6919
1441 7107
414 4828
318 5954
318 5561
5363 710
6606 5858
3854 5470
4419 666
6471 5692
3146 1842
3146 537
3146 6008
6448 4094
6448 97
3930 723
669 6973
524 5955
4721 5801
4721 6117
7165 5243
4075 4196
5745 192
5745 4816
5745 4282
5745 6256
5745 4982
5745 3890
5017 2465
5017 3340
5017 6768
5017 6086
509 3730
509 1567
6443 4936
6443 3849
4255 4596
6787 79
5093 4994
979 860
860 350
860 4132
860 3098
860 145
860 6995
5289 117
3957 3793
4051 5994
4051 2279
4051 6051
4051 1182
