2862 1068
2862 5342
2862 4959
1743 4938
1743 3757
1165 3458
1165 5115
1165 480
1165 6933
1165 4028
1165 3330
1165 338
1165 3828
1165 2545
1165 6428
1165 4897
1165 3667
1165 5349
1165 5016
1165 4730
1165 472
1165 5155
1165 6545
1165 1005
531 4196
531 6377
531 1725
531 3192
531 4725
531 581
5449 6149
5449 3756
5449 5837
5449 4841
1950 184
1950 1928
1950 7105
1950 1976
1950 1968
1950 6047
1950 3568
6655 4498
6655 4508
6655 1272
6655 4309
6655 1839
6655 3549
6655 506
6655 4548
6655 3957
6655 3834
6655 6657
6655 4897
6655 5228
6655 5910
6655 4115
6655 3672
6655 3574
6655 2205
6655 6835
6655 1258
6655 148
2776 3517
2776 1136
2776 3251
2776 5710
6721 764
6721 3476
6721 575
6721 230
6549 1975
6549 5863
6549 5069
6549 4051
6549 2359
603 2224
603 3159
4694 5368
4694 1320
4694 4863
1987 2090
1987 723
1987 4951
2254 1662
2254 6842
2254 4465
2254 391
2254 3003
6466 4211
6466 3835
6466 6547
6466 6164
6466 3745
6197 1333
6197 6787
6197 4378
6197 6094
6197 3245
6197 988
6197 2187
6197 4534
6197 3841
6197 5005
6775 1641
6775 1562
6775 6086
6775 4468
1010 6306
1010 1359
1010 1324
1010 4461
1010 976
1010 5394
1010 4841
1010 1120
1010 6752
1010 2115
1010 5819
1010 2890
3975 2545
2441 6288
2441 1583
2441 3221
2441 1408
2441 4407
2441 6087
2441 2413
6189 2488
6189 602
6189 1511
6189 5837
6189 915
6189 2843
296 3415
296 885
296 4548
296 2849
5475 1641
5475 4548
5475 3834
5475 5047
5475 2200
5475 2345
5475 100
5475 1808
6554 1797
6554 5498
6554 2677
6554 6589
6554 3486
6554 1646
6554 1701
6041 6503
6041 797
934 5547
934 531
934 4573
934 6049
934 3720
934 6727
934 4263
934 4951
934 682
4393 5613
4598 4103
4598 2987
4598 1898
4598 231
4598 5806
4598 5040
4598 5847
4598 306
4598 695
4598 1340
4598 1540
4598 4373
4598 457
4598 3564
4598 1562
4598 6214
4598 894
4598 3281
4598 3340
4598 1130
4598 2984
4598 2736
4598 5569
4598 6761
4598 167
4598 4084
4598 2596
4372 7110
4372 4432
4372 2472
4372 3148
4372 2064
5924 6662
5924 6464
5924 6787
6328 6087
4615 5955
4615 6142
4615 3563
4615 2528
4615 1406
4615 5757
4615 4095
1331 1030
1331 3589
1331 6364
1331 5720
1331 6917
1331 2277
1331 767
1331 4198
1331 4390
1331 1616
1331 7086
1331 3343
1839 3135
1839 5242
1839 1684
1839 4605
1839 1974
1839 5771
1839 3281
1839 4115
1839 6748
1839 4404
5039 6976
5039 6259
5039 6714
5039 4894
5039 6306
5039 2180
5039 6729
5039 2589
5039 2474
5039 355
5039 6423
5039 436
5039 3577
5039 6195
5039 2885
5039 6093
5039 6990
5039 3144
5039 5858
5039 3674
5039 5220
5039 5375
5039 3344
5039 1369
5039 4423
5039 2648
5039 6487
4395 5210
4395 46
4395 6602
4395 3889
4395 4352
4395 6850
450 7067
450 3702
450 4924
450 398
3066 4712
3066 2349
3066 5724
3066 634
3066 5773
3066 4316
3066 1841
3066 2929
3066 2960
3066 3593
3066 5734
3443 319
3443 954
3443 2401
3232 58
3232 1565
3232 6590
3232 1816
3232 1253
3232 4932
7005 581
7005 5095
7005 5522
1830 3011
1830 6510
1830 6506
2584 3662
2584 7107
2584 5603
6911 2805
6911 2351
6911 4143
6911 6772
6911 629
6911 5801
6911 1456
6911 4990
6911 6066
6911 4358
6911 2784
6911 5585
6911 40
5201 6927
3246 2540
3246 4533
3246 5769
3246 5864
3246 3793
3246 4411
780 3911
780 621
780 6768
780 1074
780 6909
780 7057
4766 1141
4766 758
4766 1042
4766 4749
4766 6830
4766 1940
4766 3421
4696 5619
4696 5192
6257 1167
6257 3508
6257 3132
6674 1832
6674 957
6674 2568
1905 1214
1905 2339
1905 10
1905 2468
1905 3615
1905 3183
1905 3873
1905 6968
1905 3482
1905 2884
1905 2737
5634 2224
5634 5096
5634 4769
5634 6152
5634 262
5634 7125
3373 3976
3373 3683
3373 2202
3373 6008
3373 5988
191 141
191 3138
191 6745
191 4770
191 2622
5983 1145
5571 5411
5571 5787
5571 5426
5571 895
5571 3510
5571 5655
3921 5739
2992 5049
2992 2013
2992 1920
2992 1239
2992 4954
2992 6680
4280 1003
5925 6671
5925 5683
5925 728
5925 2565
6985 5290
6985 2805
6985 4804
6985 1505
6985 2028
6985 6438
6985 6772
6985 6652
6985 3766
6985 318
6985 7053
6985 4109
6985 6882
6985 6005
6985 3071
6985 1449
6985 2565
6985 5267
6985 4989
1650 1476
1650 4874
1650 6286
1650 6809
1650 1494
1650 4460
1650 2558
1650 248
1650 2932
1650 1332
1650 6301
1650 4474
1650 4501
1650 4219
1650 1430
1650 101
5503 4152
5503 2805
5503 7016
5503 4938
5503 2123
5503 5148
5503 4747
5503 1797
5503 6665
5503 5705
5503 4839
5503 171
5503 7065
5503 976
5503 916
5503 5724
5503 5090
5503 5858
5503 3674
5503 4872
5503 1582
5503 2967
5503 1321
5503 2368
5503 2424
5503 6009
5503 40
1511 602
1511 2471
1511 1677
6339 145
6542 1476
6542 1925
6542 5647
6542 4407
6426 7123
6426 1369
3129 3736
3129 6662
3129 5462
3129 6796
3129 6494
3129 2986
3129 4378
3129 487
3129 3544
3129 68
3129 6243
3129 1465
3129 1964
3129 3841
3129 6832
3129 806
3142 954
2786 4215
2786 6565
2786 1132
2786 3378
2786 6589
2786 3875
6870 614
6870 3860
6772 1212
6772 4242
6772 5308
6772 5858
6772 6768
6772 4423
4388 3784
4388 3080
4388 5292
2023 2997
2023 2430
2023 1735
2023 1280
2023 3514
5973 4257
5973 3849
5973 5989
1275 2185
1275 116
1275 4006
1275 1
1275 5122
1275 5127
1275 4300
5694 3965
5694 3357
5694 5661
5694 3078
5694 3812
5694 974
5586 6293
5586 5943
5586 6087
5470 3204
5470 3784
5470 524
5470 5886
5470 1768
5470 6271
5470 6792
6940 6518
4537 4471
4537 5953
4537 3918
4537 3703
4537 4680
6452 6024
2757 5725
5848 1455
5848 2656
5848 6229
1055 273
1055 45
1055 1419
6163 1083
6163 1088
6163 1166
6163 463
6163 1641
6163 2675
6163 397
6163 378
6163 7104
6163 2740
6163 1845
6163 6051
3140 1889
3140 1019
3140 6564
3140 380
3140 1805
3140 1841
3140 2929
3140 2667
3140 984
5746 5289
5539 6828
5539 6575
4418 6096
6984 5603
6677 5547
6677 5482
6677 138
6677 871
6677 4407
6677 3890
1049 6567
1049 18
1049 6047
1783 4726
1783 6282
1783 4110
1783 1019
1783 6564
1783 1470
1783 2566
1783 2186
1783 2053
1783 1455
1783 5253
1783 3066
1783 3429
1783 6159
1783 78
1783 4999
1783 2073
1783 634
1783 1805
1783 4913
1783 4316
1783 6757
1783 4420
1783 4651
1783 2622
1783 2989
1783 1059
1783 6231
1783 5734
3274 6111
3274 3884
3274 3965
3274 5963
3274 7008
3274 6115
3274 2760
3274 1573
3274 3498
3274 3336
3274 4342
3274 2250
3274 2515
3274 1962
6774 610
6774 2028
6774 6463
671 6338
671 4485
671 397
671 4687
671 4796
671 7104
671 2073
671 135
671 7117
671 7095
671 3928
671 2740
671 3482
671 6051
671 1182
671 2989
671 1876
2818 5407
4329 918
4329 2615
4329 3093
4329 3040
538 5242
538 3261
538 507
538 3689
538 2449
538 5416
538 4548
538 6594
538 2444
538 7023
538 4945
538 174
538 666
538 2973
538 2413
6897 6494
6897 4317
3685 6919
3685 2639
3685 4335
3685 358
3685 5011
3685 3136
3685 6822
3685 4114
3685 787
3685 5051
3685 4528
625 6091
625 4737
625 1319
625 3553
1229 2997
1229 784
1229 691
5143 4196
5143 2622
7172 5603
1048 4023
1048 2525
1048 1863
1048 3897
1048 653
1048 2666
1048 4854
808 5535
808 2577
808 5712
808 918
808 4559
808 5924
808 3401
808 1926
808 5611
808 6187
808 5302
808 6511
808 3544
808 4389
808 2607
808 3690
808 5707
808 1270
808 3667
808 2556
808 6024
808 2289
808 2190
808 5117
808 5932
808 2146
808 5155
808 5564
808 6890
1254 453
1254 100
1254 4119
3030 3500
757 6564
757 985
4521 1019
4521 6564
4521 5253
4521 3429
4521 2119
4460 5562
4460 610
4460 535
4460 4152
4460 6060
4460 1080
4460 6809
4460 1930
4460 1404
4460 1529
4460 4333
4460 3894
4460 4297
4460 1124
4460 3574
4460 6995
6184 179
6184 4925
6184 1354
6184 5601
6184 3647
6184 4908
6184 5815
6184 6358
6184 1575
6330 6765
6330 5624
6330 3151
6330 875
6330 6860
3684 260
3684 5642
3684 5867
3684 1437
3684 6905
3684 5508
3684 6936
3684 1014
3134 1030
3134 6003
3134 1070
3134 2553
1850 1706
1850 2775
1850 6838
1850 75
1850 3403
1850 3661
1850 2553
1850 4037
2222 4518
2222 1813
2222 430
2222 222
2222 1029
2222 237
2222 2296
2222 5114
4302 614
4302 5787
4302 3965
4302 3357
4302 6870
4302 3159
4302 3860
4302 6146
4573 1703
4573 1494
4573 5415
4573 2558
4573 3720
4573 6920
4573 5797
4573 5522
4573 3291
4573 1085
4573 4219
4573 4669
4573 2205
4573 5346
4374 49
4374 4839
4374 3043
5624 5981
5624 6765
5624 4064
5624 6820
5624 6860
5945 524
931 947
2071 5
2071 5507
2071 3976
2071 6008
2071 5988
2071 3007
2071 5468
2732 5398
2732 2702
2732 518
2732 4300
3561 5186
3561 517
3561 7181
3561 2607
3561 3720
3561 1238
6071 3736
6071 6662
6071 715
6071 6423
6071 6590
6071 1296
6071 5905
6071 6784
6071 79
1970 2022
1970 6650
479 2114
479 4554
479 3086
479 6211
4623 2186
4623 5423
4623 3429
4623 5100
4623 4907
4839 1538
4839 7016
4839 4938
4839 4410
4839 3208
4839 380
4839 5503
4839 6677
4839 6897
4839 5178
4839 6417
4839 533
4839 3544
4839 6947
4839 5334
4839 6243
4839 4707
4839 4420
4839 4317
4839 1465
4839 6753
4839 6240
4839 1321
4839 2970
4839 950
4839 3696
4839 5169
4839 435
4839 3890
3549 5985
3549 3000
3549 2085
3549 1080
3549 3286
3549 3840
3549 2018
3549 4078
3549 6357
3549 6657
3549 5741
3549 5307
3549 5228
3549 1687
3549 3368
3549 6484
3549 174
3549 1258
4830 1125
4687 1641
4687 4485
4687 2118
4687 7095
4687 1845
4687 5588
4687 6148
7105 4747
7105 5498
7105 61
7105 4846
7105 5223
7105 1553
4061 3219
4061 4330
4061 3698
4061 2167
4061 2946
4061 540
2018 2404
2018 255
2018 1387
2018 3172
2018 6317
2018 3286
2018 2068
2018 1684
2018 6575
2018 1562
2018 5935
2018 3916
2018 3894
2018 3265
2018 3874
2018 6086
2018 138
2018 3221
2018 97
2018 1028
2018 5405
2018 2981
2018 163
1478 4176
1478 237
5144 2638
5144 4196
5144 350
5144 2605
5144 5605
5144 6590
5144 2160
5144 5613
5144 3663
5144 3193
5144 6501
5144 167
1840 2557
1840 2609
1840 4402
1840 198
2299 5692
2299 6147
2299 1587
2299 5816
2299 4403
1786 2812
1786 5886
1786 5123
1277 3093
1277 4329
429 84
429 4542
1863 349
1863 6091
1863 4198
1863 1363
1863 2272
1863 4652
2641 4198
2066 18
2066 80
2066 4850
2066 738
2066 4225
2066 5503
2066 5899
2066 1976
2066 5216
2066 2902
2066 3870
2066 3568
188 6402
188 3947
188 6396
188 325
188 358
188 285
188 4562
188 1525
188 4161
188 6468
188 797
188 4403
6690 4227
6690 3224
6690 6227
187 6744
187 4397
187 3689
187 2449
187 1641
187 4602
187 405
187 2607
187 6130
187 3896
187 575
187 6514
187 113
187 2865
187 4468
187 1258
187 565
1719 5459
5630 3103
1474 4299
1474 563
1685 6662
1685 3911
1685 6346
1685 789
1685 1661
1685 5695
4064 4360
4064 71
5899 3414
5899 1909
5899 4225
5899 7175
5899 4040
5899 1727
5899 2902
5899 3761
5899 3568
805 2936
805 3674
805 4423
2558 282
2558 3261
2558 1565
2558 1725
2558 7005
2558 4460
2558 4827
2558 4584
2558 5522
2558 4297
2558 3221
2558 5346
2558 4729
6537 3913
6537 4972
6537 808
6537 1919
6537 2530
6537 5947
6537 7047
6537 722
6537 6511
6537 2301
6537 5442
6537 1645
6537 1428
6537 7023
6537 3875
6537 6358
6537 6177
6537 1258
3429 1390
3429 1889
3429 3626
3429 4110
3429 7016
3429 1641
3429 49
3429 2779
3429 1508
3429 5657
3429 6753
3429 6000
3429 4092
3429 6240
3429 6229
3429 1339
3429 4068
3429 3696
3429 2119
3429 5417
3429 6696
4793 5344
4793 3098
4793 581
4793 1808
4793 6584
4793 1679
4793 1408
4793 2743
5357 1703
5357 2215
5357 3573
5357 4319
5357 5754
5357 1334
5357 2864
5357 101
1434 4018
1434 3192
1434 6920
1434 387
1434 1248
1434 4411
2034 5094
2034 3414
2034 1909
2034 640
2034 5987
2034 1455
2034 4024
2034 3528
2034 3898
2034 3725
2034 836
2034 5216
2034 4102
2034 4892
1556 4193
1556 2635
1556 1376
1556 1354
1556 6184
1556 6606
1556 5298
1556 4589
1556 1575
1556 3125
2103 3736
2103 1926
2103 5108
2103 1465
2103 4092
6345 3274
6345 1125
4816 6209
4816 3626
4816 1832
4816 4410
4816 849
4816 4832
4816 1644
4816 3068
189 347
189 155
189 1408
2324 3809
2324 3150
2324 1536
2324 4660
2324 1376
2324 5683
2324 6506
2324 6326
2324 1449
2324 5903
3047 260
3047 5547
3047 2185
3047 4152
3047 2488
3047 5065
3047 2472
3047 355
3047 5420
3047 5039
3047 4242
3047 6423
3047 436
3047 5877
3047 6973
3047 6905
3047 5837
3047 3272
3047 551
3047 5858
3047 3674
3047 4326
3047 3894
3047 2220
3047 4872
3047 1822
3047 3344
3047 1606
3047 3819
3047 6487
3047 915
3047 1701
3047 3309
3047 1770
2114 3379
2114 5498
2114 1976
2114 7047
5552 222
1237 4847
1237 1100
1237 273
1237 1290
1919 4719
1919 4527
1919 3651
1919 4368
4242 4321
4242 355
4242 5039
4242 3047
4242 3674
3234 6464
3234 7136
3234 4966
849 6209
849 4948
849 3991
849 4410
849 1935
849 6201
849 7105
849 2018
849 187
849 5150
849 4548
849 2593
849 1394
849 1644
849 2973
849 3020
5178 255
5178 4938
5178 605
5178 769
5178 4839
5178 1436
5178 4287
3401 4100
3401 5049
3401 4396
3401 2253
3401 4389
3401 5216
3401 1239
3401 3468
3401 97
3401 1339
3401 2774
7161 1301
7161 601
7161 5098
7161 3936
7161 6913
7161 5031
7161 658
7161 2826
248 2614
248 7177
248 5405
248 4684
2530 3440
2530 6838
2530 1189
2530 6511
2530 1428
2530 5303
2530 7153
2530 3875
2530 3343
2530 5080
4062 5886
1912 7004
1912 4880
3015 5319
3015 6777
3015 591
3015 3342
3015 5493
3015 4591
3015 4
3015 4420
3015 5198
619 5115
619 2261
619 3330
619 5750
619 6023
619 1103
619 3097
619 5398
619 2627
619 5514
619 5866
619 6526
6528 4469
6528 7010
6528 1324
5038 2085
5038 3283
5038 2086
5038 113
5038 666
5038 4729
7101 179
7101 887
7101 5653
7101 3992
7101 6789
5546 3567
5546 5683
5546 2614
5546 837
2471 5885
2471 4289
2471 5350
2471 6427
2471 2954
2471 1324
2471 5601
2471 5799
2471 303
2471 2974
2471 3935
2471 6275
2471 7036
2471 5488
2471 5815
2471 3293
2471 4161
2471 4283
2471 3486
2471 4703
2471 6435
2471 3113
2471 101
4473 3402
4473 6328
4473 4072
4473 273
4473 1419
2839 5142
2896 6317
2896 6417
2896 6851
2896 1258
2896 5346
6408 1904
6408 4659
6408 1272
6408 187
6408 877
6408 485
6408 3399
6408 5679
6408 5128
6408 1258
6408 6819
2964 2953
2964 3376
1504 6169
1504 99
1504 2223
1504 3658
1504 1537
1504 423
3478 426
3478 5140
3478 1455
3478 3342
3478 769
3478 4839
3478 2656
3478 2016
3478 5855
3478 6229
3478 4892
754 4536
5529 601
5529 3439
5529 3583
5529 5688
6186 4193
6186 1376
6186 5877
6186 5298
6186 1495
6186 1822
6186 1677
6186 4494
968 962
2077 5914
5993 2755
5993 5340
5591 1330
5591 1974
5591 6540
5591 4982
5591 1937
3985 3906
3985 3561
3985 3549
3985 4408
3985 1445
2338 2635
2338 4660
2338 2351
2338 1674
2338 5638
2338 6184
2338 6606
2338 3011
2338 4875
2338 3281
2338 5199
2338 3268
5455 2383
5455 6998
6460 5115
6460 1070
6460 7153
6460 2378
6460 3343
6460 5016
740 6976
740 6149
740 6714
740 4188
740 2471
740 4721
740 6326
740 3088
740 5819
740 3125
5100 5456
5100 5411
5100 2997
5100 4527
5100 80
5100 5278
5100 5987
5100 2703
5100 2023
5100 2349
5100 704
5100 3886
5100 6066
5100 1031
5100 691
5100 1667
5100 4400
5100 3343
5100 3593
5100 783
5100 5417
5100 3174
5100 1646
5100 4588
5100 1280
6423 4894
6423 5783
6423 2340
6423 3293
6423 1989
6423 5776
6423 6487
1493 6714
1493 3377
1493 3047
1493 3766
1493 17
1493 669
1493 4686
1493 2590
1493 555
1493 4317
5605 3261
5605 5758
5605 1283
5605 4843
5605 538
5605 4373
5605 5598
5605 2129
5605 5615
5605 7015
5605 4059
5605 1135
5605 4945
5605 1074
5605 5647
5605 2249
5605 4863
5605 967
5605 1688
807 505
807 701
807 5477
807 5200
3610 6550
3610 799
3610 4968
629 260
629 4160
629 1126
629 5504
629 2233
629 781
629 2832
629 6858
629 3063
629 5122
629 3146
629 722
629 6407
629 2990
629 556
629 4841
629 5653
629 6639
629 2710
629 2453
629 551
629 4666
629 3790
629 1582
629 94
629 1606
629 1273
629 5444
629 6394
629 1701
5725 1387
5725 6201
5725 4024
5725 1976
5725 4092
5725 1321
1458 974
920 5562
920 1650
920 506
920 6269
5445 6091
5445 4595
5445 4199
5365 7107
5365 7172
5365 222
5365 1862
449 3478
5898 6265
5898 832
5898 4880
5898 3217
205 6126
205 3848
205 6257
205 4229
205 2203
205 4652
3159 7069
3159 2224
3159 4471
3159 1030
3159 1138
3159 4835
3159 4302
3159 6917
3159 5494
3159 3612
3159 3812
3159 4034
3159 1490
3159 822
3159 3067
3159 1252
3159 1910
2234 6920
2234 3221
99 241
99 3991
99 4397
99 4251
99 957
99 2593
99 3534
99 1394
99 4303
99 4082
99 1206
99 6833
99 871
99 4900
4240 2567
4240 1078
4240 3759
4240 7165
4240 2463
4240 7104
4240 4824
4240 820
4240 6373
4240 3482
4240 356
4240 6110
4240 5243
4240 5417
3518 3173
3518 3835
3518 3659
3518 2760
3518 5685
4078 1693
4078 2121
4078 3123
4078 5078
7004 4818
7004 3518
1009 3808
1009 5527
1009 4878
1009 6240
2701 3219
2701 2167
2701 2946
2701 6198
2701 1293
4735 5122
4735 338
4735 6093
4735 3674
4735 3627
6425 3567
6425 782
6425 5181
6425 6927
6425 5206
436 179
436 66
436 2589
436 3069
5040 5004
5040 2472
5040 4598
5040 3193
5040 5631
5040 6260
5040 1769
2983 5023
2020 4432
2020 2557
2020 3055
2020 3148
2020 4402
2020 1907
1132 7016
1132 5148
1132 3440
1132 1042
1132 629
1132 484
1132 4721
1132 5801
1132 1456
1132 6093
1132 1120
1132 5858
1132 4872
1132 1582
1132 4358
1132 5151
1132 1339
1132 1654
1132 3510
1132 3959
1132 858
1132 1253
1132 7058
6666 1515
6666 3406
6666 6637
6666 1958
6666 2850
6666 3982
6666 2879
6666 5966
6666 4918
6666 3805
6666 2727
6996 6485
6996 5848
6996 5426
6996 230
6996 2865
6996 2219
6996 950
6996 5286
2493 3306
2493 4897
2493 1816
5809 275
5809 3192
5809 4725
5809 4044
5809 4082
5809 4094
5809 5905
5809 6995
5150 4948
5150 4747
5150 6996
5150 4420
5150 2970
5150 6178
4018 2540
4018 6357
4018 4827
4018 5558
4018 4245
886 3429
1150 5115
1150 5042
1150 4938
1150 6517
1150 4972
1150 2015
1150 6838
1150 479
1150 3164
1150 6361
1150 5548
1150 5327
1150 6358
1150 2194
1150 5016
1150 3089
1150 1280
4132 1684
4132 1408
4132 2413
1882 535
1882 3243
1882 66
1882 2182
1882 484
1882 6187
1882 2927
1882 3069
1882 6978
1882 1065
5947 3600
5947 6838
5947 1070
5947 2530
5947 6511
2656 3626
2656 3015
2656 3304
2656 5493
2656 4420
2656 1059
2656 4892
2656 3562
945 6636
945 3090
945 6132
945 4115
945 6241
1522 1847
1522 3289
1522 2616
1522 5745
1522 4459
1522 6256
1522 3894
1522 2248
1522 4203
1522 1537
1522 1408
1522 6418
1522 2981
5677 1413
5677 5184
6603 214
6603 6087
120 5045
120 1198
120 3980
120 7182
120 2212
120 2418
120 6275
120 1544
120 7079
120 290
120 2364
6046 347
6046 644
6046 570
1639 1309
1639 2123
1639 2015
1639 5705
1639 5503
999 5886
6799 6216
6799 4215
6799 7123
6799 2180
6799 3862
6799 6729
6799 4143
6799 1931
6799 669
6799 5799
6799 4841
6799 2626
6799 94
6799 6589
6799 2600
2609 2762
2609 2390
2609 6809
2609 7072
2609 6852
2609 6655
2609 3148
2609 1974
2609 1562
2609 1658
2609 1583
2609 3611
2609 7050
2609 3287
2609 799
2609 750
2609 3433
6378 3600
6378 4925
6378 2948
6378 4093
6378 4972
6378 5420
6378 740
6378 6799
6378 3476
6378 5450
6378 1428
6378 789
6378 5398
6378 1655
6378 64
6378 5151
6378 5016
6378 3959
6378 1005
1586 18
1586 3845
1586 3357
1985 2322
1985 4527
1985 4368
1985 995
1985 691
545 4652
6129 2525
6129 1891
6129 1331
6129 5289
6129 767
6129 1428
6129 1616
6129 7153
6129 5487
6129 3875
6129 5016
219 1852
74 1713
74 3087
74 6215
74 6368
74 88
74 1334
74 5647
74 5219
4072 143
4072 2472
4072 5093
4072 6288
4072 1974
4072 4861
4072 6087
2349 5423
2349 5100
2349 1765
2349 1025
2349 6066
2349 6531
2349 4892
6710 1495
6710 1061
1086 4308
1086 1244
4488 1408
4488 4407
2706 2524
2706 7175
2706 5216
2706 6589
5821 6646
348 350
348 3090
348 2387
2287 2446
3449 7067
3449 6448
3449 5117
3449 2973
5010 4595
4506 4796
2538 3725
2538 4045
2538 1640
2538 5548
2538 4425
2538 1125
3766 7110
3766 5045
3766 2589
3766 1425
3766 1650
3766 4242
3766 2590
3766 4841
3766 3069
3766 5220
3766 6768
3766 3819
3808 3478
3808 99
3808 1379
3808 4082
3808 1537
3808 3068
4076 3273
4076 575
4295 3807
4295 3526
4295 5954
4295 7107
4295 6590
4295 927
4295 1029
4295 4717
4295 3270
4295 5206
4295 861
4295 3294
4295 5519
3215 236
3215 541
3215 5394
3215 2801
699 5456
699 2997
699 5278
699 5987
699 2015
699 5100
699 5035
699 4530
699 5548
699 1811
699 2293
699 6051
699 3668
699 3086
699 5417
699 431
5813 58
2676 1693
2676 1904
2676 6819
5166 4302
5099 750
1322 3185
1322 1426
1322 3638
1948 6586
1948 6799
1948 3277
1948 2990
1948 4990
1948 5220
1948 136
1948 2236
1948 6358
1948 5585
2932 5633
2932 1565
2932 1650
2932 2019
2932 4605
2932 2354
2932 2509
5527 5197
2624 2106
2624 7081
2624 2028
2624 6768
2624 3294
3304 5094
3304 6167
4456 6883
4456 3387
4456 2310
4456 7155
4456 5835
3716 6412
3716 4747
3716 5498
3716 61
3716 3709
3528 2119
2956 4141
2956 6804
4282 7110
4282 6595
4282 6176
4282 480
4282 824
4282 1160
4282 3840
4282 5754
4282 3098
4282 2709
4282 1816
4282 2413
5261 3000
5261 5728
5261 701
5261 5315
5261 3396
5261 5477
5261 6835
4893 1281
4635 6666
4679 5933
4679 3429
4679 4489
4679 5417
4679 3562
6368 3475
6368 4508
6836 554
6836 201
6836 7005
6836 4605
6836 5522
6836 4119
7115 5319
7115 4938
7115 3208
7115 6485
7115 2103
7115 3401
7115 6187
7115 5302
7115 4389
7115 3790
7115 5334
7115 3966
7115 3816
7115 4707
7115 4420
7115 1465
7115 5989
7115 2970
7115 3696
7115 1635
5847 4858
5847 4196
5847 3960
5847 3193
5847 3221
5847 2211
7181 5547
7181 3221
7181 967
5030 2505
5122 4837
5122 1359
5122 1324
5122 4461
5122 2112
5122 1120
5122 136
5122 6978
5122 1940
5122 5444
5122 858
222 1933
222 5270
222 5782
222 430
222 2029
222 6590
222 3616
222 438
222 3935
222 2171
222 358
222 3136
222 2296
222 5729
222 1449
222 5519
222 3001
222 1862
222 648
222 4147
3960 2152
3960 6769
3960 3111
3960 860
3960 35
3960 3894
3960 3663
3960 4407
3960 6995
1856 5044
1856 6616
1856 5093
1856 1568
1856 7052
1856 6920
1856 1148
1856 5615
1856 4201
1856 5742
1856 3806
1856 6360
1856 5631
1856 4293
1856 6596
1856 5219
1856 1274
5665 1693
5665 1846
1825 5350
1825 4150
1825 782
1825 2814
1825 2222
1825 1740
1825 4569
1825 3136
1825 5206
1825 6326
1825 3294
1825 790
2941 996
2941 6240
1778 175
1778 3041
3177 4064
6874 5562
6874 4460
6952 4527
6952 1049
6952 24
3756 3314
3756 1066
3756 5045
3756 50
3756 2663
3756 4311
3756 2990
3756 5653
3756 5450
3756 551
3756 6752
3756 4423
3756 2594
3756 62
3756 1153
1102 4196
1102 4740
2050 4355
2050 5951
2050 6829
1976 6554
1976 911
1976 6211
1885 574
803 5535
803 2577
803 3449
803 621
803 1528
803 113
803 5117
803 3536
803 2973
6718 6495
2164 3289
2164 106
2164 3167
3615 1641
3615 1905
5180 3618
5511 3052
5511 5069
5511 6549
5511 1778
5511 2942
5511 6768
5511 1530
5511 1124
7002 2525
7002 3920
7002 1240
2683 5121
2683 2888
2683 3517
2683 2776
2683 5129
2683 5056
2100 5507
2100 3349
2100 3683
2100 1952
2100 3620
3794 6164
3794 6038
338 2533
338 2465
338 4186
338 4657
338 1165
338 6911
338 5122
338 669
338 3577
338 4686
338 3025
338 3476
338 2710
338 1120
338 3790
338 1544
338 6589
338 774
338 1273
338 3875
338 6177
338 5151
338 3959
338 1575
338 5585
3725 18
3725 2025
3725 640
3725 4186
3725 1832
3725 3752
3725 2615
3725 3679
3725 3329
3725 2507
3725 6485
3725 6911
3725 3401
3725 1150
3725 1931
3725 1330
3725 4826
3725 2301
3725 3476
3725 4555
3725 4846
3725 230
3725 3663
3725 4454
3725 4317
3725 3959
3725 1701
3725 6121
3725 4959
3725 5296
6424 5859
6424 4983
6424 3392
6424 3965
6424 3618
6424 2277
6424 3078
6424 974
574 538
6534 3357
1638 6976
1638 2767
1638 1120
175 3111
175 4373
175 6260
3783 1808
4704 4196
4704 2855
4704 3047
4704 4990
4704 3340
4704 1046
4704 3244
3410 1997
3410 3150
3410 5158
3410 5451
3410 276
44 803
44 3109
44 1111
44 1036
44 5346
44 4505
4182 5547
4182 4308
4182 4410
4182 49
4182 2896
4182 6417
4182 1983
4182 6178
6668 2106
6668 1813
6668 2803
4047 582
2279 2468
2279 5017
2279 4875
2279 1182
2279 431
2279 3339
1418 3470
1418 3072
1418 4318
1418 7149
149 5065
1216 854
1216 3856
4885 3802
4885 1693
4885 4793
4885 2086
4885 1384
4885 485
4885 1445
4392 1889
4392 4100
4392 3538
4392 5278
4392 4954
4392 6000
4392 6531
347 1641
347 3936
347 7161
347 5031
347 7063
347 3834
347 2444
347 4534
347 2428
347 174
347 2826
347 229
3337 1969
3337 6199
3337 1026
3337 1452
3337 2520
3337 5617
3337 3067
3337 1910
484 7110
484 4152
484 6054
484 3434
484 5065
484 2472
484 2661
484 2474
484 1425
484 1650
484 6423
484 436
484 6973
484 3577
484 2691
484 2590
484 2885
484 6093
484 6990
484 5220
484 5199
484 6088
484 4423
484 5081
484 1253
3049 5171
4865 1387
4865 605
4865 4890
4865 6317
4865 7175
4865 1976
4865 1321
4728 5605
4728 5905
4728 4863
4728 1274
5860 1051
418 2185
418 1349
418 4674
418 551
6590 3807
6590 1623
6590 350
6590 5270
6590 7005
6590 1522
6590 222
6590 175
6590 1029
6590 4373
6590 6256
6590 4584
6590 37
6590 4059
6590 5095
6590 4092
6590 6260
5854 6883
2953 897
2953 6265
2953 2964
2953 3745
2953 6525
3828 7056
3828 383
3828 2615
3828 408
3828 1132
3828 5707
3828 548
3828 3790
3828 3233
3828 472
3828 2845
5673 6423
5673 692
6826 3960
854 463
854 6777
854 4706
854 3066
854 1905
854 1783
854 78
854 3873
854 4928
854 634
854 119
854 6274
854 356
6135 2592
6135 1474
6135 3041
6135 5170
6135 5095
6135 4334
169 4796
1926 5535
1926 6414
1926 1942
1926 1641
1926 4196
1926 4396
1926 6993
1926 4848
1926 6096
1926 6494
1926 538
1926 5182
1926 7115
1926 2986
1926 676
1926 575
1926 6964
1926 2121
1926 3468
1926 5741
1926 1095
1926 1964
1926 5314
1926 2219
1926 2720
1926 460
1926 1635
1926 5874
1926 4947
1926 1438
6420 5394
6420 6639
4878 1088
4878 3060
4878 2034
4878 4832
4878 2358
4878 984
17 2767
17 5449
17 6660
17 3247
17 684
17 4841
17 94
2982 1089
2982 2540
2982 1713
2982 1024
2982 74
2982 6368
2982 88
2982 1588
2982 2205
3759 4485
3759 2053
3759 992
3759 3972
3759 4142
3759 671
3759 4240
3759 378
3759 4796
3759 7104
3759 615
3759 2044
3759 3856
2616 241
2616 5970
2616 3142
2616 4816
2616 5809
2616 957
171 18
171 4100
171 4938
171 2615
171 49
171 6485
171 6071
171 2103
171 3072
171 5302
171 1528
171 3468
171 6243
171 985
171 3378
171 5989
171 950
171 3068
506 6467
506 6655
506 3098
506 3221
506 2428
506 4501
506 4407
506 2413
1047 6087
5023 1633
5023 2638
5023 1852
5023 4598
5023 860
5023 4421
5023 5228
5023 2959
308 3567
308 3285
308 6671
308 6423
308 1825
308 927
308 3300
308 6468
308 2400
308 284
580 58
580 3719
580 5201
580 3281
580 4684
5743 610
5743 4720
5743 58
5743 903
5743 1536
5743 2557
5743 430
5743 248
5743 3385
5743 5017
5743 3711
5743 2614
5743 3340
5743 6463
5743 837
5743 5790
5743 4684
5743 101
5743 4136
6676 3385
6676 6927
6676 5340
6676 6742
6896 224
6896 6323
6896 1272
6896 410
6896 485
6728 625
6728 653
6728 342
1427 5572
1427 7083
6239 5044
6239 115
6239 1258
4205 4351
4205 771
966 2603
966 2449
966 2958
966 5475
966 538
966 35
966 2129
966 3894
966 145
966 174
966 2364
966 6995
966 1258
966 5346
261 535
261 4991
261 1449
4320 6533
4320 5681
4320 5932
4320 3734
3472 644
3472 3221
3472 1408
1913 840
1913 5504
1913 4660
1913 6908
1913 1
1913 3063
1913 5122
1913 2889
1913 4545
1913 3110
6078 1926
6078 5302
6078 3092
6078 2556
6078 2146
6417 241
6417 5339
6417 1538
6417 6169
6417 2018
6417 4548
6417 533
6417 4355
6417 3501
6417 4044
6417 6051
6417 1206
6417 174
6417 3890
704 3379
704 4398
704 3343
704 5770
704 4019
2371 1185
2371 186
2612 814
2612 5886
2612 3350
2803 1825
2803 6463
1084 2249
1084 6748
608 3000
608 190
608 1870
608 3286
608 4419
608 1831
608 5797
608 5458
608 6615
2585 2948
2585 6306
2585 2474
2585 120
2585 2885
2585 4841
2585 1120
2585 1663
3832 1701
5877 3567
5877 6498
5877 6714
5877 3434
5877 3285
5877 6671
5877 602
5877 6772
5877 6710
5877 487
5877 3711
5877 2614
5877 873
5877 358
5877 6646
5877 6326
5877 2821
5877 5451
5877 4161
5877 5776
5877 2040
5877 898
2645 1646
3980 6662
3980 3911
3980 4281
3980 870
3980 3635
3980 1296
3980 1399
3980 5133
3980 6301
3980 2359
3980 2874
3980 2364
3980 2845
3980 6435
3980 4856
6719 1901
6719 2169
5778 846
5778 2241
5778 5418
5778 2447
5778 1153
2986 2791
2986 1926
2986 827
2986 6947
2986 2556
2986 3754
2986 5314
2986 4730
3338 5269
3338 428
3338 2339
3338 1503
3338 7042
2946 4859
4449 6342
4449 1709
5541 6676
5541 5206
5541 1328
5541 6463
5541 790
5541 4528
5541 4136
3576 3206
360 2226
6973 3323
6973 2832
6973 1425
6973 3766
6973 3756
6973 484
6973 5830
6973 3025
6973 2691
6973 2590
6973 2528
6973 5151
6973 3530
3148 480
3148 1925
3148 5065
3148 2472
3148 3232
3148 1907
3148 2343
1931 849
1931 4348
1931 6256
1931 6540
1931 1837
1931 5587
5611 918
5611 1885
5611 722
5611 2865
312 692
312 2607
312 5117
3072 3736
3072 3004
3072 3810
3072 4379
3072 715
3072 892
3072 6464
3072 1674
3072 6796
3072 1165
3072 6187
3072 2429
3072 2356
3072 6725
3072 2440
3072 109
3072 621
3072 5771
3072 7149
3072 1964
3072 2236
3072 3841
3072 6832
3072 6177
3072 5573
3072 3959
3072 6784
3072 79
3072 2973
6187 2789
6187 3736
6187 5462
6187 6127
6187 4379
6187 1994
6187 4396
6187 6494
6187 5182
6187 808
6187 171
6187 827
6187 7136
6187 5216
6187 5022
6187 575
6187 5334
6187 395
6187 6978
6187 5314
6187 3841
6187 1857
125 1080
125 66
125 454
125 1930
125 1165
125 6135
125 506
125 5754
125 789
125 6177
6726 264
6726 3511
6726 2736
5728 3396
2842 2329
2842 273
5258 1942
6159 4524
6159 826
6159 463
6159 5714
6159 1827
6159 725
6159 102
595 5158
1441 2814
7119 1125
414 6883
318 5562
318 535
318 4152
318 2351
318 454
318 6985
318 1650
318 4242
318 2471
318 484
318 506
318 1974
318 3711
318 4297
318 1677
318 5299
318 6499
318 5358
318 1449
318 5819
318 3499
5363 4486
5363 4623
5363 5035
5363 1805
5363 1000
5363 984
1636 349
1636 111
1636 2022
6606 4289
6606 1212
6606 2690
6606 6518
6606 1376
6606 6908
6606 1324
6606 5122
6606 6830
6606 303
6606 3011
6606 1822
6606 3849
6606 1940
6606 1677
6606 2821
6606 2575
6098 1078
6098 5725
5686 4836
5686 3404
5686 6245
5686 1832
5686 4196
5686 4559
5686 5174
5686 6051
5686 2175
5686 2359
5686 7077
3854 1566
3854 5996
133 506
133 5754
133 1124
133 1816
5029 1852
1892 6278
1892 522
1457 6549
1457 1778
1457 2444
1457 5902
1457 1074
4419 3655
4419 3874
6471 6195
6471 4717
6471 731
6471 1529
6471 5077
6471 1812
6471 1449
6471 750
6471 837
3146 2185
3146 4599
3146 1423
3146 3285
3146 1042
3146 1685
3146 1132
3146 6883
3146 4545
3146 3378
3146 6752
3146 5784
3146 3007
3146 5695
3146 6890
3146 4855
4444 2897
4444 6234
5381 5091
5381 181
5381 1272
5381 2909
5381 1271
4548 4948
4548 5970
4548 3415
4548 49
4548 6201
4548 1650
4548 538
4548 6417
4548 1684
4548 1485
4548 621
4548 3658
4548 2568
4548 1036
4548 4505
6448 2404
6448 1942
6448 3702
6448 6689
6448 2986
6448 6187
6448 575
6448 2121
6448 4924
6448 6450
6448 6243
6448 2865
6448 460
6448 5573
6448 1028
6448 806
6448 1438
6502 5015
340 2185
340 2832
340 6528
340 6589
340 1940
340 5444
340 2528
340 3486
340 2516
340 1153
3930 3891
3930 889
3930 4010
3930 6058
3930 3003
1794 1476
1794 3561
7038 3589
7038 3392
7038 2277
7038 3560
7038 1317
7038 186
1740 1939
1740 5350
1740 3820
1740 2028
1740 1825
1740 308
1740 6768
1740 3300
1740 284
1740 3527
1740 4136
5447 3702
5447 1641
5447 2615
5447 5503
5447 740
5447 1926
5447 3378
5447 4094
5447 1701
6931 1125
4698 3626
4698 6721
4698 4826
1156 2224
1156 4835
1156 3159
3241 4858
2157 5350
2157 4298
2157 54
2157 5939
2157 3377
2157 580
2157 4721
2157 5017
2157 5801
2157 774
2157 6117
2157 5819
2157 101
669 5885
669 2533
669 6714
669 5280
669 3243
669 2663
669 1902
669 355
669 6197
669 6423
669 5122
669 1913
669 2927
669 5601
669 2560
669 1120
669 4872
669 6936
669 5499
669 3099
669 721
6538 3274
6538 1125
2927 1676
2927 3434
2927 4894
2927 2180
2927 4660
2927 1147
2927 2661
2927 2474
2927 7098
2927 6710
2927 5877
2927 669
2927 2885
2927 4841
2927 6093
2927 6990
2927 1296
2927 3144
2927 3674
2927 5220
2927 1544
2927 1495
2927 6978
2927 1822
2927 1369
2927 4283
2927 2648
2927 4730
2927 6435
2927 1005
4434 5700
4434 6794
4434 5724
4434 4287
4434 3696
3506 5115
3506 2049
3506 14
3506 5750
3506 619
3506 1103
3506 3097
3506 2457
3506 2627
3506 5866
6015 1214
524 4336
524 1850
524 1267
524 1973
4721 3010
4721 4549
4721 6427
4721 2635
4721 1511
4721 976
4721 3011
4721 681
4721 858
4721 5585
2014 2339
2014 2053
2014 2816
2014 6348
1034 7081
1034 782
1034 5298
1034 3935
1034 2506
804 46
804 342
804 1934
804 1721
804 5480
7165 463
7165 3226
7165 2053
7165 992
7165 469
7165 4928
7165 4986
7165 6274
7165 356
7165 5417
7165 1345
3450 3618
3450 670
250 4471
250 3918
250 4680
4075 5900
4075 5344
4075 3587
4075 3098
4075 35
4075 3663
4075 6635
4075 6851
4075 2353
4075 352
4075 5477
4075 4279
4075 3260
5745 5044
5745 4394
5745 115
5745 1870
5745 3840
5745 877
5745 1408
5745 4407
5745 1253
5745 2413
7065 386
7065 6885
7065 7125
5017 5994
5017 3821
5017 6809
5017 4321
5017 3120
5017 2279
5017 1562
5017 3611
5017 4875
5017 4181
5017 2187
5017 1894
5017 473
5017 6051
5017 1182
5017 3858
5017 2393
5017 5790
5017 1438
3577 2805
3577 436
3577 484
3577 6973
3577 3025
3577 2691
3577 5858
3577 1544
3577 2702
3577 555
3577 5815
3577 290
3577 6487
509 480
509 5357
509 3291
6443 260
6443 5867
6443 3684
6443 3756
6443 669
6443 6905
6443 4326
6443 374
6443 1497
6443 6692
6443 4144
814 3507
814 3525
814 6449
814 1240
6199 10
6199 3337
6199 854
6199 3873
6199 634
6199 5617
6199 3987
4556 4409
4556 616
4556 145
4556 3193
5020 6365
5020 5376
5020 1029
5020 6140
5020 280
5020 5158
5568 2001
5568 4213
7033 236
7033 17
1349 4674
5152 6965
832 4211
832 6547
832 368
832 5395
5302 3913
5302 3990
5302 4100
5302 2903
5302 5462
5302 4396
5302 2986
5302 6448
5302 827
5302 5216
5302 3961
5302 395
5302 6978
5302 2293
5302 1964
5302 5314
5302 97
5302 2065
5302 4947
5302 2845
3950 58
3697 6091
5622 6988
5622 5315
5622 683
5622 570
3065 1374
6794 255
6794 4839
6794 2016
6794 3043
6794 4287
6794 4102
3041 2431
3041 789
3041 5797
3041 2393
3041 1085
3041 1816
3041 6748
6787 6135
6787 658
6787 6094
6787 6832
6787 1074
6787 1258
2632 4078
2632 485
2901 6096
2901 4826
1560 6781
1560 4398
1560 7047
1560 6511
1560 2301
1560 5442
1560 1690
1560 4019
2543 6169
2543 4355
2543 4082
2543 1537
2543 6568
1372 1035
1372 5925
1372 728
1372 3857
4490 1301
5093 4031
5093 3052
5093 5065
5093 6616
5093 4533
5093 2605
5093 3246
5093 1856
5093 5615
5093 5905
5093 4474
5093 1124
5093 3326
5093 5219
5093 6087
979 7024
979 350
979 2605
979 4421
979 2387
979 2736
979 167
979 4407
979 6260
1877 564
3838 5643
3838 107
3090 5044
3090 115
3090 4498
3090 1922
3090 4508
3090 2529
3090 3840
3090 945
3090 966
3090 5622
3090 6200
3090 6762
3090 4724
3090 683
3090 6540
3090 145
3090 4219
3090 6835
5493 591
5493 3015
5493 4489
860 2684
860 6893
860 7034
860 1272
860 4364
860 5605
860 3960
860 5023
860 3090
860 3340
860 69
860 3806
860 5028
860 167
860 6260
2873 6363
3277 5507
3277 1842
3277 3529
3277 7101
3277 537
3277 3708
3277 2112
3277 2255
3277 4855
3889 4395
3889 4352
3889 6850
4236 3037
3745 5807
3745 377
5830 916
5830 2788
6553 1997
6553 4957
6553 1828
6553 58
6553 6365
6553 6919
6553 2143
6553 5376
6553 5952
6553 4518
6553 991
6553 5782
6553 325
6553 1813
6553 2814
6553 3616
6553 2171
6553 2139
6553 4606
6553 4956
6553 375
6553 5519
6553 6872
6553 4271
5289 6003
5289 2888
5289 3920
5289 3132
3957 4031
3957 7001
3957 1024
3957 1870
3957 4533
3957 2529
3957 3840
3957 7052
3957 1238
3957 6920
3957 1148
3957 5615
3957 3894
3957 3785
3957 5742
3957 4293
3957 4084
3957 5219
3957 6835
3957 1769
3957 6062
4051 2465
4051 3554
4051 6377
4051 2018
4051 5017
4051 4355
4051 3075
4051 3040
4051 3339
6288 478
6288 2842
6288 7053
6288 1658
6288 3894
6288 6618
6288 1320
6288 1907
6288 412
6288 3276
4492 6666
4492 2303
4492 5192
6451 4252
5453 4659
5453 5038
5453 3283
5453 5244
5453 5679
5592 4390
6917 5942
6917 5052
6917 4471
6917 6885
6917 3349
6917 5840
6917 1331
6917 3683
6917 719
6917 6244
6917 879
6917 186
6917 3826
6917 822
6917 4921
6917 1680
6023 1189
6023 619
6023 2457
3683 6478
4045 1335
4045 3725
4045 417
4045 1125
2429 3135
2429 2681
2429 4379
2429 1750
2429 2181
2429 5615
2429 6768
2429 1113
2429 6301
2429 4863
2429 6062
4749 3756
4749 6185
4749 1606
4866 5954
4866 6671
4866 4717
4866 3186
4866 4968
4866 33
7047 6552
7047 3330
7047 1070
7047 1919
7047 722
7047 6511
7047 1645
7047 3343
7047 5016
7047 4588
937 2160
534 2254
534 4010
534 4691
534 1846
534 4951
534 2131
534 391
5801 58
5801 4370
5801 3010
5801 5350
5801 6714
5801 2744
5801 2471
5801 1493
5801 629
5801 5308
5801 1562
5801 1495
5801 64
5801 1675
5801 858
394 6873
394 4758
676 6976
676 3243
676 6993
676 1750
676 1882
676 1926
676 6187
676 2927
676 5302
676 395
676 94
676 1449
6913 5098
2734 4892
172 2440
172 3154
2202 6091
2202 3589
4461 6092
4461 1042
4461 7010
4461 629
4461 5394
4461 2220
1744 7110
1744 480
1744 1693
1744 3850
1744 1272
1744 7063
1744 1238
1744 3368
1744 2393
1744 6835
1568 47
1568 6958
1568 3052
1568 1856
1568 69
1568 3806
2356 3135
2356 1301
2356 5098
2356 4379
2356 1750
2356 945
2356 4490
2356 6132
2356 658
2356 4605
2356 310
2356 4581
2356 563
2356 1894
2356 473
2356 1113
2356 4863
2356 806
155 2603
155 2805
155 4397
155 4763
155 5605
155 484
155 1684
155 3894
155 5741
155 6484
155 666
155 2826
155 5346
5298 2106
5298 6149
5298 7081
5298 2911
5298 848
5298 3011
5298 873
5298 1796
5298 2139
5298 1989
5298 3268
5298 6487
5298 1575
5298 284
722 3600
722 5319
722 5712
722 4972
722 4006
722 2416
722 892
722 6464
722 6158
722 5120
722 1165
722 629
722 5673
722 704
722 312
722 3277
722 7047
722 827
722 7136
722 3708
722 5442
722 2430
722 2112
722 5398
722 3674
722 5314
722 5286
5031 4100
5031 3752
43 3653
43 2390
43 4820
43 6809
43 6852
43 799
4832 996
4832 3478
4832 449
4832 886
4832 6240
4832 3068
1489 4660
1489 5821
1489 2440
1489 1622
1489 3154
1489 5199
1489 6088
1489 1449
1489 3354
5088 3821
5088 4299
5088 1035
5088 1744
5088 3116
5088 5439
5088 1562
5088 5102
5088 1426
5088 1046
5088 3263
6577 4530
6577 5016
306 457
537 4360
537 4821
6008 1842
6008 781
6008 2832
6008 5328
6008 4615
6008 6452
6008 1685
6008 3976
6008 3146
6008 524
6008 5386
6008 1952
6008 1655
6008 6024
6008 3628
6008 4823
6008 1153
5576 350
5576 4598
5576 979
5576 69
5576 167
5576 4407
5576 6260
5576 2413
5601 4428
5601 4469
5601 4888
5601 2832
5601 3756
5601 669
5601 4841
5601 6185
5601 94
5601 6843
5601 1953
5601 5819
5601 2575
5601 3169
6831 7066
6831 5122
2479 5633
2479 2465
2479 903
2479 3044
2479 1902
2479 4051
2479 6725
2479 4566
2479 819
2479 3883
2479 3339
4250 6259
4250 2180
4250 2351
4250 5638
4250 5973
4250 6184
4250 6606
4250 916
4250 6990
4250 6910
4250 4494
4250 1575
4319 872
4319 214
4319 5605
4319 74
4319 509
4319 4581
4319 953
4319 2952
4319 4115
4319 1816
5494 614
5494 3357
5494 1851
5494 3612
5494 1635
5494 752
6650 2004
6650 1297
6650 4088
6650 178
6650 6953
6650 1032
6650 495
1983 957
6898 6885
6898 2277
6898 822
3781 5914
3781 5009
378 1083
378 1166
378 210
378 2675
378 469
378 2468
378 1905
378 3873
378 5197
378 634
378 3856
378 5855
378 3926
378 2884
378 1076
378 239
378 4695
378 2989
378 1292
378 5734
1103 4186
1103 14
1103 2261
1103 3330
1103 5016
3728 2888
3728 1240
3728 3350
3728 122
1998 627
1998 4239
1998 3757
1998 5371
1998 40
4905 4527
4905 4215
4905 2180
4905 5396
4905 2471
4905 338
4905 3025
4905 4530
4905 297
4905 1675
4905 1663
4905 6894
78 1889
78 5319
78 6777
78 5253
78 3342
78 6677
78 4521
78 2656
78 5493
78 5429
78 800
78 2016
78 2293
78 6000
78 6531
78 6274
78 356
78 6600
78 3510
685 5994
685 4726
685 1174
685 2468
685 3916
685 5059
685 4695
1692 3306
1692 3730
1692 2736
1692 5211
695 2472
695 5631
695 6260
695 2640
1401 5238
1401 2152
1401 763
1401 3730
1401 6726
1401 306
1401 1340
1401 609
1401 3564
1401 4027
1401 3098
1401 3022
1401 3663
1401 2745
1401 4974
1401 4172
1401 4842
1401 6501
5687 7107
5687 2814
5687 375
4239 4928
6429 2961
6429 6402
6429 3016
6429 1051
6429 2814
6429 6425
6429 2802
6429 6822
6429 787
3605 5350
3605 6060
3605 4460
3605 3148
3605 3175
3605 6927
3605 4161
3605 6742
6132 5885
6132 3736
6132 6427
6132 6464
6132 6796
6132 120
6132 2440
6132 3011
6132 68
6132 6243
6132 6646
6132 1822
6132 1677
6132 3841
6132 1449
6132 6971
5658 534
5658 6049
5658 4691
5658 1846
5658 4951
5658 3908
4433 143
4433 5586
4433 5579
4433 777
4433 6087
6175 2557
6175 4402
3914 869
3914 4498
3914 5415
3914 4407
3914 2413
4077 957
4077 85
4077 2568
7053 5504
7053 3730
7053 5039
7053 805
7053 484
7053 4872
7053 5127
7053 5041
7053 1677
7053 817
7053 5819
7063 6784
533 6201
533 957
4237 7113
4237 273
1052 2557
1052 5093
1052 6288
1052 1583
1052 519
4108 3076
4108 670
4108 775
1330 5094
1330 849
1330 5950
1330 6929
1330 3874
1330 2600
1330 5587
2375 1828
2375 2143
2375 5782
2375 2578
2375 5158
2375 5240
2375 4147
516 2717
4378 5535
4378 6423
4378 692
4378 1296
3886 6083
3886 5423
3886 3540
3886 5100
3886 699
3886 1765
3886 356
3886 1667
3886 3761
3886 4590
6180 3990
6180 18
6180 1926
6180 395
6180 4094
6180 398
6180 5078
6180 925
1640 6167
1640 5447
1640 2545
1640 5548
1640 24
1640 1646
1640 6894
16 1641
16 5741
16 6832
16 4468
16 2973
16 1258
16 1978
16 565
1039 4199
705 2005
705 1505
705 2028
705 248
705 5743
705 6882
705 4875
705 4684
705 3339
6864 2638
6864 350
6864 979
6864 5576
6864 2160
6864 2387
6864 2428
6864 6260
504 3145
504 5174
504 7121
504 5295
504 5222
2223 1832
2223 4196
2223 2855
2223 4816
2277 5163
2277 6258
2277 3589
2277 1331
2277 3159
2277 6917
2277 6898
2277 3560
2277 1317
2277 267
2277 4390
2277 292
2277 1490
2277 6009
2950 1782
2950 5900
2950 6595
2950 6842
2950 4075
2950 35
2950 3663
2950 6251
2950 4465
2950 2131
2950 391
2950 5938
2950 4179
3942 843
3942 184
3942 7175
3942 5216
3942 5257
3942 2293
3942 3668
1561 4739
1561 101
6739 5743
6739 3611
6739 5791
4826 4719
4826 843
4826 2025
4826 3626
4826 4938
4826 2615
4826 764
4826 2779
4826 3357
4826 6721
4826 4698
4826 3192
4826 3663
4826 1339
4826 1701
4826 6995
976 6714
976 6306
976 2180
976 2035
976 4188
976 4143
976 1425
976 602
976 4430
976 1582
976 3378
976 774
976 3849
976 6117
976 1677
976 5585
976 5819
2046 7078
2046 1929
4796 3138
4796 3723
4796 6745
4796 4913
4796 4316
4796 4859
6296 3135
6296 3439
6296 1925
6296 1565
6296 6809
6296 6542
6296 6590
6296 3910
6296 6138
6296 4238
6296 1585
6296 1816
6296 1253
6296 5909
6296 4932
916 6976
916 6054
916 6908
916 5396
916 1
916 6729
916 4143
916 5449
916 5973
916 2732
916 6799
916 669
916 4721
916 5837
916 6716
916 3011
916 6768
916 6185
916 6506
916 1677
916 62
916 4300
784 5116
784 3679
784 408
784 7047
784 4734
784 2600
6511 179
6511 5262
6511 4398
6511 4028
6511 5570
6511 4311
6511 2071
6511 7047
6511 6599
6511 118
6511 518
6511 691
6511 2495
6511 1914
6511 1604
6905 6092
6905 2767
6905 3063
6905 1010
6905 4326
6905 3311
6905 3814
6905 1715
6905 1192
5012 6913
5012 2356
5012 621
5012 563
5012 2187
3438 6602
3438 4854
3438 342
3438 1721
5575 3906
5575 1687
1684 5985
1684 3261
1684 3850
1684 1080
1684 1641
1684 2638
1684 7034
1684 2855
1684 1885
1684 6590
1684 4548
1684 155
1684 5308
1684 395
1684 7023
1684 4945
1684 2313
1684 5078
1684 4407
3428 969
3428 4880
3428 3515
5516 101
927 1729
927 5860
927 5206
927 1344
5394 6976
5394 4943
5394 6423
5394 4456
5394 6420
5394 669
5394 5520
5394 4841
5394 4674
5394 6639
5394 1120
5394 1118
5394 1890
5394 3483
5394 2898
5394 6936
5394 6478
5394 2007
5394 3169
4153 591
4153 5429
3262 3679
3262 922
3262 3498
3262 2250
4194 7053
4194 3011
4194 6910
1340 3730
1340 3124
1340 5211
1340 1259
1340 5721
692 4397
692 1333
692 3689
692 4602
692 6
692 6423
692 3449
692 803
692 1528
692 6514
692 6243
692 6585
692 6088
692 5005
692 6903
692 3218
51 6342
2678 4858
2678 4450
2678 2736
6749 7162
6749 2609
6749 5943
4803 236
4803 848
4803 17
4803 3814
522 1272
522 155
2759 3470
2759 6379
103 2997
103 4527
103 5712
103 1316
103 5472
103 2008
103 4236
103 2620
103 2654
103 4247
103 2728
103 4425
103 1125
103 1643
103 1690
103 2587
5170 282
5170 4299
5170 2998
5170 1474
5170 6135
5170 1117
1029 6919
1029 3692
1029 5952
1029 991
1029 2814
1029 2578
1029 280
1029 5158
1029 4956
1029 5240
1029 5272
1029 6404
1029 2454
4591 2025
4591 5712
4591 4889
4591 6317
4591 6448
4591 6589
4591 1206
4591 2728
4591 1059
3703 3918
3273 3702
3273 845
3273 2847
3273 4504
3273 3679
3273 764
3273 1407
3273 5498
3273 1976
3273 3025
3273 4565
3273 6107
3273 691
3273 4963
3273 3602
3273 1957
2086 4308
2086 1400
2086 2396
2086 3906
2086 5186
2086 3286
2086 517
2086 5832
2086 3561
2086 7181
2086 5665
2086 4075
2086 534
2086 3587
2086 4340
2086 877
2086 2685
2086 2817
2086 1295
2086 5244
2086 4691
2086 401
2086 5679
2086 2738
2086 4658
2086 4951
2086 4151
2086 2131
2086 1445
2086 352
2086 6835
2086 1258
2086 4692
3616 3807
3616 2106
3616 7107
3616 5952
3616 4518
3616 1623
3616 1029
798 2891
798 2338
798 6606
798 6912
2980 77
6079 3890
1026 7069
1026 2224
1026 5300
1026 2841
1026 3965
1026 3357
1026 931
1026 854
1026 4108
1026 947
1026 4810
1026 119
1026 2044
1026 262
1026 2125
1026 2782
6324 4745
6678 5547
6678 763
6678 3511
6678 6579
6678 860
6678 3098
6678 35
6678 3663
6678 4172
6678 4407
678 2101
678 1711
678 3190
5520 3349
5520 1136
2093 1465
2093 79
3170 992
3170 2230
3170 4240
3170 6159
3170 2044
3170 3856
3170 2816
4750 1921
1602 5171
1602 5386
6170 4131
6170 6346
6170 405
6170 3072
6170 3599
6170 3816
6170 4730
6170 3040
6170 2845
4305 3990
4305 5319
4305 6871
4305 6485
4305 2664
4305 5010
4305 3650
4305 4420
4305 5199
2303 5619
2303 713
2303 917
2303 3805
2303 1868
2303 5224
2303 2727
2303 1648
6594 1494
6594 4559
6594 538
6594 6913
6594 4534
6594 229
6594 4505
5505 5350
5505 7107
5505 2610
5505 4126
5505 2324
5505 1825
5505 308
5505 2157
5505 4464
5505 2139
5505 3939
5505 5816
5505 2216
5505 6468
5505 4817
5505 4114
5505 2400
5505 284
827 2789
827 5535
827 722
827 692
827 2556
827 7011
827 6177
827 5117
827 2146
827 1258
5530 7072
5308 5088
5594 5507
887 761
3587 5344
3587 6049
3587 35
3587 3663
3587 1687
3587 6851
3587 4951
3587 5477
701 4017
701 4628
1818 3004
1818 918
1818 5199
1818 703
6407 6824
6407 6729
6407 6423
6407 5310
6407 2739
6407 2043
6407 5199
6407 6394
6407 6088
6407 1575
3164 2870
3164 2114
7136 5535
7136 855
7136 1681
7136 892
7136 3544
7136 4389
7136 703
7136 5117
7136 5286
7136 5005
7136 1258
7136 6890
6198 3219
6198 3698
6198 5914
6198 2167
6198 2946
6198 3184
6198 4859
6198 3482
6198 540
4373 6847
4373 2991
4373 3306
4373 3111
4373 3730
4373 350
4373 2605
4373 3124
3834 4836
3834 2899
3834 193
3834 2855
3834 6135
3834 1684
3834 5482
3834 109
3834 6657
3834 2345
3834 1576
3834 1036
3834 1206
3834 1986
3834 2359
3834 7077
3834 5788
3834 4639
4686 4186
4686 4905
4686 6244
4686 6589
2579 723
2463 4091
2463 119
2463 6110
6108 1214
6108 1832
6108 3138
6108 4196
6108 5762
6108 6313
6108 523
6108 4913
6108 4044
6108 4655
6108 2622
6108 1876
487 6976
487 6498
487 1676
487 4604
487 6427
487 6710
487 5877
487 669
487 5560
487 2440
487 3154
487 290
487 1061
4770 323
4770 4240
4770 4472
5239 3960
5239 2736
5239 2009
3544 2789
3544 808
3544 676
3544 4389
3544 3468
3544 2289
3544 4947
3544 6890
4154 6842
767 6003
767 5720
767 6129
767 1616
2127 282
2127 6976
2127 2681
2127 2767
2127 1084
2127 4841
2127 1120
2127 2249
2127 1192
2127 1647
2127 3339
2127 6748
1022 3810
1022 6187
1022 2429
1022 2356
1022 3544
1022 3599
1022 5615
1022 5573
1022 6545
1022 2908
1022 4505
6018 7130
6018 2549
6018 5963
6018 443
5560 6145
3247 3006
3247 6259
3247 4215
3247 6714
3247 1212
3247 2180
3247 3862
3247 6894
1286 1748
1286 910
1286 6240
3333 6682
3333 3273
3333 4342
4310 3589
4310 556
4310 1890
6667 71
6667 5814
6667 3080
6667 3427
6667 5292
6667 5043
6667 1223
6667 3082
5662 6282
5662 7111
5662 323
5662 469
5662 1905
5662 7104
4402 5857
4402 3439
4402 3055
4402 1924
4402 478
4402 6288
4402 1974
4402 198
4402 1583
4402 2894
4402 1495
4402 4181
4402 4653
4402 5876
4402 6618
4402 3071
4402 1677
4402 3287
4402 4953
4402 750
4402 6087
1384 3000
1384 4573
1384 4793
1384 401
1384 3399
1384 3765
836 5094
836 4024
836 6096
836 3761
836 3568
2545 5319
2545 5094
2545 5712
2545 3440
2545 408
2545 619
2545 740
2545 1493
2545 3708
2545 3097
2545 2457
2545 4846
2545 548
2545 6458
2545 1617
2545 4924
2545 5989
2545 4963
2545 7007
2545 2027
2545 1028
2545 5585
337 6343
337 6788
337 1337
337 5080
6876 7110
6876 480
6876 2001
6876 454
6876 5357
6876 2019
1762 3212
6725 5462
6725 66
6725 3185
6725 2068
6725 6187
6725 3069
6725 3638
4340 517
658 4836
658 6135
658 3834
658 113
658 2359
658 174
658 6909
6195 5379
6195 1354
6195 6197
6195 5683
6195 988
6195 1677
6195 4283
6195 4608
6195 1575
2523 1863
2523 4198
2851 5115
2851 2530
2851 5442
2851 3494
2851 6752
2851 2378
2851 2475
2851 5080
6140 4957
6140 1631
6140 3692
6140 2807
6140 1813
6140 1825
6140 1990
6140 2296
6140 3566
334 1828
2990 71
2990 5507
2990 1842
2990 4625
2990 6322
2990 537
2990 6883
2990 3563
2990 3212
2990 1406
2990 6953
2990 3493
2990 4676
2990 4855
889 3891
889 2254
889 4691
889 2497
889 4658
889 6058
889 4951
889 3908
889 5203
6363 5569
4609 2005
4609 6351
4609 4109
4609 2813
6094 4836
6094 5863
6094 2449
6094 4559
6094 1778
6094 621
6094 113
6094 2393
6094 666
6094 1258
3490 4193
3490 2690
3490 6518
3490 6908
3490 1
3490 6320
3490 3063
3490 17
3490 5298
3490 1106
3490 6487
2422 2505
204 1214
204 1088
204 4196
204 6745
204 3615
204 2672
204 529
204 4913
204 2622
204 1876
4966 5535
4966 855
4966 715
4966 2416
4966 918
4966 6779
4966 5611
4966 109
4966 2607
4966 3816
4966 5117
4966 1258
457 609
457 1038
457 2984
3581 4881
3581 5905
3581 1074
3581 6909
3581 4639
4389 3990
4389 4100
4389 5319
4389 2499
4389 2219
4389 950
4389 5874
4389 4947
4389 7062
3934 2566
3934 1364
3025 3600
3025 6976
3025 3458
3025 5045
3025 1037
3025 892
3025 6158
3025 1147
3025 4843
3025 6586
3025 4024
3025 1891
3025 1976
3025 6973
3025 2691
3025 5799
3025 3708
3025 4841
3025 2607
3025 2043
3025 3667
3025 3547
3025 4963
3025 5117
3025 2194
3025 4730
3025 6894
3025 5005
3025 858
106 1847
106 1346
106 6169
106 5352
106 4182
106 2223
106 588
106 275
106 877
106 3658
106 2248
106 682
106 6418
106 4637
6883 4837
6883 1577
6883 2818
6883 1786
6883 4456
6883 414
6883 5450
6883 118
6883 4828
6883 6918
6883 3620
6883 215
2691 6054
2691 5039
2691 5220
2691 3819
3116 260
3116 5308
3116 4990
3116 3894
3116 3311
3116 6563
3116 3309
3116 2413
3116 4932
1709 2832
1709 4936
1709 6443
1709 6888
1709 760
1709 6016
5019 6380
5019 4926
4104 1088
4104 6338
4104 4254
4104 4142
4104 7142
4104 169
4104 3759
4104 7104
4104 4824
4104 6951
4104 2622
4104 3962
3893 4227
3893 5225
3893 6227
7052 2603
7052 2958
7052 6655
7052 5031
7052 621
7052 5902
7052 4219
7052 1258
7052 4560
670 1403
670 1452
2652 524
2652 3403
2652 6918
2652 1153
2652 3735
5769 6958
5769 6616
5769 1922
5769 945
5769 1148
5769 5615
5769 6062
2889 2635
2889 303
2889 3069
2889 5783
2889 2340
2889 4703
2889 1417
6695 6145
588 2248
2271 2254
1503 4824
2160 1633
2160 2047
2160 4132
2160 5228
2160 6596
6128 1828
6128 3662
6128 1933
6128 2143
6128 5782
6128 325
6128 222
6128 2578
6128 2802
6128 2296
6128 5404
2118 3592
2118 323
2118 3138
2118 1905
2118 3170
2118 4104
2118 3183
2118 4913
2118 3856
653 6322
653 1319
653 4578
653 495
3647 2911
3647 4660
3647 5638
3647 2471
3647 3281
3647 4589
3647 4494
4916 359
4916 5621
4916 6397
4916 1112
4916 5747
6808 4308
6808 4303
5446 6666
5446 5192
3878 1505
3878 4402
3878 3442
3878 6463
3878 799
3878 750
6988 7001
6988 5315
2319 6265
2319 1946
2319 2953
75 584
75 2317
2126 3862
2126 3725
2126 784
2126 1077
2440 6243
2440 1465
609 2493
609 509
609 6876
609 1567
609 2736
609 5211
1920 3348
1920 1928
1920 1832
1920 1455
1920 6554
1920 2902
3318 1151
3318 4421
3318 3900
381 4604
381 1388
3423 2106
3423 6396
3423 782
3423 1825
3423 4569
3423 2802
3423 3136
3423 1328
3423 1525
3423 4136
6379 3470
5724 1088
5724 1538
5724 1387
5724 605
5724 1901
5724 380
5724 2847
5724 996
5724 6201
5724 2664
5724 3066
5724 4374
5724 5178
5724 6187
5724 5302
5724 722
5724 78
5724 2545
5724 4389
5724 3677
5724 5657
5724 6243
5724 3043
5724 4420
5724 3984
5724 2556
5724 6753
5724 1206
5724 950
5724 3201
3403 1126
3403 1389
3403 1192
3403 2516
3403 1153
3403 3735
6750 1126
6750 1732
6750 758
6750 602
6750 1324
6750 6911
6750 6772
6750 2732
6750 6423
6750 1132
6750 5394
6750 3708
6750 4908
6750 2130
6750 3790
6750 6244
6750 4358
6750 655
6750 4857
6750 2575
2560 6976
2560 6259
2560 4837
2560 2936
2560 2180
2560 6908
2560 5006
2560 5396
2560 5449
2560 805
2560 1493
2560 669
2560 3708
2560 3272
2560 2710
2560 3340
2560 6768
2560 3575
2560 94
2560 774
2560 1273
2560 5989
2560 62
2560 4300
2560 5585
5482 3736
5482 1889
5482 6176
5482 1611
5482 2472
5482 1160
5482 6096
5482 2855
5482 1650
5482 2103
5482 589
5482 2050
5482 6590
5482 506
5482 877
5482 2593
5482 3916
5482 3894
5482 4214
5482 3961
5482 1576
5482 3391
5482 3672
5482 4407
5482 2413
5326 4375
5326 6789
5961 2997
5961 2903
5961 5462
5961 2015
5961 5750
5961 2545
5961 2430
5961 3674
5961 5548
5961 5137
5961 2528
5961 5131
5698 6278
5698 538
5698 9
5698 100
5698 5522
5698 5346
4304 3048
4304 2167
4304 1506
4304 540
2283 584
4711 3665
5561 2592
5561 1959
5561 5358
5047 6967
4997 1803
4997 602
4997 17
4997 3247
4997 5650
4997 1770
275 49
275 7128
275 4094
275 6178
5837 2180
5837 2471
5837 6423
5837 976
5837 4908
5837 303
5837 3011
5837 5858
5837 3674
5837 94
5837 5199
5837 2843
5837 5819
1801 5942
1801 5052
1801 4789
1801 1289
1801 240
5216 4215
5216 6565
5216 7112
5216 6485
5216 1855
5216 5503
5216 3401
5216 1926
5216 4389
5216 417
5216 2556
5216 6589
5216 1701
5216 558
5603 4065
5603 2372
5603 3526
5603 5376
5603 4335
5603 5430
5603 2029
5603 2584
5603 5365
5603 580
5603 1441
5603 6140
5603 5683
5603 438
5603 2802
5603 2171
5603 358
5603 280
5603 4246
5603 3294
5603 5519
5603 7046
5603 6374
5603 4271
4999 3968
4999 4110
4999 1019
4999 1470
4999 2186
4999 3066
4999 3429
4999 3739
4999 1810
4999 4907
4999 4316
4999 615
4999 2667
4999 5734
2944 3699
2944 342
2876 5555
2876 6529
4424 6377
4424 1725
4424 3776
4424 1865
4424 4092
410 3240
410 3906
410 6323
410 5575
410 2086
410 485
410 3394
410 6040
410 6819
4339 3507
4339 573
4339 5121
4339 3204
4339 1566
4339 2683
4339 3998
4339 6449
4339 4536
4339 727
4339 3563
4339 6795
2672 2339
2672 2053
4980 627
4980 5094
4980 6589
4980 3486
4980 40
4322 3960
4322 1401
4322 5613
4322 2736
4322 2211
5524 5817
5524 6112
5524 5096
5524 6885
5524 7065
5524 1962
2064 4836
2064 3730
2064 6135
2064 5754
2064 3910
2064 5641
2064 6138
2064 2393
2064 5211
2064 4407
2301 6846
2301 4504
2301 3357
2301 1640
2301 3273
2301 4400
5799 4527
5799 245
5799 4938
5799 4186
5799 2180
5799 3529
5799 5420
5799 6911
5799 740
5799 1493
5799 3828
5799 4905
5799 61
5799 800
5799 649
5799 3790
5799 5681
5799 774
5799 691
5799 3819
5799 2528
5799 1675
5799 925
5799 472
7131 397
7131 685
5870 1285
5870 6092
5870 4943
5870 1732
5870 781
5870 4888
5870 6858
5870 1010
5870 4841
5870 2710
5870 1273
5870 3628
5870 1953
6428 884
2629 171
2629 2869
1456 3004
1456 5535
1456 2577
1456 5712
1456 892
1456 2615
1456 4276
1456 6586
1456 5924
1456 5611
1456 692
1456 3790
1456 3816
1456 5741
1456 3378
1456 5314
1456 1258
389 1662
389 3891
389 2090
389 5658
389 3908
1228 4070
1228 1146
1228 1965
109 5885
109 1296
3042 2449
3042 347
3042 5622
3042 2444
3042 6514
3042 1074
2590 3166
2590 4545
2590 297
2590 2080
6830 1141
6830 1126
6830 6142
6830 758
6830 2615
6830 6423
6830 7033
6830 5394
6830 7090
6830 5199
1584 6850
7167 2240
7167 273
1893 2678
1893 894
1893 2745
1893 4226
6362 4613
6362 2339
6362 891
6362 499
6362 3726
6884 4660
6884 5375
6884 5125
3183 2566
3183 3972
3183 4142
3183 5762
3183 4928
3183 523
3183 2161
3183 4489
3183 6274
3183 4655
3183 7042
3183 1876
3183 1059
3183 3562
3183 1345
453 1641
453 3052
453 2855
453 6655
453 2018
453 1778
453 5047
453 3663
453 967
5645 3925
5645 1559
5645 1217
5645 6505
5645 1562
5645 4870
4348 4196
4348 5352
4348 6581
4348 4024
4348 7105
4348 4251
4348 187
4348 4548
4348 3834
4348 109
4348 4511
4348 174
4348 5587
4348 666
4348 3068
4717 4720
4717 535
4717 5285
4717 4660
4717 248
4717 3385
4717 2974
4717 7036
4717 5693
4717 5405
4717 3339
4717 4136
6049 3891
6049 2254
6049 4951
3708 3600
3708 179
3708 5337
3708 4215
3708 2936
3708 4599
3708 6518
3708 3679
3708 3330
3708 1042
3708 4143
3708 6537
3708 1150
3708 5961
3708 6716
3708 4545
3708 4530
3708 6185
3708 6045
3708 5309
3708 6457
3708 4358
3708 24
3708 5770
3708 3089
3708 3007
3708 3988
3708 3278
3923 4722
3923 3274
3923 4342
5431 6472
5359 6201
5359 2896
2335 273
2335 1419
4746 2059
4746 305
2666 4070
2666 3021
2666 1048
2666 3438
2666 653
2666 1228
2666 342
2666 1934
6901 4167
6901 4559
6901 3840
6901 6657
6901 3894
6901 5741
6901 3874
6901 5117
6901 1258
5439 5085
5439 3821
5439 4321
5439 5088
5439 1894
3097 5262
3097 5120
3097 5750
3097 2732
3097 6537
3097 7047
3097 5398
3097 7153
3097 4098
3097 5866
3097 5016
929 5994
929 3004
929 1465
929 1182
929 5169
4646 758
4646 7010
4646 1622
4040 4196
4040 4024
4040 5216
4040 3761
5284 6883
556 1066
556 5045
556 4160
556 3881
556 1126
556 848
556 2663
556 6877
556 2083
556 1
556 7010
556 5803
556 629
556 669
556 6443
556 4749
556 4646
556 4908
556 551
556 4666
556 1582
556 1606
556 1273
556 2821
556 4531
556 3007
556 4300
2885 1
2885 1158
5886 5486
5886 4983
5886 1624
5886 3884
5886 5470
5886 767
5886 4198
5886 3417
5886 1616
5886 2250
5886 5757
5886 2330
4841 5045
4841 846
4841 1126
4841 3243
4841 5504
4841 4458
4841 1324
4841 5503
4841 629
4841 338
4841 6973
4841 2927
4841 916
4841 3674
4841 4420
4841 2293
4841 4358
4841 5041
4841 1675
4841 3099
4841 858
4841 2115
4841 5585
4841 721
4841 5785
731 3502
731 2035
731 4739
731 1035
731 6197
731 1830
731 6985
731 120
731 4717
731 728
731 5405
731 3857
877 115
877 1346
877 2325
877 5065
877 934
877 2676
877 4282
877 5745
877 3989
877 1684
877 2086
877 4340
877 106
877 5196
877 6727
877 2618
877 3894
877 485
877 2248
877 2531
877 871
877 1408
877 6040
877 4407
4401 5436
4401 4820
4401 2320
4401 6530
4401 5491
4401 2441
4401 5586
4401 6288
4401 5572
4401 5972
4401 1911
4401 4265
4401 2503
4401 2730
2486 58
2486 4152
2486 2540
2486 1494
2486 6135
2486 1246
2486 4932
6642 5129
2831 3406
2831 3589
2831 1970
2831 7093
2831 1749
5053 5563
5053 1942
3873 1088
3873 4471
3873 323
3873 6777
3873 2824
3873 4189
3873 3284
3873 447
1404 6060
1404 5954
1404 2028
1404 5379
1404 5201
1404 6135
1404 4866
1404 1529
1404 3186
1404 4041
1404 4953
1404 33
3963 4845
3963 3666
3963 737
3963 4109
2810 5233
5184 4928
2019 1089
2019 58
2019 4660
2019 4739
2019 2615
2019 1165
2019 6135
2019 133
2019 7053
2019 1561
2019 2974
2019 5707
2019 3107
2019 4781
2019 3520
2019 2393
2019 6909
2019 2205
2019 4702
2019 5695
2019 687
3070 6261
1033 5914
1033 6198
5426 3299
5426 4100
5426 1909
5426 4747
5426 49
5426 7175
5426 5899
5426 1926
5426 5302
5426 6794
5426 3757
5426 3043
5426 4954
5426 4420
5426 2556
5426 1182
5426 97
5426 3593
5426 4892
2607 5452
2607 7016
2607 1641
2607 2468
2607 2942
2607 3399
2459 46
2459 4854
5997 2454
6081 6650
6081 6024
1106 4193
1106 4837
1106 7123
1106 2690
1106 848
1106 6908
1106 3063
1106 3630
1106 873
1106 2821
1106 1770
2867 241
2867 6169
2867 1832
2867 4251
2867 99
2867 4348
2867 3866
2867 3658
2867 1537
4854 3406
4854 4023
4854 3021
4854 3699
4854 4625
3476 3434
3476 1423
3476 3285
3476 2474
3476 6973
3476 7039
3476 2865
3476 4534
3476 2219
3476 6387
3476 5695
5653 4837
5653 6142
5653 5720
5653 2818
5653 3025
5653 6830
5653 3708
5653 6244
5653 2702
5653 3661
5653 6789
5653 4828
5653 5123
5653 1606
5653 4358
5653 6394
5653 65
5653 3486
5653 215
5653 6890
2492 3906
2492 3399
4908 6714
4908 6142
4908 6729
4908 1535
4908 5834
4908 3047
4908 556
4908 1296
4908 3092
4908 4603
4908 68
4908 555
4908 1989
4908 3007
4908 2843
303 4193
303 2690
303 325
303 1010
303 1511
303 1556
303 3630
303 358
303 5158
303 6326
303 5776
3192 6377
3192 1725
1594 4972
1594 4007
1594 3708
1594 3166
1594 5327
1594 6358
6026 6666
6026 4492
4554 1976
4554 575
4554 2673
4554 3455
4725 5547
4725 4308
4725 6377
4725 1725
4725 2018
4725 1983
4725 3894
4725 2981
4725 163
917 1790
3272 2180
3272 6908
1529 58
1529 535
1529 4660
1529 2351
1529 5379
1529 4508
1529 4499
1529 5201
1529 3129
1529 1825
1529 3148
1529 3605
1529 6195
1529 2156
1529 5754
1529 2974
1529 6937
1529 3935
1529 5295
1529 7036
1529 7177
1529 3340
1529 3186
1529 6927
1529 1525
1529 1677
1529 5125
1529 4161
1529 4608
1529 6463
1529 3777
1529 4953
1529 837
1529 5081
1529 5819
1529 3339
1529 339
3706 4339
812 6976
812 355
812 669
812 487
812 6093
3630 4193
3630 2635
3630 303
3630 3011
3630 1822
3630 1770
6882 5633
6882 2479
6882 4355
6882 5358
6882 5405
330 1151
7121 5633
7121 2121
7121 2187
7121 4468
2397 357
2397 3273
2397 575
2397 6227
5988 4001
5988 6356
6384 3004
6384 4024
6384 1976
6384 5216
2156 5562
2156 610
2156 6060
2156 5379
2156 4499
2156 4717
2156 1529
2156 5754
2156 3186
5113 3000
5113 2024
5113 1870
5113 3286
5113 3980
5113 4419
5113 16
5113 1728
5113 3419
5113 2544
5113 6615
4565 3913
4565 5022
4565 6107
4565 6177
3739 6754
3739 6564
3739 6777
3739 1630
3739 3066
3739 3429
3739 4928
3739 2667
3739 5734
4542 1043
5683 4289
5683 1828
5683 2805
5683 903
5683 1666
5683 2035
5683 2028
5683 1354
5683 5786
5683 6197
5683 3047
5683 5546
5683 120
5683 6590
5683 261
5683 5017
5683 1296
5683 6506
5683 6326
5683 5374
5683 6208
5683 4703
5683 3857
5683 2040
5683 1647
5683 1417
5683 1575
5683 2209
5683 3339
5442 4504
5442 6838
5442 784
5442 1645
5442 5556
5442 4400
5442 24
5442 4588
5442 5131
5257 2997
5257 2025
5257 3379
5257 5278
5257 5723
5257 2015
5257 1919
5257 5961
5257 1765
5257 5548
5257 3668
3069 6306
3069 6933
3069 6908
3069 2832
3069 1
3069 5122
3069 5437
3069 3627
3069 2080
3069 6394
3069 4300
3069 2890
3986 848
3986 602
3986 3849
3986 6487
6495 117
6495 3920
5321 6933
6505 4870
2430 2023
2430 1735
2430 5548
2430 3037
2430 2728
2430 6455
7108 6754
7108 2566
7108 210
7108 7142
7108 6951
7108 2989
3560 1030
3560 5487
3560 4413
3560 4823
1836 3052
1836 5605
1836 7015
1836 4863
4555 2507
4555 691
4555 1690
142 5292
4674 5983
4674 1493
4674 4841
4674 1298
4674 136
4674 94
4674 2898
4674 3922
4674 5585
1136 6478
4464 535
4464 4188
4464 4143
4464 487
4464 1180
4464 2802
4464 1632
4464 3281
4464 1495
4464 6506
4464 6117
4464 5819
1858 3600
5579 273
5579 7156
5579 6541
5579 412
249 4821
273 4862
273 3925
273 6921
273 1903
273 6293
273 6605
273 478
273 2441
273 5586
273 6603
273 4402
273 777
273 1658
273 6500
273 4414
273 7156
273 1290
273 2264
273 1929
273 3276
273 1408
273 6254
1396 4634
1396 3721
1396 1803
1396 5328
1396 5803
1396 3976
1396 5988
1396 3929
1396 6171
1396 1347
1396 878
1396 4095
1396 2559
6947 3736
6947 4196
6947 4396
6947 6096
6947 450
6947 2986
6947 575
6947 395
6947 1964
6947 950
6947 5874
6947 4947
6947 806
6052 4109
1974 5633
1974 5547
1974 143
1974 2936
1974 2225
1974 3044
1974 6799
1974 3247
1974 5482
1974 4861
1974 1332
1974 4827
1974 1320
1974 2393
1974 5647
1974 4474
1974 1085
1974 2428
1974 6909
1974 2826
1974 1430
5948 6754
5948 6587
5948 5714
5948 1364
5948 6159
5948 6015
5948 5620
5948 4824
5948 935
5948 5061
5948 1292
2033 236
2033 5650
2033 2447
2033 2801
3175 1729
3175 2299
3175 1825
3175 4161
3175 4136
4861 6809
4861 3115
4861 454
4861 1974
4861 1583
4861 3894
4861 4407
4861 2413
4861 519
5400 5053
5400 3754
5400 924
5400 3602
5400 203
5400 5564
1642 58
1642 519
3224 4902
6093 18
6093 7123
6093 848
6093 1425
6093 3357
6093 3063
6093 1165
6093 2927
6093 722
6093 976
6093 3025
6093 4841
6093 1544
6093 297
6093 1273
6093 1701
6599 5
6599 4837
6599 7123
6599 4673
6599 1389
6599 2818
6599 6008
6599 5520
6599 3110
6599 5127
6599 6394
6599 3797
6599 3007
6599 5075
6599 3735
2854 1978
5197 323
5197 397
5197 1905
5197 1286
5197 910
5197 4715
5197 5035
5197 6722
5197 1000
5197 5417
1751 7110
1751 6467
1751 6854
1751 4171
1751 6671
1751 6135
1751 1562
1751 1332
1751 1907
1751 4297
1751 2175
1751 3012
1751 6909
1751 5549
1751 101
768 1942
768 5229
768 740
768 5053
768 4317
768 2289
768 5932
768 1635
777 2240
777 2399
777 4433
777 166
4352 4595
4352 6850
6056 760
6011 3325
4318 179
4318 6346
4318 3381
4318 3959
4318 6784
6130 2449
6130 201
6130 2181
6130 187
6130 4333
6130 4827
6130 5861
6130 3565
6130 2865
6130 6832
6130 468
4140 3743
4140 5714
4140 4824
4140 725
4140 102
6037 7123
6037 1617
6037 3486
1388 4930
4928 5933
4928 4623
4928 3015
4928 2349
4928 4878
4928 3183
4928 7104
4928 4986
4928 6066
4928 1845
4928 6722
4928 4651
4928 3371
4928 1059
4928 2667
4928 40
2246 4110
2246 1019
2246 6564
2246 2186
2246 3429
2246 4907
2246 2667
2246 984
3974 7110
3974 3227
3974 5415
3974 3914
3974 3963
3974 2019
3974 5754
3974 2709
3974 3107
2900 1852
1508 3068
4922 6811
1485 5985
1485 3834
1485 1085
3720 4960
3720 58
3720 1693
3720 5069
3720 5065
3720 3246
3720 4573
3720 3549
3720 2341
3720 3963
3720 1567
3720 6920
3720 2709
3720 5522
3720 1837
3720 5211
3720 4474
3720 1085
3720 4219
3720 1816
3720 6835
3720 5346
5408 4575
5408 143
5408 2320
5408 3375
5408 2576
5408 2777
5408 6817
5408 4401
5408 273
5408 1562
5408 4261
5408 6541
5408 316
5408 6393
5408 987
5408 2730
3690 3652
3690 3913
3690 5042
3690 184
3690 1928
3690 3538
3690 3695
3690 1455
3690 1855
3690 808
3690 6996
3690 3183
3690 5022
3690 356
3690 3696
3690 2424
3019 6606
3019 1106
3019 4328
730 1701
5864 601
5864 58
5864 1903
5864 2329
5864 4533
5864 5529
5864 6603
5864 2842
5864 1052
5864 273
5864 6260
5864 1769
7104 463
7104 6587
7104 2675
7104 891
7104 1905
7104 1783
7104 4986
7104 725
7104 2044
7104 3856
7104 5243
7104 2989
7104 1292
2101 323
2101 4091
2101 1183
5032 3152
6740 4410
6740 6828
6740 6201
6740 6417
5950 1387
5950 6201
5950 3142
5950 2568
1187 2703
1187 691
4478 2736
6357 4152
6357 5489
6357 3689
6357 6351
6357 5031
6357 453
6357 4584
6357 4881
6357 5741
6357 5797
6357 4119
6357 5236
6357 1085
6357 2428
6357 174
6357 4589
6357 666
6357 967
6357 5346
6357 4729
5196 4592
5196 4951
5196 682
6727 6096
6727 1102
6727 1983
6727 4214
6727 1394
6727 2834
6727 163
3650 4305
7182 966
7182 5686
7182 7052
7182 3894
7182 68
7182 3221
7182 1258
7182 4560
7182 4729
7182 4404
6968 323
6968 2675
6968 891
6968 3723
6968 1905
6968 7117
819 903
819 1037
819 338
819 2759
819 3069
819 789
819 310
819 1369
819 5405
819 2148
819 2874
819 5695
211 4950
211 4061
211 2246
211 1506
211 540
211 811
7006 1281
7006 84
7006 6867
153 1354
153 5638
153 484
153 6185
5572 2021
3700 4722
3700 3274
2073 6691
2073 5531
2073 210
2073 2675
2073 1905
2073 1783
2073 3856
2073 5855
2073 3926
2073 1000
2073 5734
135 2339
135 671
3109 35
3109 2981
6449 5331
6449 2886
2595 5886
1238 5985
1238 2085
1238 3687
1238 1831
1238 570
1238 2973
1238 5346
5625 35
5625 3663
1765 5456
1765 5094
1765 3651
1765 3540
1765 2680
1765 3886
1765 5223
1765 1811
1765 6066
1765 1077
1765 356
1765 5417
1765 6047
4596 398
3619 5615
3619 6062
634 6777
634 3226
634 4557
634 2824
634 4189
634 3284
634 3873
634 119
634 2044
634 3856
634 5243
634 3987
1652 568
1652 201
1652 3672
2444 535
2444 5069
2444 3281
2444 6768
2444 4404
2212 6662
2212 58
2212 2932
2212 5615
2212 68
2212 1728
2212 3575
2212 5133
2212 2359
2212 2874
2212 6062
6343 5570
6343 3648
6343 1867
4723 6828
4626 5220
4198 349
4198 1509
4198 5410
4198 4625
4198 1062
4198 2748
4198 1616
4198 3876
4198 3620
4198 4652
4198 3493
4198 4676
530 5405
621 601
621 5098
621 5012
621 5113
621 5741
621 563
621 2176
621 2544
621 5346
621 3437
2055 5263
2055 1387
2055 4938
2055 6201
2055 7105
2055 2593
2055 1111
2055 1206
6990 846
6990 1
6990 5327
6990 1158
5754 4836
5754 1283
5754 2028
5754 737
5754 1778
5754 5641
5754 3611
5754 3107
5754 6945
5754 2343
5754 5721
5754 7057
5754 4515
5754 2826
5754 283
5754 1430
198 2557
198 1840
198 5077
198 148
4441 723
4441 3003
6639 260
6639 236
6639 5621
6639 758
6639 6905
6639 3247
6639 5248
6639 6499
6639 226
6639 6356
6639 3169
4 2186
4 5253
4 3696
427 3687
427 1723
427 3090
427 570
6084 3899
6084 6647
2710 2471
2710 2310
2710 6185
2710 42
6504 5710
5661 4983
5661 3884
5661 3618
5661 137
3711 7110
3711 3567
3711 1505
3711 3044
3711 5201
3711 318
3711 5561
3711 5683
3711 3720
3711 3430
3711 2614
3711 7036
3711 1651
3711 5294
3711 6927
3711 7176
3711 750
3711 837
3266 58
3266 903
3266 5017
3266 1562
3266 3339
2453 1602
3955 1483
6361 884
6361 1015
6361 6665
6361 5258
2112 3272
2112 518
2112 4300
3767 6686
3767 6666
3767 5192
3564 3730
3564 1567
3364 4722
3364 4342
4027 1401
4027 5613
4027 2211
3124 480
3124 2019
3124 5739
3124 4213
3124 7027
438 4518
438 5270
438 6553
438 4147
3398 2035
3398 3052
3398 5069
3398 1
3398 6655
3398 4721
3398 5561
3398 5861
3398 4872
3398 6117
3398 62
3398 4404
7078 601
7078 5021
6575 241
6575 6169
6575 4348
6575 4303
6575 666
1526 236
1526 2083
1526 5803
1526 5650
6280 1859
6280 3271
6280 1690
5315 7110
5315 5985
5315 3000
5315 4763
5315 2085
5315 3840
5315 2018
5315 4078
5315 155
5315 4727
5315 4827
5315 7171
5315 3221
5315 1837
5315 5904
5315 1085
5315 174
5315 4669
5450 1842
5450 50
5450 2767
5450 1010
5450 4615
5450 5437
5450 5870
5450 6599
5450 2112
5450 5386
5450 1273
5450 4855
3677 1438
1562 2051
1562 3044
1562 4295
1562 222
1562 5088
1562 873
1562 4334
1562 4147
4263 3891
1180 415
1180 5350
1180 3662
1180 6919
1180 2778
1180 4660
1180 5201
1180 3685
1180 2324
1180 3385
1180 4510
1180 2139
1180 4562
1180 3293
1180 4161
1180 5816
1180 2216
1180 6074
3488 3891
3488 3698
3488 2167
3488 2946
3488 889
3488 6049
3488 4691
3488 1846
3488 1293
3488 540
3488 4951
3488 3003
3488 3908
5102 5085
5102 1037
5102 4321
5102 4657
5102 819
5102 1426
5102 5695
5773 426
5773 4110
5773 1901
5773 1455
5773 3429
5773 3808
5773 4420
5773 6722
5773 5417
5773 2667
910 3068
1317 7038
1317 6917
1317 6898
1317 2277
1317 1490
5077 5692
5077 5201
5077 5529
5077 6471
5077 5603
5077 198
5077 107
5077 3777
5077 4515
5077 4136
5194 7183
5194 5262
5194 3440
5194 6537
5194 619
5194 7047
5194 2457
5194 2553
5194 2012
5194 6526
4775 5857
4775 506
4775 7053
4775 6500
4775 4181
4775 6618
4775 1907
4775 101
1271 2909
1271 6909
3992 179
3992 6933
3992 4131
3992 887
3992 6789
1332 535
1332 4152
1332 672
1332 5065
1332 1924
1332 2558
1332 6836
1332 6135
1332 3148
1332 1404
1332 2156
1332 3098
1332 3611
1332 6768
1332 3221
1332 1449
1332 1408
1332 4863
1332 4407
1332 4136
6224 4026
6224 2349
6224 3898
6224 5493
6224 4102
6224 3484
6224 1264
4700 2595
4700 6007
4700 3258
4700 2443
1213 6261
2508 5453
2508 5679
2508 5128
4001 6320
4001 5988
4001 6035
551 1066
551 1437
551 2278
551 2832
551 2767
551 59
551 602
551 5927
551 1275
551 2732
551 1493
551 1132
551 6660
551 6443
551 4841
551 6639
551 2112
551 3770
551 4326
551 6244
551 3426
551 6704
551 374
551 3378
551 6936
551 3814
551 5682
551 7071
551 3480
551 4144
3303 423
3303 6568
2457 3600
2457 5115
2457 1103
2457 5194
2457 1428
2457 5398
2457 297
2457 3547
2457 5016
2457 4019
3910 2064
3910 4238
267 2888
267 1331
267 5383
267 5886
267 1616
267 1240
5620 1088
5620 445
6214 3053
6214 3306
2489 3424
2489 5470
2489 5996
2489 2516
1498 5731
1498 2971
1498 4034
1498 974
3705 3414
3705 1909
3705 640
3705 4024
3705 5899
3705 3725
3705 5426
3167 5618
3167 1641
3167 5352
3167 1522
3167 6417
3167 1983
3167 3192
3167 581
3167 4082
3167 1937
3533 7116
1567 7110
1567 872
1567 480
1567 3306
1567 3041
1567 2064
1567 2486
1567 2019
1567 5754
1567 2864
1567 101
2307 2839
2307 4010
6920 4592
6920 6256
6488 6351
6488 1959
6488 3186
6488 2969
5429 4907
5429 5417
5429 3068
4680 3618
4680 4349
5659 1026
4777 1308
4777 3487
4777 6721
6734 531
6734 2254
6734 4263
6734 5142
6734 3908
3831 3687
3831 347
3831 5999
3831 912
3831 570
3831 967
1658 5857
1658 1991
1658 1376
1658 474
1658 6852
1658 5529
1658 506
1658 7053
1658 4861
1658 1583
1658 1495
1658 4181
1658 4297
1658 1677
1658 3276
1658 4953
1658 5479
1658 5790
1658 4702
1658 5600
1658 101
4727 939
4727 5889
4727 3155
4727 4827
4727 7171
4799 5725
4799 5198
1107 6269
6500 4072
6500 506
6500 7053
6500 4861
6500 4181
6500 6618
6500 5790
947 4471
947 4835
947 1910
1266 4108
1266 1026
4895 4657
4895 4991
4895 6197
4895 4603
4895 6435
1296 6464
1296 3635
1296 6796
1296 2471
1296 261
1296 6787
1296 6195
1296 988
1296 4534
1296 3681
1296 5573
1296 79
1296 4856
2578 5114
1267 5121
1267 6337
1267 1973
1267 6866
1267 6795
1886 1616
2655 5374
4569 5562
4569 6402
4569 3768
4569 3947
4569 2778
4569 5274
4569 3579
4569 2028
4569 4518
4569 991
4569 4491
4569 464
4569 5270
4569 1702
4569 6140
4569 3861
4569 4817
4569 5051
4569 284
4569 648
1148 5489
1148 4281
1148 6278
1148 6655
1148 3246
1148 3047
1148 945
1148 522
1148 2212
1148 4727
1148 3281
1148 3681
1148 1989
1148 2364
1148 4932
152 91
61 4643
61 1553
61 6211
2328 570
1121 3296
2795 3274
3387 770
3430 3044
3430 6775
3430 2479
3430 5561
3430 3711
3430 5358
1211 4334
1211 2249
2192 4858
3098 5535
3098 6278
3098 6317
3098 6096
3098 2855
3098 3047
3098 1493
3098 5416
3098 506
3098 4826
3098 3116
3098 4990
3098 5522
3098 1206
3098 912
3098 1046
3098 2869
3098 1258
2714 1902
2714 6882
196 5954
196 4038
196 1666
196 4845
196 4109
196 4717
196 7036
196 2969
196 4860
557 319
557 543
557 2088
557 2849
557 3497
557 5587
557 2401
0 5065
0 4932
5310 5280
5310 2690
5310 1010
5310 887
5310 3476
5310 5127
5310 4358
5310 2553
5310 4095
5310 5468
4010 3286
4010 6408
4010 2950
4010 1846
4010 6251
4010 2131
4010 391
4010 2649
4010 32
5260 3913
5260 6911
5260 6511
5260 2475
2481 5065
2481 3065
2481 695
2481 2640
1965 4352
1965 4823
5598 6616
5598 2958
5598 5605
5598 155
5598 6357
5598 69
5598 4534
5598 2413
1428 3913
1428 5
1428 5337
1428 4837
1428 6003
1428 4718
1428 6781
1428 4311
1428 6533
1428 2071
1428 2732
1428 1685
1428 6537
1428 3234
1428 2530
1428 312
1428 3506
1428 722
1428 1103
1428 3025
1428 3708
1428 6599
1428 2457
1428 2993
1428 118
1428 2627
1428 4382
1428 7153
1428 2475
1428 6358
1428 6177
1428 6607
2974 5786
2974 731
2974 1668
2974 7036
2974 4608
2974 2843
789 6216
789 4874
789 4657
789 338
789 125
789 4490
789 6725
789 3025
789 7039
789 819
789 5707
789 4897
789 4314
789 3627
789 6978
789 3875
789 1258
5398 4837
5398 7136
5398 4966
5398 3708
5398 2885
5398 2739
5398 3627
5398 6457
5398 518
5398 4098
5398 858
5398 1005
3825 6777
3825 5253
3825 7165
3825 3183
3825 4928
3825 5243
2802 4193
2802 6147
2802 7107
2802 3377
2802 2814
2802 430
2802 6041
2802 1702
2802 2157
2802 2830
2802 3939
2802 5816
2802 2216
2802 6468
2802 4817
2802 4114
2802 5903
2802 2400
2802 6912
5316 6295
3860 2297
3860 5425
3860 1500
3860 1851
3860 4264
3860 3812
3860 4034
3860 6398
3860 925
3860 3514
5159 698
5159 5728
5159 3396
5159 3260
5707 3913
5707 6516
5707 3458
5707 480
5707 3529
5707 405
5707 808
5707 3828
5707 2545
5707 3677
5707 3599
5707 3816
5707 3233
5707 3040
5707 6545
2626 6306
2626 1
2626 7098
2626 3063
2626 2885
2626 5220
4536 199
4536 3507
4536 4311
4536 3784
4536 1566
4536 5919
4536 1136
4536 5129
4536 3427
4536 6244
4536 890
4536 22
4536 5597
4536 729
4536 6539
4536 3620
4536 5784
4536 4690
4536 5468
4536 256
6937 5692
6937 3158
6937 3653
6937 228
6937 3610
6937 5802
6937 6471
6937 1744
6937 6175
6937 1045
6937 1161
6937 107
6937 4574
6937 7050
6937 402
6937 4118
6937 799
6937 3777
6937 4515
6937 148
4414 1290
6136 2767
6136 4591
6136 4841
6136 1120
6136 4872
6136 1192
353 3406
353 2525
353 342
353 4757
353 4088
5231 353
4261 1217
4261 5645
4459 241
4459 1725
4459 1522
4459 588
4459 3663
2614 415
2614 5350
2614 6427
2614 2028
2614 5939
2614 1354
2614 5877
2614 4717
2614 3711
2614 593
2614 1569
2614 3147
2614 2565
2614 2040
2614 1417
5056 2888
5056 3595
5056 5331
5056 3330
5056 1598
5056 2683
5056 1177
3022 7034
3022 6726
3022 1401
3022 5613
969 2308
969 832
969 5167
969 6525
1927 6882
1927 2187
4741 1516
4741 6265
800 255
800 2025
800 605
800 3529
800 5253
800 7175
800 5848
800 6448
800 5799
3205 5496
3205 4299
3205 3185
3205 2068
3205 538
3205 5683
3205 837
3205 2843
3427 71
3427 1566
3427 4615
3427 6008
3427 1768
3427 3212
2383 3517
2383 2683
2383 4700
2383 5056
2383 1952
2383 5959
2383 1240
2709 5290
2709 1703
2709 4498
2709 66
2709 5415
2709 4460
2709 3610
2709 1794
2709 2974
2709 2439
2709 6540
2709 1837
2709 4501
5057 5787
3748 7113
7008 5712
7008 6010
7008 6115
7008 4342
566 1214
566 899
566 1470
566 2412
566 3873
566 3739
566 4801
566 2044
566 5588
859 843
859 18
859 2452
859 184
859 2899
859 2779
859 5498
859 1078
859 5503
859 4839
859 1976
859 1926
859 5724
859 5482
859 61
859 3098
859 5334
859 3816
859 1553
859 2865
859 2219
859 3221
859 2720
859 871
859 3040
859 6995
859 7062
859 1838
5771 4709
5771 1894
5771 473
4333 2181
4333 4605
4333 4827
4333 3672
1297 3589
1297 6917
995 884
995 5712
995 1563
995 408
995 1229
995 548
995 575
995 6450
995 4792
995 2219
995 3931
995 1635
7145 3784
7145 1776
2317 5507
2317 4955
2317 2280
2317 3403
2317 6918
2317 6539
2317 1153
2599 4988
2599 71
240 342
3537 5720
3537 2475
5108 6662
5108 1230
5108 5924
5108 6787
5108 6275
5108 6930
5108 4863
5108 203
6316 1088
6316 6754
6316 323
6316 2566
6316 1905
6316 378
6316 5620
6316 4091
6316 4859
2735 3638
6657 3687
6657 6278
6657 4848
6657 5416
6657 4419
6657 4548
6657 3834
6657 1831
6657 4584
6657 7023
6657 4945
6657 174
6657 6835
6657 1438
2439 4968
4421 1151
4421 2605
4421 5228
4421 6360
4421 6596
5972 663
5972 3459
5972 6069
5972 4870
5972 4346
5972 5752
5972 987
5972 2730
341 6838
341 5814
341 1070
341 6511
341 2553
636 3903
636 2897
5193 4289
5193 1212
5193 2180
5193 2560
5193 305
5193 1677
2467 5994
2467 1088
2467 1905
2467 3190
6200 3561
6200 1794
6200 3309
3837 5328
3837 760
4349 4471
4349 4680
4349 4475
1120 282
1120 5885
1120 846
1120 1143
1120 5280
1120 2767
1120 5503
1120 2585
1120 2927
1120 6768
1120 5199
1120 3378
1120 6088
1120 1675
1120 1857
1120 5785
4176 7107
4176 2035
4176 2581
4176 1674
4176 5201
4176 5541
4176 4717
4176 37
4176 237
4176 1677
2354 49
2354 6423
2354 6590
2354 658
2354 6094
2354 6275
2354 6088
2354 5905
2354 4245
2354 6784
2354 4863
2354 6909
6628 2752
6628 3783
467 3743
467 4655
5820 4858
4734 2997
4734 1316
4734 784
4734 3271
5181 1053
5181 54
5181 3935
5181 7176
4846 1962
1452 3357
1452 575
957 4948
957 5671
2788 1212
2788 2180
2788 2474
2788 1493
2788 2885
2788 6990
2788 2626
2788 555
548 2452
548 1563
548 6665
548 6361
548 995
3245 3980
3245 7182
3245 3681
3245 6435
3245 3437
894 4858
732 4107
6888 4360
5765 1354
5765 837
5765 4703
5765 1417
5765 1575
5765 2843
1248 5632
1248 1693
1248 3192
1248 6851
1248 2270
1248 6995
5490 3913
5490 5756
5490 3440
5490 1070
5490 5120
5490 808
5490 2530
5490 619
5490 7047
5490 5442
5490 3667
5490 3875
5490 2861
5021 601
5716 2906
7090 419
7090 4857
5022 18
5022 5535
5022 2577
5022 692
5022 3273
5022 6170
5022 3025
5022 5214
5022 4470
5022 924
5022 2012
5022 7007
5022 203
5022 2107
4697 3219
4697 4061
4697 6724
4697 1506
4697 540
2817 6251
2817 2131
5990 10
5990 4189
5990 2044
3011 3481
3011 1676
3011 4604
3011 223
3011 2182
3011 4143
3011 3129
3011 6710
3011 2927
3011 5801
3011 5601
3011 6195
3011 2560
3011 3398
3011 3110
3011 3281
3011 5041
3011 2428
3011 4494
3011 1061
3011 1816
3935 5562
3935 1997
3935 3567
3935 6427
3935 5110
3935 2351
3935 2028
3935 782
3935 4188
3935 602
3935 1556
3935 6186
3935 1825
3935 5877
3935 6606
3935 1740
3935 4721
3935 1034
3935 5017
3935 798
3935 5837
3935 5181
3935 3011
3935 3281
3935 1822
3935 7176
3935 6208
3935 5125
3935 1449
3935 4494
3935 4528
3935 5903
3935 5521
3935 2188
3935 3527
3935 5819
3935 101
3935 6912
3935 4136
2130 4160
2130 3881
2130 5157
2130 254
2130 1
2130 4257
2130 2767
2130 4666
2130 555
2130 4872
2130 104
2130 62
2130 3007
1374 2481
1374 2640
3166 2474
3166 136
2620 5094
2620 2847
2620 4504
2620 2615
2620 1132
2620 3378
2620 1643
2620 6894
2620 1280
3417 3920
3417 1240
4990 4634
4990 4458
4990 6772
4990 6184
4990 2471
4990 1132
4990 3011
4990 5903
4990 3480
4990 3125
4545 6216
4545 7123
4545 2690
4545 1359
4545 2474
4545 2767
4545 2744
4545 1655
4545 1192
2405 3560
2448 1222
2448 1973
5292 3314
5292 3784
5292 1566
5292 6008
5292 3735
6611 6985
6611 2019
6611 2687
5214 2903
5214 4602
5214 3072
5214 6187
5214 3544
5214 5022
5214 6275
5214 4317
5214 3754
5214 2720
5214 666
5214 806
5214 6903
5214 3218
4897 1080
4897 4709
4897 133
4897 3041
4897 1974
4897 5707
4897 4297
4897 6177
4897 1085
4897 2826
3599 4370
3599 780
3599 3828
3599 2545
3599 1728
3599 5309
3599 3681
1821 1158
760 5567
760 5988
4130 5845
4130 2897
4130 6234
1196 2211
4918 6666
4399 4858
4399 1401
4399 4450
4399 4079
4399 7027
4399 2596
4979 1589
35 2472
35 764
35 3960
35 723
35 5613
35 1046
35 1253
35 4279
35 4932
268 7130
268 6280
268 6030
268 1690
6458 4308
6458 5462
6458 4317
6458 3754
6458 958
1597 2708
1597 5603
2171 4518
2171 1623
2171 4295
2171 1029
2171 4717
2171 6927
2171 5206
2171 5519
1298 6092
1298 1126
1298 5394
1298 2310
1298 5127
1298 1273
1298 1192
1298 2388
6115 930
6115 274
6115 2490
873 6976
873 6423
873 4908
873 3290
873 1582
873 6088
873 4423
873 1989
649 1094
649 1928
649 3862
649 3529
649 3357
649 6554
649 6677
649 6384
649 3690
649 3207
649 1553
649 6589
649 691
649 1321
649 5667
649 6047
649 1646
649 6894
649 5544
1785 2064
1785 6138
2129 5547
2129 2603
2129 4281
2129 1565
2129 4196
2129 155
2129 7182
2129 2212
2129 3098
2129 581
2129 3894
2129 6250
2129 4945
2129 6995
4091 5994
4091 4726
4091 1174
4091 854
4091 4695
4091 1224
5149 3415
5149 5438
5149 3497
2996 701
2996 1736
2996 3396
2996 5200
2993 4370
2993 1042
2993 2990
2993 5220
2993 6244
2993 6457
2993 5989
2993 3547
6188 4110
6188 1901
6188 2186
6188 3140
6188 2349
4009 71
4009 654
4009 4064
4009 6918
5879 6164
5858 7123
5858 6306
5858 848
5858 1425
5858 6799
5858 1582
5858 2334
727 5331
727 1598
4898 5453
1118 2185
1118 5867
1118 4006
1118 5449
1118 1493
1118 6443
1118 5394
1118 136
1118 1014
1118 5585
1528 5535
1528 5462
1528 1230
1528 49
1528 2093
1528 3677
1528 6275
1528 68
1528 4117
1528 5117
1528 460
1528 958
1528 1074
1528 6971
1528 2869
1796 1354
1796 1575
2949 7161
2949 4490
2949 5113
2949 621
2949 5741
2949 1728
2949 5797
2949 4768
2949 2176
107 5643
107 6809
107 6471
6256 5618
6256 115
6256 6815
6256 6176
6256 2325
6256 5065
6256 824
6256 2472
6256 4573
6256 6590
6256 5797
6256 6540
6256 3335
6256 2531
6256 1837
6256 4203
6256 1253
6256 5346
5035 5423
5035 5100
1851 6885
1851 3357
1851 6529
4801 3226
4801 4142
4801 3435
4801 3690
4801 2161
4801 820
4801 119
4801 3928
4801 6274
4801 356
4801 5667
4801 4315
4801 1345
4314 2533
4314 4186
4314 887
4314 3627
528 5039
528 1314
5386 4360
5386 1624
5386 573
5386 5470
3896 3283
3896 2086
3896 52
3896 3894
3896 3105
3896 6540
3896 3874
3896 3368
3896 3221
3896 2131
3896 666
3896 4669
3896 2973
6298 1359
6298 4617
6298 6858
6298 1324
6298 6423
6298 5601
6298 2453
6298 3814
6298 1953
6298 1575
52 4018
52 6920
52 1978
52 6819
6295 5985
6295 4308
6295 2085
6295 3687
6295 4559
6295 3286
6295 1744
6295 1831
6295 3874
6295 1085
6295 570
6295 174
986 4505
2739 4461
2739 6716
816 6455
4390 1030
4390 5840
4390 1331
4390 6650
6174 6591
6174 7004
6174 7158
6174 7082
1499 4578
6609 5955
6609 199
6609 3427
6609 1768
6609 3563
6213 5344
6213 3085
5518 4390
5518 6319
1295 4100
1295 3752
1295 1641
1295 2468
1295 3916
1295 1182
4666 3881
4666 2936
4666 1781
4666 6750
4666 2702
4666 532
2310 2115
5071 5512
5071 4592
5071 193
5071 6828
5071 6581
5071 2147
5071 3252
5071 4816
5071 4282
5071 6417
5071 6540
5071 492
5071 6178
5071 3068
3163 6122
3163 4103
3163 6934
3163 7170
3163 47
3163 7001
3163 1723
3163 5475
3163 1856
3163 6988
3163 0
3163 4827
3163 690
3163 741
3163 2432
3163 4245
3163 6596
3163 3900
3163 1124
3163 5037
1810 1088
1810 4999
4312 4471
4312 854
4312 2044
4312 3856
4312 5617
5739 509
5739 5211
4929 1088
4929 5283
4929 6282
7117 5339
7117 6338
7117 323
7117 2675
7117 6163
7117 4240
7117 854
7117 4796
7117 135
7117 6051
7117 5588
7117 1876
882 3274
2593 3991
2593 2025
2593 1387
2593 1110
2593 6201
2593 6317
2593 3252
2593 1111
2593 4355
2593 5587
4523 5712
4523 2416
4523 4078
4523 692
4523 2607
4523 7023
4523 5522
4523 5314
4523 2012
4523 5117
4523 5286
4523 5005
4523 1258
1462 15
1462 24
723 4017
723 6842
723 3930
723 4075
723 5658
723 35
723 6058
723 2131
723 32
227 117
5241 4888
5241 2767
5241 1324
5241 1275
5241 1298
5241 2898
4827 5857
4827 4397
4827 672
4827 4602
4827 6796
4827 187
4827 16
4827 1295
4827 575
4827 2865
4827 3536
4827 3574
4827 2973
2153 3845
2153 3357
2153 3812
2153 1701
2766 3728
2766 6449
2766 4536
2766 729
2766 5559
2766 3350
7085 6041
7085 927
7085 6468
417 5116
417 4527
417 2225
417 1639
5018 3192
1583 3439
1583 5065
1583 6809
1583 2472
1583 162
1583 6293
1583 458
1583 478
1583 6603
1583 74
1583 7053
1583 4775
1583 6657
1583 1320
1583 2264
1583 3276
1583 2428
1583 5790
1583 6254
4408 1272
4408 5244
4408 401
4408 6040
4408 6835
4408 1978
830 84
830 1181
830 4542
830 6512
830 661
358 2891
358 415
358 535
358 1939
358 6427
358 5110
358 2690
358 2028
358 54
358 2247
358 2338
358 1825
358 580
358 5877
358 6606
358 2157
358 798
358 487
358 6992
358 5683
358 4464
358 3011
358 4510
358 3281
358 1822
358 5125
358 750
358 6468
358 4528
358 1253
358 2643
358 5521
358 3527
358 4136
1013 6111
1013 4128
1013 3262
1013 7178
1013 6115
1013 575
1013 491
1013 6529
1013 7125
1013 6146
6279 4311
6279 6883
6279 6752
6279 7155
6279 3620
3674 2059
3674 848
3674 1425
3674 5420
3674 4735
3674 5122
3674 2927
3674 4250
3674 3247
3674 2590
3674 3476
3674 6990
3674 5450
3674 1582
3674 3378
3674 3849
3674 1273
3674 770
3674 2334
3674 1816
280 3526
280 5376
280 430
280 5603
6313 255
6313 1832
6313 6201
392 255
392 1611
392 4410
392 6317
392 849
392 2593
392 138
392 1206
1270 3913
1270 5534
1270 808
1270 3667
1270 2553
1270 2012
1831 1148
1831 1989
1831 4589
1831 1253
1831 2413
1609 122
2700 4628
2700 5200
4584 3736
4584 4645
4584 1565
4584 3052
4584 3904
4584 6655
4584 2018
4584 187
4584 6590
4584 2200
4584 4092
4584 967
4584 2364
2038 3331
2038 3589
2038 2888
2038 3784
2038 3706
2038 5386
2038 3920
2038 875
2038 729
2038 5559
2117 6261
3770 3721
3770 2083
3770 551
3770 5682
3770 7040
575 670
5935 4355
5935 6574
5935 1576
5935 6829
5935 1986
1617 2997
1617 1928
1617 7123
1617 4186
1617 6551
1617 2015
1617 3679
1617 5022
1617 1821
1617 5548
1617 5327
1617 6589
1617 691
1617 5137
1617 1158
1617 1646
2300 925
3779 49
3779 4117
3779 24
3779 5912
6762 6934
6762 1922
6762 6920
5377 2287
5377 4734
5377 816
5377 3271
5377 2446
5377 1351
6778 5889
6778 5698
6778 621
6778 2328
6778 1012
6778 5005
2418 5045
2418 1198
2418 2474
2418 3577
2418 5220
2418 1544
2418 555
2418 5965
6987 4131
6987 4356
6987 2847
6987 5104
6987 3708
6987 5653
6987 2702
6987 4317
6987 5151
6987 3486
4447 5680
4447 3439
4447 6809
4447 2709
4285 3090
4285 6647
5202 4837
5202 7123
5202 2818
5202 6883
5202 7145
5202 5043
5202 6244
5202 6752
5202 1604
508 58
508 1559
508 5368
3110 2660
3110 6976
3110 6149
3110 1126
3110 6908
3110 758
3110 1
3110 5801
3110 4461
3110 2990
3110 3166
3110 4990
3110 1495
3110 1582
3110 1940
3110 586
3110 3007
3110 2115
3110 4702
5043 3729
5043 3346
5043 6667
5043 6609
3861 2299
3861 375
6965 4722
6965 5828
6965 3214
6839 6029
6839 5970
6839 5809
6839 2616
6839 4348
6839 3303
6839 3658
6839 1601
5167 4211
5167 3835
6964 1015
6964 6223
6964 3218
2673 843
2673 2496
2673 3651
2673 5498
2673 479
5823 1272
5823 3549
5823 1736
1805 1390
1805 1019
1805 2186
1805 1455
1805 3140
1805 1783
1805 3429
1805 2349
1805 3873
1805 5035
1805 2016
1805 4907
1805 6157
7041 3807
7041 3141
7041 1354
7041 4295
7041 1677
4776 2888
2797 2905
2797 1539
2797 890
6275 5647
3790 6216
3790 1889
3790 846
3790 2805
3790 4938
3790 2690
3790 5148
3790 1037
3790 1042
3790 5801
3790 4826
3790 3025
3790 6224
3790 789
3790 5858
3790 3674
3790 4317
3790 2293
3790 6117
3790 3875
3790 1654
3790 2027
3790 3099
3790 2784
3790 5585
3790 1253
3790 3068
3790 5695
3790 7058
3790 4932
3790 3125
3883 6169
3883 4281
3883 2018
3883 4355
3883 3575
3883 3858
3883 5405
3883 79
523 141
523 323
523 1905
523 4240
523 529
523 1810
523 571
523 2044
523 5061
523 6110
2894 43
2894 4402
5615 3261
5615 3810
5615 561
5615 3850
5615 6636
5615 945
5615 3090
5615 2429
5615 2356
5615 5308
5615 6094
5615 789
5615 1397
5615 5133
5615 6849
5615 4474
5615 79
5615 2845
5615 4560
3297 4533
3297 5605
3297 155
3297 5598
3297 1135
1468 6122
1468 3053
1468 3306
1468 4163
1468 2472
1468 5144
1468 1540
1468 4373
1468 3124
1468 6214
1468 616
1468 1130
1468 406
1468 5211
1735 1646
4824 1166
4824 3073
4824 1641
4824 323
4824 4410
4824 5531
4824 2053
4824 2675
4824 5699
4824 4687
4824 854
4824 169
4824 378
4824 7104
4824 529
4824 6313
4824 5664
4824 820
4824 725
4824 2740
4824 6051
4824 1876
6227 1185
6227 930
6227 6682
6227 3274
6227 3333
6227 6115
6227 86
644 6278
644 3472
644 1408
644 570
2200 6562
2200 5047
2200 6967
4326 6397
4326 5927
4326 6911
4326 3684
4326 4674
4326 2112
4326 6244
4326 94
4326 6563
4326 4144
5861 5441
5861 175
5861 4373
5861 6363
5861 4059
6979 4227
6979 357
6979 7178
6979 6115
6979 6227
1881 6976
1881 5122
1881 5830
5220 535
5220 6518
5220 66
5220 1
5220 6940
5220 1493
5220 261
5220 6990
5220 1449
5220 1675
5220 1005
6437 2811
6437 5507
6437 4955
6437 4028
6437 1070
6437 6395
6437 2280
6437 5394
6437 2652
6437 3403
6437 2317
6437 5212
6437 6918
3793 3155
3793 6655
3793 3561
3793 966
3793 5615
3793 4976
4724 7110
4724 115
4724 2234
4724 2019
4724 3720
4724 6357
4724 4727
4724 5228
4724 4297
4724 145
4724 3221
4724 4245
4724 1816
4724 101
4105 186
4105 6529
581 4308
581 255
581 6828
581 49
581 6377
581 1725
581 6581
581 2050
581 5071
581 5078
6244 260
6244 4452
6244 1423
6244 4186
6244 3589
6244 4673
6244 1842
6244 4006
6244 781
6244 3204
6244 6423
6244 6008
6244 6750
6244 2590
6244 4841
6244 5988
6244 7039
6244 551
6244 5310
6244 789
6244 5193
6244 4990
6244 4545
6244 3033
6244 5309
6244 6978
6244 6457
6244 5199
6244 1940
6244 2528
6244 5835
6244 3628
6244 2194
6244 1857
6244 1701
6244 126
6244 1005
6244 4855
1068 1976
593 5350
593 4739
593 4143
593 4721
593 1632
593 1495
593 5819
5614 3404
5614 2669
5614 885
5614 5616
5614 3485
3877 4414
3877 1290
5789 1641
5789 16
5789 5741
5789 5797
5789 5117
5789 1258
5789 5346
5789 1438
2137 1928
2137 1640
2137 5548
2137 4425
3611 2106
3611 4060
3611 5350
3611 3161
3611 7081
3611 1536
3611 2581
3611 3385
3611 1740
3611 3605
3611 5754
3611 3266
3611 1562
3611 3935
3611 2171
3611 2139
3611 4041
3611 4334
3611 4403
3611 5776
3611 6742
3611 1816
3611 6767
3611 284
342 5507
342 3021
342 2525
342 1048
342 3976
342 804
342 6008
342 353
342 4757
342 4088
342 3876
342 2462
342 5002
4875 1536
4875 2468
4875 196
3334 2329
3334 5424
3334 478
3334 74
3334 4402
3334 2264
2121 4308
2121 2465
2121 326
2121 1641
2121 2068
2121 538
2121 6992
2121 6882
2121 3894
2121 3075
2121 5741
2121 395
2121 1888
2121 1258
2121 3339
1616 1331
1616 5906
1616 2462
136 3721
136 3010
136 4925
136 2314
136 6397
136 4936
136 6443
136 3674
136 3770
136 1122
136 1273
136 858
136 3480
136 4144
2043 4452
2043 535
2043 1354
2043 6725
2043 7039
2043 4566
2043 3720
2043 819
2043 3205
2043 5193
2043 6978
616 2991
616 4556
616 4682
616 145
616 3193
616 6501
1632 1569
2760 7125
230 2025
230 5827
230 5319
230 4747
230 575
230 4438
230 3201
5295 318
5295 7053
5295 3186
5295 2528
5295 33
5223 18
5223 1928
5223 6167
5223 5503
5223 2430
5223 1646
5223 1280
5223 40
3565 6432
3565 2181
3565 7005
3565 6836
3565 6135
3565 4605
3565 5522
3565 4119
3565 2359
3565 6909
3565 468
5613 6893
5613 4974
5613 5101
23 1099
4759 4289
4759 5643
4759 6467
4759 58
4759 4171
4759 1197
4759 4460
4759 1562
4759 1332
4759 6768
4759 6945
4759 1113
4759 2175
4759 6909
4759 5549
4759 148
4759 339
3916 326
3916 6494
3916 4317
3916 2041
3916 7011
3916 958
2848 4400
612 5994
612 1088
612 6754
612 1905
612 378
5378 255
5378 738
5378 4839
5378 6794
5378 78
5378 5426
5378 4287
5378 3696
1111 3689
1111 2147
1111 2018
1111 4182
1111 6458
1111 1528
1111 3916
1111 5741
1111 5522
1111 5587
7036 4038
7036 4660
7036 1376
7036 4739
7036 2351
7036 5786
7036 6671
7036 1035
7036 1495
7036 728
7036 5693
7036 1677
7036 2565
7036 5405
7036 1647
7036 5819
7177 3044
7177 1376
7177 920
7177 7053
3953 4951
4450 1633
4450 2472
4450 6492
4450 160
4450 1540
4450 1468
4450 3500
4450 3193
4450 5211
4450 1253
4450 4932
5412 4410
4992 6885
6145 5069
6145 4863
6145 6062
6133 2071
6133 6599
6133 5127
6133 6752
6133 2255
6133 2516
5590 3807
5590 6919
5590 5365
5590 222
5590 6553
5590 4176
5590 1862
4510 1607
4510 3809
4510 3567
4510 5350
4510 4739
4510 2351
4510 4188
4510 5801
4510 1744
4510 487
4510 4181
4510 6117
4510 5125
4510 1449
4510 5776
4510 5585
4510 5819
4510 101
4510 4932
15 745
15 1316
15 6952
15 784
15 2126
15 5257
15 1765
15 1690
251 575
4355 2025
4355 3415
4355 4397
4355 543
4355 5055
4355 7112
4355 1935
4355 3142
4355 4251
4355 1504
4355 2050
4355 803
4355 44
4355 1983
4355 106
4355 109
4355 2867
4355 7128
4355 2593
4355 5935
4355 3883
4355 5614
4355 4214
4355 5951
4355 138
4355 4511
4355 423
4355 5587
2139 5562
2139 2106
2139 2814
2139 2651
2139 6668
2139 2803
2139 3611
2139 5340
3236 3205
5606 6831
5606 1347
5606 2801
96 260
5697 2065
5697 2774
5244 2396
5244 187
5244 5357
5244 1561
5244 4724
5244 3894
5244 3368
5244 666
5244 2973
1239 5319
1239 5302
1239 4954
1239 1095
1239 6531
690 6278
690 5806
690 5475
690 347
690 3163
690 69
690 741
690 3806
690 2432
690 6360
690 4293
1934 5507
1934 3021
1934 6142
1934 2022
1934 6322
1934 4854
1934 6244
1934 4757
1934 5015
1934 4652
2045 3027
3894 282
3894 3687
3894 5069
3894 4889
3894 6377
3894 6201
3894 6317
3894 5503
3894 2018
3894 2558
3894 3047
3894 574
3894 506
3894 3834
3894 273
3894 6357
3894 6256
3894 2121
3894 2345
3894 3663
3894 6251
3894 100
3894 7023
3894 1320
3894 5989
3894 174
3894 2364
3894 2009
3894 4404
3290 6050
3290 3721
3290 4837
3290 2690
3290 6306
3290 821
3290 2767
3290 5834
3290 602
3290 2732
3290 6660
3290 3576
3290 3272
3290 4326
3290 3426
3290 3311
3290 3206
3290 1347
3290 6563
3290 1205
3290 1715
3290 1192
3290 4300
3612 5787
3612 3357
3612 2044
7073 4198
310 2759
310 1668
310 2874
954 241
954 3415
954 6169
954 1387
954 1128
954 1611
954 6317
954 6417
954 3501
954 2849
954 4586
954 7077
954 5587
4935 5456
4935 5498
4935 4583
4935 479
4935 3568
1544 1676
1544 1143
1544 1212
1544 6306
1544 5504
1544 2180
1544 4660
1544 1354
1544 355
1544 1010
1544 5039
1544 6423
1544 261
1544 2927
1544 6093
1544 6990
1544 5127
1544 4963
1544 1449
1544 1989
1544 6487
1544 5785
3281 223
3281 4739
3281 3052
3281 5991
3281 2068
3281 3766
3281 1778
3281 3116
3281 5861
3281 1622
3281 4219
3281 4863
3281 5790
3281 5903
3281 7057
3340 282
3340 7110
3340 4308
3340 6259
3340 4607
3340 3821
3340 6805
3340 1641
3340 4299
3340 6377
3340 1494
3340 2592
3340 454
3340 6655
3340 6775
3340 1132
3340 6135
3340 2479
3340 5308
3340 2560
3340 4841
3340 5500
3340 2129
3340 5861
3340 7015
3340 1894
3340 473
3340 2864
3340 5358
3340 2393
3340 1816
3340 2843
6536 80
6536 4938
6536 3757
2345 1674
2345 6458
2345 2003
2345 97
2345 6971
2345 1028
2220 1126
2220 4617
2220 7010
2220 6639
7156 4862
7156 6139
7156 2240
7156 4433
7156 5579
7156 273
7156 4414
2702 4599
2702 408
2702 6987
2702 6789
2702 5784
4986 3743
4986 7111
4986 323
4986 992
4986 4196
4986 397
4986 1364
4986 1905
4986 1783
4986 4061
4986 4240
4986 3183
4986 4913
4986 4859
4986 2044
4986 3856
4986 1845
4986 540
4986 5243
4986 5588
5616 58
5616 4196
5616 6201
5616 5809
5616 5902
5616 6051
5616 2393
5616 1074
5616 6909
5616 3068
1397 4031
1397 4533
1952 71
1952 5507
1952 5121
1952 1602
1952 727
1952 4228
1952 4552
1952 3735
5011 2961
5011 3685
3267 6842
3267 3356
3267 2700
118 5
118 5507
118 6008
118 5988
118 2553
118 3007
4691 1693
4691 4196
6222 297
4731 5601
4731 6639
4731 6843
4430 6185
4430 4423
1890 4634
1890 236
1890 3976
1890 556
1890 5988
1890 1952
1890 4095
3816 1792
3816 4093
3816 2522
3816 3093
3816 722
3816 4730
3816 5784
3816 1857
2421 4754
5917 5895
5917 5945
5917 3854
5917 6866
6972 3174
6134 3525
6134 890
6134 1240
1312 3440
1312 3025
1312 3875
1312 6088
3136 1116
3136 5274
3136 4518
3136 4977
3136 2915
3136 188
3136 3385
3136 6553
3136 3423
3136 3935
3136 3611
3136 37
3136 6463
3136 7046
1547 5933
1547 6564
1547 3696
1547 3068
4603 4991
5542 6412
5542 2847
5542 5799
2016 5140
2016 1889
2016 18
2016 1019
2016 5330
2016 2186
2016 380
2016 6494
2016 5503
2016 1926
2016 1931
2016 6187
2016 78
2016 3544
2016 6947
2016 859
2016 3966
2016 4317
2016 2978
2016 2865
2016 2146
2016 4068
2016 5169
2016 435
2016 984
6151 5
6151 4972
6151 6511
6151 518
6151 7153
6151 6752
6569 5257
6569 6709
3663 255
3663 2025
3663 4152
3663 605
3663 446
3663 5049
3663 49
3663 538
3663 3047
3663 3192
3663 4725
3663 7128
3663 4990
3663 100
3663 138
3663 4586
3663 1675
3663 1046
3663 3309
3663 5544
3483 3683
3468 5994
3468 18
3468 5452
3468 5827
3468 5466
3468 3538
3468 3752
3468 1641
3468 4890
3468 6485
3468 2779
3468 1078
3468 3357
3468 5503
3468 4839
3468 171
3468 6187
3468 3544
3468 4389
3468 6947
3468 6768
3468 4317
3468 2556
3468 4947
3075 4836
3075 903
3075 5069
3075 3719
3075 2468
3075 2279
3075 1562
3075 3340
3075 1182
3075 3068
3075 1438
3075 431
5664 1387
5664 1832
5664 6317
5664 3142
5664 6417
5664 1330
5664 392
5664 4355
5664 5741
5664 3501
5664 2849
5664 3890
3085 5595
3085 3246
3085 4573
3085 5357
3085 4018
5158 3523
5158 4193
5158 3809
5158 535
5158 3768
5158 5110
5158 6315
5158 2351
5158 2028
5158 782
5158 4126
5158 4188
5158 2247
5158 602
5158 6041
5158 1825
5158 5860
5158 5877
5158 3423
5158 5837
5158 303
5158 5683
5158 37
5158 6503
5158 1822
5158 3849
5158 3939
5158 4161
5158 6463
5158 4403
5158 4817
5158 4114
5158 307
5158 1044
5158 4136
1098 7093
4530 2997
4530 2936
4530 5462
4530 1316
4530 6551
4530 3679
4530 2430
4530 730
4530 5548
4530 5327
4530 5137
4530 1158
4530 3218
7095 6282
7095 2052
7095 463
7095 7111
7095 323
7095 992
7095 1905
7095 6163
7095 4240
7095 2073
7095 529
7095 2044
7095 1182
7095 5588
7095 2989
7095 1876
7095 2379
6450 5279
6450 995
6450 6243
6450 2219
6450 460
7015 6847
7015 1494
7015 6655
7015 175
7015 2429
7015 1074
7015 3040
7015 6748
1657 5541
1657 6927
285 3768
285 7107
285 1825
285 927
285 5603
285 4161
285 375
285 797
285 4114
1846 2752
1846 4691
1846 5755
1846 1507
6548 1253
1290 4862
1290 6139
1290 7156
1290 3341
1290 166
6042 1641
6042 1725
6042 4573
6042 6540
401 6711
401 1693
401 841
401 192
401 4018
401 2632
401 6920
401 52
401 850
401 6967
401 2270
401 6040
401 2000
1426 3120
1426 1474
1426 2429
1426 310
1426 6768
1426 3130
1426 3263
6891 4227
6891 5153
6891 6821
3151 199
3151 6765
3151 6820
3151 6860
1553 61
4682 3865
4682 3246
1314 3044
1314 5379
1314 5039
1314 3186
6768 6714
6768 7016
6768 3538
6768 7081
6768 223
6768 3635
6768 125
6768 2885
6768 6947
6768 819
