7286 7293
7286 7285
7286 7456
7286 7247
7286 7427
7219 7288
7219 7216
7219 7279
7219 7215
7219 7236
7219 7367
7219 7396
7219 7204
7393 7309
7393 7453
7393 7341
7393 7437
7393 7450
7393 7279
7393 7231
7393 7355
7393 7353
7393 7385
7393 7445
7393 7248
7393 7191
7391 7398
7391 7408
7391 7414
7391 7431
7242 7278
7440 7381
7440 7437
7440 7246
7440 7192
7440 7233
7440 7282
7440 7324
7440 7231
7440 7247
7440 7261
7440 7459
7440 7322
7440 7355
7440 7298
7440 7344
7440 7329
7440 7434
7440 7273
7440 7393
7440 7263
7440 7401
7313 7408
7313 7305
7313 7222
7313 7229
7313 7459
7313 7421
7313 7369
7313 7204
7191 7395
7191 7216
7263 7393
7263 7369
7396 7196
7396 7184
7396 7227
7396 7437
7396 7279
7396 7218
7396 7188
7396 7208
7396 7433
7396 7272
7396 7392
7396 7290
7396 7261
7396 7394
7396 7283
7396 7357
7396 7194
7396 7291
7396 7201
7396 7349
7396 7347
7396 7451
7396 7458
7396 7262
7396 7368
7352 7426
7352 7341
7352 7270
7352 7279
7352 7337
7352 7231
7352 7361
7352 7369
7415 7398
7415 7408
7415 7305
7415 7416
7415 7441
7415 7361
7415 7217
7415 7459
7415 7421
7232 7187
7232 7216
7232 7192
7232 7204
7346 7381
7339 7318
7339 7227
7339 7437
7339 7270
7339 7197
7339 7463
7339 7419
7339 7325
7339 7377
7339 7246
7339 7340
7339 7322
7339 7253
7339 7257
7339 7232
7339 7369
7339 7204
7369 7186
7369 7192
7369 7427
7401 7424
7401 7208
7401 7236
7401 7185
7401 7402
7401 7219
7401 7339
7204 7244
7204 7223
7204 7281
7204 7218
7204 7188
7204 7247
7204 7283
7204 7385
7204 7393
7271 7450
7271 7240
7271 7239
7271 7393
7271 7263
7310 7293
7310 7381
7310 7187
7310 7184
7310 7288
7310 7302
7310 7408
7310 7325
7310 7306
7310 7208
7310 7433
7310 7392
7310 7455
7310 7334
7310 7217
7310 7347
7310 7367
7310 7401
7461 7447
7461 7416
7461 7436
7461 7267
7374 7285
7374 7283
7374 7300
7374 7368
7429 7288
7429 7236
7435 7416
7312 7398
7312 7246
7312 7222
7312 7416
7312 7231
7312 7191
7312 7339
7312 7204
7448 7293
7448 7395
7448 7453
7448 7288
7448 7314
7448 7234
7448 7306
7448 7324
7448 7375
7448 7361
7448 7236
7448 7320
7448 7335
7448 7348
7448 7189
7448 7385
7448 7388
7448 7458
7448 7286
7448 7368
7448 7232
7422 7453
7422 7216
7422 7456
7422 7337
7422 7282
7422 7459
7422 7349
7422 7191
7422 7448
7311 7426
7311 7381
7311 7412
7311 7453
7311 7223
7311 7214
7311 7192
7311 7215
7311 7321
7311 7375
7311 7267
7311 7322
7311 7201
7311 7191
7311 7369
7311 7435
7311 7448
7202 7364
7202 7223
7202 7385
7317 7293
7317 7395
7317 7419
7317 7325
7317 7218
7317 7306
7317 7222
7317 7337
7317 7231
7317 7185
7317 7194
7317 7355
7317 7353
7317 7390
7317 7300
7317 7262
7317 7352
7317 7232
7317 7369
7199 7187
7199 7186
7199 7456
7199 7188
7199 7278
7199 7441
7199 7368
7199 7339
7199 7401
