260 3311
6453 3517
6453 4536
6453 1952
5562 903
5562 580
5562 1529
5562 4136
5242 6130
5885 6796
5885 6275
2891 5374
4960 58
4960 2175
1214 1088
5486 6650
5486 3704
5486 4823
5633 5994
4211 575
4957 4569
7031 6529
826 725
4719 3357
7110 6135
7110 1561
7110 6945
7110 4297
3868 6891
3652 6161
1088 5531
1088 6051
1088 5734
2789 808
2789 5053
2708 3662
1089 3041
1089 4932
5642 6276
5642 4300
5044 4505
241 2973
3600 6838
3600 1891
3600 6537
3600 722
3600 6511
3600 1456
3600 1428
3600 3667
3600 691
3600 3875
3600 4963
4394 4729
5804 6901
6744 113
6744 666
4675 7107
426 4082
852 2888
852 5886
5955 5470
5955 1973
5547 1832
5547 3335
3913 203
2660 6092
6092 6306
6092 916
6092 2890
1662 2254
2185 1324
4948 3068
3990 4094
2938 4599
2938 4131
2938 6789
843 845
4784 916
964 1687
3406 3040
6402 4161
3991 3391
5690 6711
5690 581
5690 6851
501 4863
6662 79
1789 4867
1789 877
4720 4150
1476 2428
3355 2669
4308 2855
4308 3663
3299 5319
3299 2901
3299 2734
3299 4420
5867 1803
5411 985
58 5761
58 478
7067 6243
5262 3679
3016 5603
3016 3935
3016 358
3016 5158
3481 5125
6754 5994
6754 6282
5263 174
6815 5196
6815 3167
1864 1940
1889 3401
4575 6293
1779 3375
4026 3299
4026 1889
4026 4420
4026 6000
4026 4102
3809 415
1099 541
6847 4373
6338 6051
6338 5009
3383 3891
3383 2254
4452 1663
3018 4471
4370 64
5255 378
5255 4091
2603 3098
3768 5683
5115 6607
1988 380
286 3815
4152 1930
2297 6529
5436 987
3721 6342
5535 575
6498 976
6259 4872
6591 575
6591 7158
2465 5633
5045 179
5045 1493
6349 5650
6349 1770
5857 1332
3010 2767
4416 5981
1346 2248
5827 4747
5827 1078
5827 6677
2805 355
2805 436
319 255
319 296
4549 2885
6149 1354
6149 3247
6149 3486
6149 1417
3937 58
4471 1281
4471 1138
4471 3994
4471 3357
4471 830
2278 3290
2278 4622
4146 7024
2116 4092
3891 534
3891 1846
2758 6468
1942 924
1942 6223
1942 3218
6169 2973
2657 1468
1281 4471
143 6288
1143 1902
1143 6882
1387 5893
5507 3204
1520 3167
4397 7067
2937 1635
6427 4721
6427 3011
5110 4528
2540 4508
2540 3041
6091 3876
6060 2028
1400 2205
6493 1324
1559 6293
543 5664
5319 3990
5319 2025
5319 1926
5319 4389
5319 230
5900 6744
1030 3943
1030 1240
2936 6551
2681 1418
2681 6768
2681 1728
4498 3041
6714 6976
6714 555
6714 4872
5954 1505
5954 1632
5954 837
1936 6911
2917 2707
3434 2648
3434 3040
1464 6768
1464 6541
184 3357
184 1976
184 61
184 575
2320 1464
2320 6590
2320 273
3145 2247
3328 6953
2021 58
1128 1832
6262 575
19 3357
19 575
5280 1126
5280 5601
5280 2115
2085 2973
3507 1598
3507 1177
3507 5959
1019 4839
3375 5368
614 1635
3538 1641
3538 3468
6351 4848
6351 2187
2225 1931
2225 472
5462 2903
3379 4527
2098 4655
6919 325
6919 4114
3592 2412
1933 430
6672 5981
6297 1604
647 5156
4938 171
4938 6178
3414 3068
480 58
480 4739
480 2864
480 5558
3821 1426
7081 6992
7081 750
903 5201
4134 5633
4134 5991
4134 5017
4134 2121
4134 2187
4134 6086
4134 3858
6306 4837
6306 6518
2314 4735
1909 3068
6530 4863
2911 2471
2911 3247
6627 1148
6627 6062
1693 5244
1903 5864
3850 5308
2488 1511
4254 2118
6412 2430
2449 5535
2449 2577
2724 5520
3692 1828
76 2224
76 4835
3243 5885
3243 1143
3044 5954
3695 4878
3589 6961
3589 2510
1080 1778
1080 7063
6518 5815
6933 5784
3525 2888
6397 1014
1565 5905
1565 4863
1565 2364
6805 6909
1546 5973
6003 1070
6003 5080
2143 6425
3786 5827
3786 4890
123 5374
2180 6908
2180 1
141 4410
6342 5621
6342 1275
6342 6831
6342 5959
6342 6843
1230 4863
1230 4505
6765 6008
6564 171
1991 480
1641 5236
5300 575
5376 3662
5376 5603
1217 388
1217 2689
2233 6752
6777 1783
6777 4928
6278 6514
1630 1088
1470 3183
1536 903
1536 5017
4410 255
5058 4878
5007 903
6958 2432
6286 5093
6286 2428
4890 3690
4890 4092
3651 5042
3651 184
3651 1928
3651 2524
3651 5498
3651 6721
3651 479
3651 5334
3651 4959
5425 3357
1198 6764
2768 575
4972 2194
2888 5886
2186 4839
2186 5724
3579 325
4747 6485
4747 4389
4747 230
4747 4420
4739 4872
4739 1677
5731 974
2351 2488
2351 2471
2351 5837
2351 774
2351 5585
2351 3125
2028 6463
4663 6052
3285 1575
5555 5425
5555 3884
192 6595
192 6
192 3098
192 4119
192 5117
192 666
2150 2669
5953 4471
212 430
2847 2615
6846 4438
3076 4471
6908 1948
4673 1604
3904 3776
3904 113
3904 3657
3904 666
5711 4107
5711 4823
4006 3849
6689 6779
6885 2224
3447 4863
5914 469
781 758
992 323
4025 2802
3979 3478
254 2642
4769 1910
231 1570
231 4858
4252 3048
5069 282
5069 1037
201 4119
54 903
54 1536
54 5017
54 3340
54 750
1455 7115
1455 5108
1455 1339
1455 5874
1455 3068
5218 7024
5218 0
5065 6655
1316 2967
6616 4534
5410 349
5410 6091
5410 3848
758 781
5389 3589
2004 4652
4504 5712
4504 24
4398 7153
4858 1570
4858 4196
4858 860
5491 1562
3972 1088
6809 5368
6809 2020
6002 1803
6002 6831
7072 5864
6828 4816
6828 871
6828 1937
3744 3424
4196 3736
4196 2025
4196 3357
4196 3192
4196 4725
2262 374
210 3183
49 2468
5787 1635
4299 473
6158 575
2675 4485
2675 3482
5186 1693
5186 485
2412 1088
2412 323
2472 1476
2472 4498
2472 1253
4321 6805
6377 3883
6377 1465
3729 5086
6028 5104
6293 58
6293 1559
6293 5368
6293 1911
6293 987
6293 6087
6293 2730
1147 4894
4396 4100
4396 1339
1935 849
1935 6808
1935 1484
5270 1828
5270 4569
6838 1428
5379 54
1157 6809
1160 6727
3679 6552
3679 5042
3679 2015
3679 3329
2958 7161
2958 621
2958 6768
2958 5119
2958 5905
469 5009
397 378
397 3916
397 1000
7034 4858
764 6911
6579 2152
1024 424
3965 3357
5814 2475
5423 5456
5423 80
5423 5498
5423 1586
5423 3832
5423 1765
5423 1968
5423 1667
6031 6347
1494 2205
325 3935
325 358
325 2216
325 3125
1870 3000
4481 54
4481 5379
4499 5991
2022 625
2022 2494
6485 3990
5153 764
4709 3041
4709 3291
4709 1124
2592 7121
680 769
680 2656
680 4455
680 6000
680 6229
4533 945
5720 2553
458 5368
458 6809
458 6087
1364 3916
1364 1000
2576 1562
2576 3520
1 1273
3330 3506
3330 691
7142 2989
857 1049
4867 6417
4867 1937
2779 171
2779 3961
2977 1354
2977 1495
6167 575
3055 480
3055 6909
896 4462
2589 2890
3776 113
5225 4471
4171 7110
4171 58
4171 1751
7087 4064
2474 1544
2474 555
2812 5104
1070 5115
1070 1891
4647 2888
4016 3657
4016 4729
6581 3991
6581 5482
6581 1394
6581 3391
6581 871
4189 1138
624 3361
624 4369
5190 5080
2304 4471
5448 3943
4126 3150
4126 2830
3719 903
3719 5561
4939 6342
3784 4360
3784 6271
3784 3704
454 1080
454 1408
5865 6533
5865 5681
5865 2027
4633 1148
4024 61
3286 2018
3286 4548
3286 3834
7098 5220
7098 555
4143 6714
4143 916
5293 6599
355 1212
1272 6657
3618 575
7010 6750
7010 94
2529 3957
2529 3163
2529 6360
3121 3783
3121 3283
3121 3953
2221 2717
2247 3339
965 4104
965 6179
1598 3349
1598 2776
2468 1641
2468 49
3155 6278
3155 6514
6096 18
6096 3357
4364 4858
3357 5953
3357 5808
5803 2801
5420 6589
3342 1455
3342 4878
4825 7153
2703 691
2744 770
4309 5370
3063 6306
1324 6843
2605 2428
5762 1088
769 5319
769 1455
769 4878
4936 541
4936 4006
578 6885
5750 3506
5750 2457
1165 6607
5449 3010
5449 2767
2776 3349
603 6885
2254 5658
6197 2212
6775 2479
6775 7121
6775 5358
6775 5405
296 6417
5475 5346
6554 7175
6554 3761
6554 3568
934 3167
4598 7170
4598 860
4598 3193
3066 1088
3443 4410
6911 740
3373 6142
191 1214
191 4254
191 2118
2992 3401
6985 4875
1650 1744
5503 5712
5503 1046
1275 1126
1275 7033
5586 4820
5586 5368
5586 6768
5470 1267
3140 5059
1049 1919
1783 4220
3274 6146
6897 2293
3685 1828
3685 5158
625 342
4460 4289
4460 1650
4460 6768
4460 2175
4460 1449
4460 2393
3684 3290
1850 5080
5945 1267
4839 49
4839 1339
2018 5055
2018 4196
2018 2855
2018 2010
429 4471
2066 4959
187 3951
1719 539
1474 2998
1685 2948
1685 6650
2558 2205
6537 3679
3429 984
4793 3000
4793 5900
4793 6851
1434 6291
2034 1889
2034 6897
2034 2656
2034 2349
2034 2901
2034 2734
2034 3068
1556 6149
1556 2471
1556 1796
4242 6768
3234 7023
849 241
849 4938
2530 2553
1912 3428
3015 5253
2471 5877
2471 7053
2471 1417
2471 3125
4473 7113
5529 5077
5529 4863
2338 3125
6460 6511
740 5585
6423 3125
1493 2413
5605 2413
629 1042
