7399 7315
7399 7329
7399 7451
7224 7339
7377 7203
7377 7184
7377 7314
7377 7324
7377 7429
7305 7285
7305 7412
7305 7186
7305 7333
7305 7302
7305 7230
7305 7437
7305 7450
7305 7216
7305 7456
7305 7240
7305 7380
7305 7280
7305 7433
7305 7247
7305 7283
7305 7185
7305 7194
7305 7298
7305 7363
7305 7201
7305 7353
7305 7219
7305 7262
7305 7368
7305 7429
7218 7190
7218 7411
7218 7344
7378 7330
7306 7395
7306 7222
7306 7459
7306 7421
7306 7239
7306 7457
7292 7426
7292 7293
7292 7184
7292 7218
7292 7441
7292 7322
7292 7323
7292 7289
7292 7300
7292 7367
7292 7368
7292 7429
7307 7426
7307 7285
7307 7230
7307 7240
7307 7256
7307 7222
7307 7441
7307 7290
7307 7421
7307 7250
7307 7200
7307 7429
7307 7448
7188 7301
7188 7402
7188 7339
7222 7339
7213 7453
7213 7288
7213 7330
7213 7402
7213 7382
7213 7259
7213 7347
7213 7368
7213 7339
7214 7216
7214 7188
7428 7256
7428 7320
7428 7259
7428 7404
7428 7439
7428 7448
7340 7293
7340 7304
7340 7318
7340 7412
7340 7408
7340 7216
7340 7387
7340 7325
7340 7256
7340 7306
7340 7406
7340 7397
7340 7441
7340 7283
7340 7355
7340 7421
7340 7363
7340 7250
7340 7353
7340 7239
7340 7457
7340 7232
7340 7204
7340 7429
7340 7448
7258 7293
7258 7285
7258 7318
7258 7190
7258 7216
7258 7270
7258 7419
7258 7280
7258 7325
7258 7246
7258 7222
7258 7340
7258 7397
7258 7321
7258 7375
7258 7361
7258 7402
7258 7291
7258 7344
7258 7201
7258 7250
7258 7300
7258 7239
7258 7257
7258 7401
7258 7429
7258 7448
7462 7441
7462 7361
7462 7421
7462 7298
7462 7263
7462 7429
7462 7448
7268 7287
7268 7456
7268 7218
7416 7419
7416 7375
7416 7247
7192 7187
7192 7280
7192 7222
7192 7322
7192 7421
7278 7246
7278 7290
7278 7394
7278 7402
7278 7308
7436 7381
7436 7193
7436 7453
7436 7288
7436 7197
7436 7192
7436 7321
7436 7375
7436 7263
7436 7369
7233 7256
7430 7285
7430 7223
7430 7288
7430 7230
7430 7270
7430 7197
7430 7256
7430 7246
7430 7188
7430 7192
7430 7337
7430 7247
7430 7207
7430 7459
7430 7315
7430 7427
7430 7201
7430 7250
7430 7329
7430 7451
7430 7200
7430 7339
7430 7204
7365 7426
7365 7447
7365 7218
7365 7188
7365 7416
7365 7402
7365 7461
7365 7429
7365 7448
7337 7426
7337 7288
7337 7226
7337 7250
7433 7278
7433 7290
7433 7401
7282 7293
7282 7285
7282 7186
7282 7456
7282 7419
7282 7256
7282 7246
7282 7430
7282 7337
7282 7283
7282 7250
7282 7200
7282 7393
7282 7262
7282 7191
7425 7293
7425 7465
7425 7288
7425 7301
7425 7270
7425 7399
7425 7402
7425 7323
7425 7200
7425 7368
7406 7280
7406 7291
7406 7369
7454 7412
7454 7309
7454 7227
7454 7274
7454 7380
7454 7280
7454 7188
7454 7208
7454 7416
7454 7397
7454 7330
7454 7231
7454 7320
7454 7185
7454 7194
7454 7385
7454 7257
7454 7200
7454 7262
7454 7368
7454 7191
7454 7263
7454 7448
7324 7190
7324 7395
7324 7362
7324 7344
7358 7293
7358 7244
7358 7304
7358 7318
7358 7227
7358 7408
7358 7380
7358 7246
7358 7321
7358 7247
7358 7194
7358 7300
7358 7262
7358 7368
7358 7339
7358 7204
7226 7285
7226 7453
7226 7288
7226 7270
7226 7197
7226 7416
7226 7454
7226 7215
7226 7236
7226 7185
7226 7402
7226 7298
7226 7339
7226 7401
7372 7186
7372 7278
7372 7446
7372 7434
7372 7401
7397 7186
7397 7303
7397 7418
7397 7446
7397 7458
7397 7339
7397 7448
7356 7188
7356 7236
7356 7320
7215 7424
7215 7226
7215 7441
7215 7361
7215 7295
7272 7196
7272 7190
7272 7309
7272 7437
7272 7403
7272 7279
7272 7294
7272 7397
7272 7195
7272 7261
7272 7394
7272 7284
7272 7320
7272 7357
7272 7409
7272 7363
7272 7308
7272 7390
7272 7347
7330 7277
7330 7446
7330 7298
7330 7273
7330 7448
7375 7293
7375 7246
7375 7321
7375 7441
7375 7247
7375 7361
7375 7300
7375 7448
7319 7426
7319 7285
7319 7456
7319 7240
7319 7222
7319 7231
7319 7441
7319 7290
7319 7421
7319 7339
7319 7429
7343 7227
7343 7217
7400 7395
7400 7186
7400 7453
7400 7230
7400 7216
7400 7218
7400 7282
7400 7417
7400 7361
7400 7446
7400 7185
7400 7348
7400 7353
7400 7390
7400 7239
7400 7200
7400 7368
7400 7448
7400 7422
7449 7229
7449 7312
7449 7448
7407 7456
7407 7320
7407 7385
7407 7262
7407 7368
7238 7187
7238 7216
7238 7256
7238 7218
7238 7361
7238 7236
7238 7262
7238 7368
7238 7401
7238 7429
7238 7448
7231 7463
7231 7456
7231 7337
7231 7441
7231 7384
7231 7194
7231 7291
7231 7457
7231 7368
7266 7426
7266 7305
7266 7441
7266 7361
7266 7298
7266 7431
7266 7369
7441 7216
7441 7342
7441 7200
7441 7263
7441 7339
7290 7406
7290 7448
7455 7426
7455 7285
7455 7186
7455 7230
7455 7380
7455 7222
7455 7459
7455 7355
7455 7348
7455 7349
7455 7239
7455 7200
7455 7191
7455 7369
7455 7448
7338 7398
7338 7306
7338 7459
7338 7421
7338 7369
7247 7445
7247 7339
7195 7293
7195 7437
7195 7419
7195 7218
7195 7261
7195 7283
7195 7299
7195 7427
7195 7355
7195 7298
7195 7353
7195 7200
7195 7262
7195 7369
7261 7200
7261 7263
7229 7196
7229 7395
7229 7453
7229 7341
7229 7270
7229 7279
7229 7380
7229 7256
7229 7337
7229 7446
7229 7265
7229 7348
7229 7390
7229 7191
7229 7204
7417 7421
7417 7429
7360 7293
7360 7187
7360 7364
7360 7362
7360 7188
7360 7416
7360 7330
7211 7456
7211 7218
7211 7233
7211 7441
7211 7402
7211 7382
7211 7367
7211 7368
7211 7448
7254 7426
7254 7285
7254 7256
7254 7231
7254 7441
7254 7299
7254 7298
7254 7369
7254 7448
7207 7216
7207 7188
7207 7247
7207 7315
7207 7427
7207 7367
7207 7262
7207 7339
7207 7429
7394 7187
7394 7285
7394 7186
7394 7341
7394 7240
7394 7380
7394 7441
7394 7459
7394 7239
7394 7219
7394 7393
7394 7369
7236 7395
7236 7453
7236 7454
7236 7215
7236 7361
7284 7187
7284 7285
7284 7412
7284 7186
7284 7302
7284 7218
7284 7337
7284 7357
7284 7427
7284 7421
7284 7339
7217 7416
7217 7339
7446 7208
7446 7194
7413 7184
7413 7402
7413 7421
7413 7367
7413 7448
7320 7330
7320 7441
7320 7339
7283 7190
7283 7223
7283 7419
7283 7362
7283 7411
7185 7426
7185 7443
7185 7244
7185 7277
7185 7304
7185 7380
7185 7294
7185 7306
7185 7188
7185 7433
7185 7272
7185 7290
7185 7247
7185 7261
7185 7284
7185 7357
7185 7265
7185 7322
7185 7250
7185 7252
7185 7308
7185 7349
7185 7347
7185 7210
7185 7457
7185 7393
7185 7396
7185 7232
7185 7435
7411 7426
7411 7293
7411 7341
7411 7456
7411 7441
7411 7353
7411 7300
7335 7381
7335 7187
