3968 5893
1083 2882
5486 4360
5486 3204
5486 6024
4211 764
1066 236
7031 3357
826 5588
5135 4355
3652 3538
5635 4471
1088 5994
1088 3916
2708 5603
1089 4498
1089 1246
4394 5789
5804 3000
5888 3357
5955 3212
6092 2767
6092 1192
2185 4461
3990 5302
3990 6947
5970 255
843 61
964 3399
3406 3620
3991 1111
627 4928
4227 764
4308 2973
2997 2967
3016 325
6754 323
6754 5893
6754 2463
6815 4592
6815 6408
1779 58
4026 5319
899 210
1570 5806
3259 898
4174 6650
2603 1408
1199 6650
1199 4823
1988 4954
1988 3510
3415 2669
2297 3357
542 3661
6054 5830
6591 7004
6349 1803
5857 5822
2224 6885
319 4410
6854 5822
5466 5827
5466 4890
4642 3331
349 4652
6166 6128
5210 6650
143 6768
4100 5278
4100 1182
4100 2973
357 764
5680 5368
1016 2471
5900 3335
2681 3437
4498 4709
4498 2486
4498 1246
6714 4143
6714 2560
6769 3663
5094 3845
2320 6768
3507 2888
3507 4536
3507 1952
1019 4907
3538 4100
3538 5278
3538 2973
647 1693
647 5578
647 3896
4592 5357
2051 750
3821 473
7081 430
903 5007
903 750
6306 1273
6530 1562
6637 3040
6412 3832
841 4394
76 4769
4722 575
5368 5572
6518 179
2370 2007
6933 6516
6933 4131
6933 6890
6397 541
6003 5720
218 4908
2180 3247
5497 1852
141 4196
141 6201
141 2568
6342 5650
1991 4953
323 1088
323 6051
2233 6599
6278 967
1630 2463
1470 5893
6958 3793
4330 3048
3651 3568
1901 1463
5425 1635
2768 764
2768 1125
2186 6564
2186 3429
2186 4907
6327 2912
4739 4289
4739 6149
3052 4863
5555 677
192 5900
192 3335
5953 3357
4685 4360
4685 4095
2847 3378
5711 6650
5711 4652
2650 6671
2650 4176
6220 3943
738 3652
46 4823
1455 4396
1455 4839
1455 5724
1455 2016
5218 5806
5218 2736
5410 4652
758 5551
758 5127
3141 5562
902 4828
1429 826
14 3330
14 3097
4457 3679
2238 5886
5393 583
7072 6087
2642 4666
6828 3305
3744 1488
3744 4339
2262 541
210 1783
5787 3357
2663 4908
2675 5893
5186 4394
4321 1894
6377 5236
6364 6917
6364 6024
350 2428
956 5368
1935 4355
1935 6568
1160 3167
2958 4881
2958 1085
2958 2826
397 323
397 4196
397 5893
764 3790
764 3378
5709 3000
5709 6901
5423 5100
5893 326
4481 5991
299 5720
299 7153
680 2034
680 4878
3330 3343
7142 4104
2977 3011
1725 5236
3055 6296
3055 4953
6513 4355
1197 6937
6686 4823
6581 241
6581 3305
6581 849
6581 6575
624 4182
624 682
6320 655
5174 2175
4126 308
4633 6062
5293 1604
430 6927
7010 3756
3121 1951
3121 6251
3121 6640
2468 3916
2068 5405
6096 2025
1403 4471
5420 3486
5806 0
5798 4331
5798 1324
6549 4863
6554 4959
1331 3943
3066 4110
191 5762
2992 4389
1650 1080
5503 774
3129 6971
1275 1324
1055 7113
3140 1901
3140 3066
3134 3943
1850 5955
2071 1604
4839 171
1786 2948
1786 6024
187 2973
1685 6024
1685 4823
6537 7153
2034 5319
2034 4878
3234 3913
2471 6259
2471 6149
2471 3011
2896 5900
2896 192
5529 58
6460 2553
1493 774
629 1324
3518 7082
7004 3214
1132 5503
1132 774
2493 1567
2493 5211
1586 925
6129 3920
2706 4959
348 2707
4282 5357
3756 4143
3756 6185
3615 5893
5511 2583
4704 3357
4704 2293
4182 7128
347 2449
5860 430
854 4695
4878 2899
4878 3068
580 1536
2371 764
2371 575
3338 2567
3148 6296
3148 2064
5728 5200
318 3430
318 3186
5363 5893
5363 6051
3854 1267
3146 3314
3146 3204
3146 5386
4548 2973
340 4823
4721 2351
804 4823
5745 6851
3041 5065
3041 1246
2632 4394
3090 3793
3090 5228
860 6351
860 2472
860 4932
6288 1974
6917 3152
6917 6008
4749 3421
7047 3679
2734 2034
722 4523
722 6177
1401 5613
1052 5864
1640 5712
2950 3275
2046 5864
6511 2233
3428 6591
5394 6831
5394 3814
692 7067
103 4317
1029 4176
3273 5712
2086 1086
2086 6995
2303 3040
2303 4823
827 7023
701 1808
701 5200
3834 4505
767 3943
3333 764
6667 2888
5662 4655
5662 811
337 341
6876 2493
315 3000
315 1693
6140 4569
3490 6606
106 3167
1709 5621
1709 374
6128 7107
6128 5603
5724 7115
4711 2047
5837 1511
5837 5973
4339 3212
4980 4928
2590 6518
2590 6394
6830 1324
1893 4450
3183 5893
3183 7142
6901 5789
3097 1914
4646 6858
4646 6639
4646 3169
1172 3379
2459 6650
4908 4895
303 2351
303 2889
303 1495
303 1575
1529 5822
2156 6909
3739 5893
5683 2247
3560 6917
1836 2428
4674 6185
273 1562
273 6087
1974 4407
1974 2413
4861 58
1751 5857
1751 5680
1751 5822
4352 6650
4928 4220
2246 1088
5408 6293
5864 5093
135 5893
6639 1803
3124 3730
3124 2493
3124 1567
3124 5211
438 5603
3398 6195
1526 3426
5315 1238
5773 1463
529 7095
4001 5621
3533 4928
4680 3357
1658 5077
6105 430
4569 7107
3098 4196
0 2991
4010 2254
2802 325
3860 3357
4536 1952
353 4823
7008 764
1297 3560
7145 5955
2599 7153
6628 1808
5022 5462
3935 3809
3935 3768
2130 3063
4897 480
4897 2019
3599 5151
35 4196
35 3663
268 3679
2417 4176
1298 2115
649 1635
1118 5642
1118 6185
1528 5169
5035 4486
5386 537
5518 3560
723 534
2766 5886
358 2106
358 3768
358 4403
1270 2530
1270 2861
1270 5080
2038 4339
575 3702
575 4537
575 5808
6979 575
6437 524
4724 4573
4724 1561
6244 2732
6244 6650
6244 3708
6244 6024
6244 6394
6244 2255
5614 4410
5614 6201
5614 957
3611 5562
4875 2465
5223 3812
4759 5822
5556 4596
4510 5903
15 5723
4355 4196
4355 4548
3894 4196
3894 3357
3894 2293
954 5970
954 5614
954 2568
1544 2767
1952 5621
1952 3349
1952 3683
1952 2202
1952 1136
1952 4001
1952 3212
1952 3251
3267 4154
2016 4396
2016 4839
2016 171
3663 18
3663 6769
3663 3357
5664 4410
5664 5614
7095 4196
6548 2583
401 4394
1426 3821
6891 764
6768 3001
6768 4622
4881 7161
3534 4548
4489 3015
6724 5914
3096 5720
5228 3793
4907 4396
4907 4839
4907 5724
4455 6000
424 3887
3186 5991
6635 6251
2243 539
2745 5937
5303 5814
5303 5720
119 2860
6185 3010
6185 5449
3757 4220
3757 1345
4954 1889
4954 5319
4954 4389
4954 4420
3494 7153
3928 4104
7050 6937
3984 6071
485 1693
485 5038
1990 430
94 3010
94 4872
6510 5892
6510 837
6439 5023
5855 3068
5212 2553
850 4394
5876 5368
2340 1449
3378 1493
3378 774
3993 541
3212 1776
1320 5368
1320 1562
1320 166
1845 5893
6161 3538
6086 3883
6086 2121
4303 5135
4303 241
4303 4355
1095 3652
1095 1889
5959 5621
5959 4001
6024 2948
6024 6933
6024 6650
6024 4823
2248 2325
