282 6768
5562 3611
5562 750
5829 5093
3314 3589
2059 305
3868 764
3652 5667
1088 4196
1088 5893
3331 6024
2708 2584
3600 3679
3600 3097
3600 7153
3600 3343
3624 3040
3624 4823
5547 3098
3913 808
179 4370
179 3476
179 5151
2185 1042
610 750
5618 3167
2938 6933
6516 6890
3406 6650
3406 4823
872 2064
5692 750
4308 2018
4308 4548
4308 5236
5269 2567
5 1604
58 2557
58 5069
58 1157
58 6590
58 6135
58 5572
58 4574
58 2393
58 4863
58 6909
58 2196
3653 6937
6282 3068
3016 1828
1390 1463
6754 3068
6815 517
4026 2034
18 3357
18 5503
4452 6054
4452 5220
535 1449
5255 3068
2025 230
6523 430
1633 1852
3911 282
5045 5830
5045 4908
5857 58
5857 5368
5857 1562
71 6650
71 6024
71 4823
4416 4360
4416 5710
1346 3167
1265 5394
2496 833
6149 4872
3937 4863
2948 4823
6166 2375
3891 2254
6169 4355
143 1562
1143 5885
5680 58
5680 6809
5680 1562
5680 4759
5680 6768
4820 58
4820 5368
4820 1562
4820 6768
47 3090
1559 1562
1559 3520
6150 7153
2905 2888
2905 5886
2681 3520
6714 916
5094 5712
236 6863
236 2388
2320 1562
3021 6650
3021 4823
3507 3943
3375 58
6351 6882
5712 3357
3379 2496
428 2567
3845 398
84 4471
480 2019
480 1974
7111 5914
1505 750
4134 3075
6530 58
1693 3000
6412 2870
6412 3357
6412 4846
6412 5164
2449 6514
1832 18
1832 4196
1832 3357
1832 2293
4469 6185
76 6885
4722 764
4722 1125
3589 3406
3589 5328
3589 4390
3589 6024
3589 3620
3589 4595
5368 58
5368 1562
5368 4863
7164 4428
7164 1953
3525 5886
6003 2888
6003 5886
6003 3920
6003 3943
6003 1240
218 5830
3631 4360
3631 4095
5049 5182
5049 5334
5049 4707
323 4196
323 5893
323 3068
2233 1604
6142 2818
6142 6244
6958 3090
4660 535
4660 5039
4660 1449
3554 4686
3651 1976
2035 6671
4972 5016
2028 750
5555 3357
5555 1635
192 6851
6371 5893
2150 3068
5953 575
2557 58
2557 6937
2847 4317
3846 5955
1359 2818
6946 2254
6946 723
6946 5200
2650 750
6682 764
3402 4863
46 6650
758 6493
758 5884
4398 3679
2615 1132
2615 3378
2615 774
6809 58
6809 1907
5393 4596
5328 6024
4196 6995
2663 5830
4028 3097
4321 473
6377 1725
6364 5389
6364 4390
5104 5653
3729 2888
3729 3943
956 1562
956 3520
5761 58
5379 5991
2870 5094
1157 58
1157 5368
1157 2557
1157 4574
3679 5442
2958 2449
2958 6514
2958 912
397 3068
5893 5994
5893 2468
5893 2121
5893 6051
5893 1182
5893 431
2083 6342
680 3342
1364 2463
1364 3068
3848 4652
3330 3600
3330 3679
3330 3097
3330 7153
5557 3560
7142 5893
4171 5857
5498 843
5498 184
2812 5019
6602 6650
6602 4823
4647 5955
6686 3040
6581 4355
4189 4471
624 275
624 3167
4737 6091
4737 342
4126 5510
1813 430
3784 3204
4143 2767
2868 541
1924 6809
430 1825
7010 4634
7010 2832
7010 556
2529 3090
3121 1808
3121 6584
1566 3204
617 4863
2468 5994
3357 18
3357 5712
3357 925
5834 5642
5803 6342
3342 769
3342 2656
3342 6229
4128 3274
1324 5601
5806 5937
4936 236
5798 4943
5798 6863
5798 2220
5798 3005
5798 5127
5798 2388
478 58
5475 3221
4598 2991
6328 4863
6911 3378
1905 4196
3373 6650
3373 3620
3373 4823
2992 3342
6985 4684
1650 1930
1650 7057
5503 1132
3129 1296
3129 4283
5973 2059
1275 6342
1275 418
1275 5241
5586 1562
4537 3357
4537 575
3140 1463
1783 210
1783 431
2818 7123
5182 5334
808 3913
6184 2351
479 398
2018 4308
1786 1604
1474 6909
2034 3342
4242 5017
3015 3562
2471 4872
4473 4863
2896 4182
2896 3167
2896 6352
5993 430
6423 5199
6423 1575
1493 1562
1493 1046
1493 1663
5605 2707
3648 6838
3648 7153
6652 4684
589 3058
6666 3040
6666 4823
2656 769
6603 5093
2609 58
6129 2888
6129 5886
6129 3943
6129 1240
5287 2728
1948 179
1948 5815
4456 5394
3716 6632
1856 3090
3756 5449
3756 3047
3756 3849
4704 3098
3976 5386
6590 3052
854 2463
6135 3052
6135 6909
1926 6947
5743 750
1913 5830
1913 4908
704 4596
5877 3011
5877 1822
5877 1677
125 4897
4324 4394
4548 3834
4548 174
340 5507
340 6024
804 6650
832 764
832 575
832 1125
3041 4709
860 5065
860 2413
5830 6054
5830 5045
5830 218
5830 2663
5830 1913
5830 3755
3957 3090
6288 5864
6917 6142
6917 5328
6917 6024
6917 3620
6023 7153
2208 826
6650 3589
6650 3959
378 5893
378 2463
378 3068
4905 3486
78 1059
685 3068
7053 4702
4108 3618
784 3725
5394 1141
5394 5280
5394 1126
5394 1803
5394 1324
5394 5601
5394 5127
5394 2447
5394 2388
1029 4295
3273 3357
2086 1687
2086 6819
3616 6768
1026 4471
1602 6342
3834 174
4770 6818
6018 3679
6667 3943
5662 5914
337 2475
6876 5093
2851 2553
3490 5642
3025 6177
2691 5045
1709 541
5019 2812
3878 3777
2126 4527
2126 857
609 1375
5724 4396
5724 4839
5724 171
5561 2035
5561 6671
5603 4569
2590 2818
3183 210
3708 2732
3708 6358
4746 2471
6901 4394
4646 6843
556 3849
1172 2496
1172 1586
877 517
3873 2463
1106 5642
5653 5019
303 3011
303 1822
303 1677
303 3125
1529 750
5988 3204
2156 58
5683 837
5257 6709
4674 236
1396 6342
4861 1562
6599 1604
4352 4823
3690 5667
2073 4196
3733 4655
1765 4527
1765 6709
4596 5556
634 2860
634 2463
2444 6514
3711 3719
3266 750
6361 3271
1562 4820
1562 6768
1562 3520
1180 1828
1180 325
1180 276
7128 3167
7128 6995
551 5642
551 3849
3167 4182
3167 275
4680 575
2578 430
2578 6463
4569 1828
4569 5603
4569 5158
387 6291
3387 5394
3098 4704
5398 3343
2802 1828
2802 276
4536 5955
4536 1488
4536 1776
353 6650
5231 91
2383 2888
2383 5886
341 2475
467 826
5022 3218
3011 6149
3011 2471
3011 5877
3011 1495
3011 1822
3011 1677
3011 4702
3011 5819
3011 3125
2130 6185
3166 6394
4990 4143
35 18
35 3357
35 2293
2417 4295
2417 750
649 1976
649 5334
4091 2463
4091 3068
6256 5900
6256 4592
6256 192
6256 4282
1008 58
5386 3204
5386 4095
3896 3000
3163 3090
2088 3068
4523 3913
723 2254
723 3908
417 6361
4042 849
1583 1974
1583 5864
358 3935
1013 3274
6279 5835
3674 2180
575 5535
575 5302
575 6947
575 4680
5202 5955
5202 1488
5202 1776
6965 1125
4046 5200
6227 764
6979 764
6437 1706
6437 6781
6437 5720
4724 5357
6244 4837
6244 7123
6244 2818
6244 5437
6244 1655
5614 2568
3611 750
3334 5864
2043 5695
2043 721
5223 5712
23 6776
2848 4596
15 2496
15 4527
5244 3000
3894 4704
3894 3098
954 2669
954 4410
954 6201
954 296
3340 3047
3340 17
3340 4622
1952 6342
1952 2453
1952 3814
5917 1267
1312 2577
2016 5724
3663 4196
3663 2293
6042 3167
1426 1894
6768 282
6768 3520
5747 541
4170 2359
5228 3090
4907 6564
4907 1455
4907 3429
4316 1088
4316 5893
4316 6051
4316 3068
4455 3342
424 1409
424 2781
3186 5379
4574 58
113 3834
297 2847
5303 2475
119 2463
6185 6908
6929 3068
6541 1562
3757 4239
3757 4928
491 3274
3785 3090
3920 2888
3920 5886
3920 3943
3920 1240
555 6976
555 2474
555 7098
555 5220
555 1544
6924 5893
890 2888
890 5886
485 1687
4650 3048
1479 58
94 2767
94 1192
3671 5937
6439 1852
6704 541
5199 6088
1808 5390
6005 5017
2293 18
2293 3357
2293 5989
5212 6781
5212 5720
6337 1267
5876 58
5876 6809
5876 6590
4049 541
3378 3790
3378 5989
3212 5955
3212 1488
2816 5893
1320 58
3874 3368
186 3274
6086 2187
1095 3401
1095 4389
5959 6342
5959 2453
5959 6356
6024 6516
5742 3090
1117 6909
6589 5799
2360 6632
5206 430
6752 1604
1347 6342
1592 3943
6951 4104
1065 66
1065 1369
7171 6778
3071 4739
3325 58
5142 2254
6051 4196
6051 2121
6051 1182
6117 1273
1000 5893
1000 6051
1000 3068
590 6511
590 7153
64 4370
64 2805
64 4143
64 6772
64 1493
64 1663
6829 2010
321 826
3399 1687
1677 1495
4342 764
741 0
145 5093
2313 570
3287 6671
2755 430
5340 430
6788 2475
3421 5162
6499 5396
1973 5955
7083 4863
921 6342
6088 5199
2737 5893
5905 6909
4400 4596
7030 3679
3432 6937
5151 179
3343 6838
3343 5016
5028 1852
4283 3129
1449 535
1449 4660
1449 5039
949 3204
443 3679
4608 837
1125 3725
3067 4471
5371 4239
5371 4928
2646 4655
1675 774
1675 5989
655 6024
3620 6142
3620 6650
3620 6024
3620 4823
1046 3047
1046 4622
6058 2254
3696 4878
3696 3068
5016 5115
5016 4972
5843 2553
6463 430
3510 1889
3510 5319
3510 4420
2393 6135
2393 4863
2393 6909
3143 6863
5243 431
750 5201
3099 2043
3099 5695
3099 721
5588 5893
4213 2493
5169 5924
5169 1528
1867 7153
3900 0
3089 3343
1628 4182
1628 3167
1628 6352
1408 4704
1408 3894
1408 2413
128 5019
1876 5893
459 5328
459 6917
459 3560
459 6024
1329 4584
2428 2707
3294 6768
1656 4339
1635 97
6468 927
3959 3599
3486 4186
3486 3025
371 3068
6036 5886
5014 5710
3001 6768
4817 1828
3553 3848
4114 1828
4114 325
925 5712
925 3845
925 3357
4863 58
4863 5572
4863 6909
6909 4836
6909 5069
6909 5905
6909 4863
6207 0
3962 4824
3962 7095
1192 2767
4019 3679
3040 4129
6742 430
2196 58
2196 5368
4012 6768
4407 4704
4407 6995
967 2449
967 2958
967 6514
914 3342
6521 5886
5267 750
1223 584
1223 5955
1223 1488
1223 1776
5559 5886
4095 6024
1816 1409
1701 1832
1701 3098
1701 3790
1701 3378
2559 6024
735 2669
735 4410
735 3068
5549 5822
5721 3730
5721 2493
5721 509
5721 1567
5721 5211
1497 541
2608 5815
5219 6368
5219 424
1131 826
2062 2607
6835 1238
3484 5456
6435 6197
1604 6752
1604 3620
1604 5468
6995 4196
2379 5914
3157 1776
2144 1479
6027 3560
6545 3959
6545 2908
3068 5994
3068 1088
3068 3415
3068 3582
3068 2119
3068 1995
3068 3890
2413 2472
2413 3098
2413 1408
2413 4407
5373 5886
5600 6296
5695 66
5695 1369
6146 6853
6890 6933
1430 6301
163 4182
163 3167
163 4369
3649 3560
1438 405
431 5994
431 326
431 2468
431 6051
431 1182
4823 6650
4823 4686
4823 6024
1999 5710
40 3832
364 374
4959 2524
4959 5962
4959 4583
5468 1604
3514 3357
101 4739
101 4872
3339 54
3339 3075
4404 3520
339 6937
339 3777
3125 3011
3125 1822
7443 7438
7443 7256
7443 7406
7443 7321
7443 7402
7443 7250
7443 7393
7443 7263
7443 7429
7203 7285
7203 7184
7203 7314
7203 7452
7203 7456
7203 7377
7203 7218
7203 7282
7203 7406
7203 7324
7203 7441
7203 7355
7203 7348
7203 7239
7203 7262
7203 7368
7203 7339
7293 7456
7293 7218
7293 7222
7293 7416
7293 7445
7293 7368
7293 7339
7381 7216
7244 7445
7255 7412
7255 7216
7255 7270
7255 7256
7255 7441
7255 7284
7255 7201
7255 7252
7255 7368
7196 7395
7196 7453
7196 7380
7196 7256
7196 7321
7196 7231
7196 7361
7196 7446
7196 7390
7196 7339
7277 7216
7277 7256
7277 7385
7277 7273
7304 7445
7285 7337
7285 7429
7318 7445
7438 7443
7438 7376
7438 7462
7438 7406
7438 7254
7235 7397
7235 7185
7235 7257
7235 7339
7190 7412
7190 7395
7190 7270
7190 7456
7190 7218
7190 7416
7190 7441
7190 7262
7190 7368
7190 7339
7373 7309
7373 7327
7373 7397
7373 7458
7373 7257
7193 7365
7193 7267
7193 7348
7383 7246
7398 7227
7398 7408
7398 7246
7398 7448
7309 7397
7364 7395
7364 7280
7364 7256
7364 7441
7364 7206
7364 7291
7364 7409
7364 7339
7186 7187
7186 7285
7186 7192
7186 7337
7186 7406
7186 7441
7186 7342
7186 7361
7186 7427
7186 7239
7186 7191
7186 7429
7333 7278
7333 7298
7333 7448
7453 7429
7223 7293
7223 7412
7223 7456
7223 7218
7223 7416
7223 7441
7223 7361
7223 7262
7223 7368
7223 7339
7209 7203
7209 7293
7209 7285
7209 7453
7209 7465
7209 7184
7209 7288
7209 7314
7209 7452
7209 7447
7209 7216
7209 7403
7209 7456
7209 7389
7209 7377
7209 7218
7209 7188
7209 7222
7209 7416
7209 7365
7209 7282
7209 7406
7209 7324
7209 7441
7209 7247
7209 7283
7209 7402
7209 7267
7209 7427
7209 7322
7209 7355
7209 7421
7209 7323
7209 7348
7209 7353
7209 7385
7209 7445
7209 7329
7209 7451
7209 7239
7209 7367
7209 7262
7209 7368
7209 7339
7209 7429
7376 7443
7376 7438
7376 7316
7376 7462
7376 7406
7376 7321
7376 7400
7376 7455
7376 7402
7376 7421
7376 7250
7376 7393
7376 7263
7376 7310
7376 7448
7243 7348
7420 7348
7303 7309
7303 7327
7303 7397
7303 7185
7303 7458
7303 7257
7303 7339
7350 7309
7350 7257
7410 7293
7410 7187
7410 7285
7410 7184
7410 7288
7410 7314
7410 7452
7410 7216
7410 7197
7410 7456
7410 7389
7410 7274
7410 7377
7410 7218
7410 7188
7410 7222
7410 7416
7410 7365
7410 7282
7410 7406
7410 7324
7410 7226
7410 7441
7410 7236
7410 7283
7410 7267
7410 7427
7410 7355
7410 7421
7410 7348
7410 7353
7410 7385
7410 7445
7410 7329
7410 7300
7410 7451
7410 7239
7410 7367
7410 7262
7410 7368
7410 7339
7410 7429
7316 7443
7316 7406
7316 7321
7465 7293
7465 7187
7465 7184
7465 7288
7465 7197
7465 7274
7465 7218
7465 7222
7465 7416
7465 7226
7465 7441
7465 7236
7465 7446
7465 7283
7465 7427
7465 7348
7465 7445
7465 7368
7465 7429
7198 7246
7227 7441
7288 7187
7288 7186
7288 7226
7288 7441
7288 7446
7288 7348
7288 7367
7288 7429
7408 7246
7408 7232
7408 7448
7269 7184
7269 7314
7269 7452
7269 7216
7269 7456
7269 7389
7269 7377
7269 7218
7269 7188
7269 7222
7269 7416
7269 7365
7269 7282
7269 7406
7269 7324
7269 7441
7269 7247
7269 7402
7269 7355
7269 7421
7269 7348
7269 7353
7269 7445
7269 7329
7269 7239
7269 7367
7269 7262
7269 7368
7269 7339
7269 7429
7251 7184
7336 7256
7336 7448
7314 7184
7314 7214
7314 7441
7314 7348
7314 7451
7314 7239
7332 7285
7332 7412
7332 7216
7332 7270
7332 7456
7332 7256
7332 7218
7332 7441
7332 7284
7332 7201
7332 7252
7332 7239
7332 7262
7332 7368
7332 7191
7332 7339
7212 7333
7212 7256
7212 7278
7212 7433
7212 7347
7287 7395
7287 7453
7287 7280
7287 7256
7287 7206
7287 7291
7287 7339
7371 7255
7371 7285
7371 7412
7371 7227
7371 7216
7371 7270
7371 7456
7371 7256
7371 7294
7371 7218
7371 7188
7371 7441
7371 7284
7371 7320
7371 7201
7371 7252
7371 7385
7371 7239
7371 7219
7371 7262
7371 7368
7371 7191
7371 7339
7371 7204
7452 7348
7452 7239
7328 7348
7437 7192
7437 7406
7437 7441
7437 7361
7437 7239
7437 7429
7450 7293
7450 7412
7450 7395
7450 7186
7450 7223
7450 7184
7450 7216
7450 7270
7450 7456
7450 7362
7450 7256
7450 7218
7450 7188
7450 7441
7450 7446
7450 7320
7450 7402
7450 7291
7450 7201
7450 7385
7450 7300
7450 7347
7450 7239
7450 7262
7450 7368
7450 7339
7447 7184
7447 7218
7447 7222
7447 7416
7447 7441
7447 7267
7447 7322
7447 7323
7447 7348
7447 7445
7447 7368
7447 7429
7432 7255
7432 7285
7432 7412
7432 7227
7432 7216
7432 7270
7432 7456
7432 7256
7432 7294
7432 7218
7432 7441
7432 7284
7432 7201
7432 7252
7432 7239
7432 7219
7432 7262
7432 7368
7432 7191
7460 7280
7460 7256
7460 7206
7460 7291
7301 7256
7234 7426
7234 7184
7234 7314
7234 7389
7234 7377
7234 7218
7234 7188
7234 7222
7234 7416
7234 7282
7234 7406
7234 7441
7234 7247
7234 7355
7234 7421
7234 7348
7234 7353
7234 7445
7234 7239
7234 7367
7234 7368
7234 7429
7234 7448
7216 7381
7216 7256
7216 7188
7216 7402
7197 7184
7197 7441
7197 7446
7197 7348
7403 7184
7403 7416
7403 7441
7403 7322
7403 7323
7403 7348
7403 7445
7345 7426
7345 7293
7345 7187
7345 7285
7345 7395
7345 7186
7345 7453
7345 7465
7345 7184
7345 7288
7345 7314
7345 7216
7345 7270
7345 7197
7345 7456
7345 7389
7345 7274
7345 7256
7345 7377
7345 7218
7345 7188
7345 7222
7345 7416
7345 7337
7345 7282
7345 7406
7345 7226
7345 7441
7345 7247
7345 7236
7345 7446
7345 7283
7345 7354
7345 7315
7345 7295
7345 7427
7345 7322
7345 7355
7345 7421
7345 7348
7345 7353
7345 7385
7345 7445
7345 7329
7345 7300
7345 7451
7345 7239
7345 7367
7345 7219
7345 7262
7345 7368
7345 7339
7345 7369
7345 7429
7345 7448
7463 7196
7463 7395
7463 7453
7463 7380
7463 7280
7463 7256
7463 7306
7463 7321
7463 7231
7463 7195
7463 7361
7463 7217
7463 7446
7463 7384
7463 7194
7463 7291
7463 7390
7463 7457
7463 7339
7463 7448
7389 7282
7389 7355
7389 7348
7279 7441
7387 7456
7387 7218
7387 7368
7387 7339
7274 7456
7274 7218
7274 7416
7274 7441
7274 7446
7274 7445
7274 7262
7274 7368
7274 7339
7419 7222
7419 7445
7362 7293
7362 7412
7362 7395
7362 7270
7362 7456
7362 7256
7362 7218
7362 7416
7362 7324
7362 7441
7362 7361
7362 7283
7362 7354
7362 7445
7362 7300
7362 7262
7362 7368
7362 7339
7380 7402
7280 7285
7280 7395
7280 7453
7280 7256
7280 7321
7280 7231
7280 7441
7280 7361
7280 7446
7280 7390
7280 7239
7280 7339
7325 7412
7325 7450
7325 7456
7325 7240
7325 7218
7325 7406
7325 7321
7325 7441
7325 7361
7325 7250
7325 7393
7325 7262
7325 7368
7325 7263
7325 7339
7325 7429
7326 7416
7326 7365
7326 7406
7326 7413
7326 7355
7326 7348
7326 7353
7386 7246
7386 7297
7386 7448
7256 7395
7256 7453
7256 7216
7256 7321
7256 7231
7256 7441
7256 7361
7256 7446
7256 7320
7256 7402
7256 7194
7256 7291
7256 7385
7256 7390
7256 7339
7256 7448
7294 7285
7294 7412
7294 7453
7294 7223
7294 7216
7294 7270
7294 7456
7294 7256
7294 7218
7294 7441
7294 7284
7294 7201
7294 7252
7294 7385
7294 7239
7294 7219
7294 7262
7294 7368
7294 7191
7294 7339
7294 7429
7377 7348
7305 7426
7305 7395
7305 7227
7305 7408
7305 7270
7305 7256
7305 7246
7305 7306
7305 7222
7305 7416
7305 7337
7305 7406
7305 7231
7305 7441
7305 7361
7305 7459
7305 7421
7305 7445
7305 7191
7305 7369
7305 7448
7218 7293
7218 7412
7218 7223
7218 7456
7218 7222
7218 7416
7218 7228
7218 7247
7218 7366
7218 7445
7218 7262
7218 7368
7218 7339
7378 7381
7378 7216
7378 7188
7378 7320
7378 7385
7292 7447
7292 7389
7292 7365
7292 7282
7292 7406
7292 7267
7292 7355
7292 7348
7292 7353
7292 7445
7307 7443
7307 7462
7307 7406
7188 7216
7188 7256
7188 7385
7213 7381
7213 7184
7213 7216
7213 7188
7213 7214
7213 7315
7213 7348
7213 7404
7213 7385
7213 7329
7213 7451
7213 7346
7214 7184
7428 7184
7428 7216
7428 7188
7428 7329
7340 7456
7340 7419
7340 7380
7340 7416
7340 7361
7340 7445
7340 7339
7258 7187
7258 7186
7258 7456
7258 7218
7258 7446
7258 7262
7258 7368
7258 7339
7268 7285
7268 7395
7268 7453
7268 7280
7268 7256
7268 7441
7268 7206
7268 7291
7268 7409
7268 7339
7416 7218
7416 7222
7416 7445
7416 7368
7416 7339
7192 7285
7192 7395
7192 7186
7192 7453
7192 7437
7192 7270
7192 7256
7192 7337
7192 7406
7192 7441
7192 7261
7192 7361
7192 7427
7192 7348
7192 7239
7192 7200
7192 7191
7192 7339
7192 7429
7278 7298
7278 7448
7436 7293
7436 7184
7436 7314
7436 7447
7436 7403
7436 7389
7436 7218
7436 7188
7436 7222
7436 7416
7436 7365
7436 7282
7436 7406
7436 7441
7436 7283
7436 7267
7436 7322
7436 7355
7436 7421
7436 7323
7436 7348
7436 7353
7436 7445
7436 7289
7436 7300
7436 7451
7436 7368
7436 7429
7436 7435
7430 7314
7430 7447
7430 7403
7430 7389
7430 7222
7430 7416
7430 7365
7430 7282
7430 7406
7430 7441
7430 7413
7430 7283
7430 7267
7430 7355
7430 7421
7430 7348
7430 7353
7430 7445
7430 7367
7430 7429
7365 7389
7365 7406
7365 7355
7365 7348
7365 7353
7365 7445
7337 7187
7337 7285
7337 7395
7337 7186
7337 7453
7337 7270
7337 7380
7337 7256
7337 7192
7337 7406
7337 7321
7337 7231
7337 7441
7337 7342
7337 7361
7337 7446
7337 7402
7337 7427
7337 7194
7337 7349
7337 7239
7337 7200
7337 7191
7337 7263
7337 7339
7337 7429
7337 7448
7433 7298
7282 7389
7282 7222
7282 7416
7282 7406
7282 7361
7282 7355
7282 7353
7282 7429
7425 7381
7425 7184
7425 7314
7425 7216
7425 7197
7425 7188
7425 7213
7425 7214
7425 7428
7425 7211
7425 7315
7425 7382
7425 7259
7425 7404
7425 7385
7425 7329
7425 7439
7425 7451
7425 7346
7406 7285
7406 7186
7406 7453
7406 7192
7406 7282
7406 7321
7406 7441
7406 7361
7406 7402
7406 7427
7406 7355
7406 7348
7406 7250
7406 7239
7406 7200
7406 7339
7406 7429
7454 7424
7454 7187
7454 7285
7454 7186
7454 7453
7454 7288
7454 7216
7454 7256
7454 7278
7454 7226
7454 7441
7454 7361
7454 7236
7454 7446
7454 7239
7454 7219
7454 7339
7454 7401
7454 7429
7324 7293
7324 7285
7324 7453
7324 7456
7324 7377
7324 7218
7324 7222
7324 7416
7324 7441
7324 7283
7324 7348
7324 7445
7324 7300
7324 7239
7324 7262
7324 7368
7324 7339
7324 7429
7358 7445
7226 7187
7226 7186
7226 7446
7372 7347
7397 7309
7397 7185
7397 7257
7356 7395
7356 7453
7356 7216
7356 7280
7356 7256
7356 7407
7356 7441
7356 7206
7356 7291
7356 7409
7356 7423
7356 7339
7228 7218
7228 7239
7215 7187
7215 7446
7272 7426
7272 7424
7272 7293
7272 7187
7272 7285
7272 7412
7272 7395
7272 7186
7272 7453
7272 7223
7272 7465
7272 7184
7272 7288
7272 7314
7272 7450
7272 7216
7272 7270
7272 7197
7272 7456
7272 7274
7272 7280
7272 7256
7272 7377
7272 7218
7272 7188
7272 7222
7272 7214
7272 7416
7272 7337
7272 7282
7272 7406
7272 7226
7272 7321
7272 7441
7272 7247
7272 7236
7272 7446
7272 7283
7272 7185
7272 7354
7272 7402
7272 7427
7272 7291
7272 7322
7272 7355
7272 7421
7272 7298
7272 7344
7272 7201
7272 7348
7272 7353
7272 7385
7272 7445
7272 7329
7272 7300
7272 7451
7272 7239
7272 7200
7272 7367
7272 7219
7272 7262
7272 7368
7272 7396
7272 7339
7272 7369
7272 7401
7272 7429
7272 7448
7330 7256
7330 7188
7330 7320
7375 7222
7319 7321
7400 7443
7400 7406
7400 7321
7400 7402
7400 7421
7400 7250
7400 7263
7449 7246
7449 7297
7407 7395
7407 7453
7407 7280
7407 7256
7407 7339
7238 7397
7238 7185
7231 7395
7231 7256
7231 7446
7231 7390
7231 7339
7266 7408
7266 7246
7266 7448
7441 7361
7441 7239
7342 7285
7342 7337
7342 7441
7342 7239
7342 7429
7455 7240
7455 7406
7455 7321
7455 7361
7455 7299
7455 7250
7455 7393
7455 7263
7455 7429
7338 7246
7338 7266
7338 7297
7338 7448
7366 7218
7366 7239
7195 7196
7195 7285
7195 7395
7195 7453
7195 7463
7195 7380
7195 7280
7195 7256
7195 7306
7195 7222
7195 7416
7195 7337
7195 7406
7195 7321
7195 7231
7195 7441
7195 7361
7195 7217
7195 7446
7195 7459
7195 7194
7195 7445
7195 7390
7195 7239
7195 7191
7195 7339
7195 7429
7261 7441
7261 7361
7261 7239
7261 7429
7229 7426
7229 7227
7229 7408
7229 7246
7229 7306
7229 7222
7229 7266
7229 7297
7229 7459
7229 7421
7229 7431
7229 7369
7229 7312
7229 7448
7334 7341
7417 7321
7417 7402
7360 7285
7360 7395
7360 7453
7360 7287
7360 7216
7360 7280
7360 7256
7360 7407
7360 7441
7360 7206
7360 7446
7360 7291
7360 7409
7360 7423
7360 7390
7360 7339
7360 7448
7264 7348
7211 7381
7211 7184
7211 7216
7211 7188
7211 7213
7211 7214
7211 7315
7211 7259
7211 7385
7211 7329
7211 7451
7211 7346
7254 7443
7254 7438
7254 7406
7207 7184
7207 7447
7207 7403
7207 7416
7207 7365
7207 7267
7207 7322
7207 7355
7207 7323
7207 7348
7207 7445
7207 7451
7394 7321
7394 7298
7236 7187
7236 7446
7284 7216
7284 7270
7284 7188
7284 7441
7284 7320
7284 7385
7284 7191
7413 7447
7413 7389
7413 7430
7413 7365
7413 7282
7413 7406
7413 7355
7413 7348
7413 7353
7320 7256
7283 7293
7283 7456
7283 7218
7283 7222
7283 7348
7283 7445
7283 7262
7283 7368
7283 7339
7185 7424
7185 7187
7185 7285
7185 7190
7185 7412
7185 7309
7185 7395
7185 7186
7185 7453
7185 7223
7185 7288
7185 7450
7185 7216
7185 7270
7185 7197
7185 7456
7185 7274
7185 7362
7185 7280
7185 7256
7185 7246
7185 7218
7185 7416
7185 7192
7185 7278
7185 7337
7185 7406
7185 7226
7185 7397
7185 7215
7185 7321
7185 7231
7185 7441
7185 7361
7185 7236
7185 7446
7185 7295
7185 7427
7185 7291
7185 7298
7185 7445
7185 7239
7185 7257
7185 7200
7185 7367
7185 7219
7185 7262
7185 7368
7185 7191
7185 7339
7185 7401
7185 7429
7185 7448
7411 7222
7411 7416
7411 7445
7459 7448
7335 7285
7335 7412
7335 7216
7335 7270
7335 7456
7335 7256
7335 7294
7335 7218
7335 7441
7335 7284
7335 7320
7335 7201
7335 7252
7335 7239
7335 7219
7335 7262
7335 7368
7335 7191
7335 7339
7335 7204
7354 7293
7354 7456
7354 7222
7354 7416
7354 7441
7354 7421
7354 7445
7354 7262
7354 7368
7354 7339
7351 7222
7351 7445
7315 7184
7315 7214
7315 7451
7402 7426
7402 7395
7402 7216
7402 7256
7402 7406
7402 7321
7402 7441
7402 7446
7402 7421
7402 7250
7402 7385
7402 7239
7402 7339
7402 7429
7402 7448
7384 7196
7384 7395
7384 7453
7384 7380
7384 7256
7384 7306
7384 7337
7384 7406
7384 7321
7384 7231
7384 7441
7384 7361
7384 7217
7384 7194
7384 7445
7384 7390
7384 7339
7384 7429
7276 7256
7382 7184
7259 7184
7259 7216
7259 7188
7259 7385
7259 7329
7259 7451
7427 7429
7194 7395
7194 7453
7194 7380
7194 7256
7194 7306
7194 7321
7194 7231
7194 7441
7194 7361
7194 7446
7194 7390
7194 7239
7194 7339
7296 7227
7296 7408
7296 7246
7296 7266
7296 7297
7296 7312
7296 7448
7265 7227
7265 7216
7265 7256
7265 7246
7265 7406
7265 7321
7265 7290
7265 7446
7265 7421
7265 7298
7265 7308
7265 7434
7291 7395
7291 7453
7291 7216
7291 7256
7291 7321
7291 7231
7291 7441
7291 7361
7291 7446
7291 7194
7291 7390
7291 7239
7291 7339
7409 7395
7409 7453
7409 7280
7409 7256
7409 7291
7409 7423
7409 7339
7423 7395
7423 7453
7423 7280
7423 7256
7423 7407
7423 7441
7423 7206
7423 7446
7423 7291
7423 7409
7423 7339
7355 7282
7355 7406
7355 7348
7355 7429
7363 7450
7363 7456
7363 7218
7363 7321
7363 7441
7363 7446
7363 7250
7363 7445
7363 7262
7363 7368
7363 7339
7344 7222
7323 7441
7323 7429
7201 7187
7201 7285
7201 7412
7201 7227
7201 7302
7201 7270
7201 7456
7201 7279
7201 7441
7201 7427
7201 7239
7201 7219
7201 7368
7201 7191
7201 7339
7201 7204
7201 7429
7348 7184
7348 7314
7348 7389
7348 7222
7348 7416
7348 7406
7348 7355
7348 7353
7348 7445
7348 7239
7348 7429
7404 7184
7404 7188
7404 7329
7275 7412
7275 7223
7275 7450
7275 7270
7275 7456
7275 7362
7275 7256
7275 7218
7275 7441
7275 7446
7275 7262
7275 7368
7275 7339
7353 7218
7353 7222
7353 7282
7353 7348
7353 7445
7189 7381
7189 7184
7189 7251
7189 7216
7189 7188
7189 7213
7189 7214
7189 7428
7189 7315
7189 7259
7189 7348
7189 7385
7189 7329
7189 7439
7189 7451
7189 7239
7189 7346
7252 7412
7252 7270
7252 7441
7252 7191
7252 7339
7252 7429
7385 7256
7385 7188
7445 7218
7445 7416
7329 7216
7329 7256
7329 7188
7329 7214
7329 7348
7329 7451
7414 7246
7431 7227
7431 7408
7431 7246
7431 7448
7388 7412
7388 7216
7388 7270
7388 7256
7388 7294
7388 7441
7388 7284
7388 7335
7388 7201
7388 7252
7388 7368
7388 7339
7253 7227
7253 7408
7253 7246
7253 7416
7253 7361
7253 7459
7253 7445
7349 7285
7349 7441
7349 7239
7349 7429
7434 7298
7434 7448
7439 7184
7439 7329
7464 7184
7464 7314
7464 7447
7464 7403
7464 7389
7464 7222
7464 7416
7464 7365
7464 7282
7464 7406
7464 7267
7464 7322
7464 7355
7464 7323
7464 7348
7464 7353
7464 7445
7300 7293
7300 7456
7300 7218
7300 7222
7300 7416
7300 7247
7300 7354
7300 7445
7300 7262
7300 7368
7300 7339
7347 7216
7347 7320
7347 7402
7347 7298
7347 7385
7370 7441
7370 7445
7451 7184
7451 7329
7239 7186
7239 7453
7239 7256
7239 7192
7239 7337
7239 7406
7239 7228
7239 7441
7239 7342
7239 7366
7239 7361
7239 7446
7239 7402
7239 7348
7239 7200
7239 7263
7239 7339
7239 7429
7239 7448
7458 7327
7458 7185
7458 7257
7458 7448
7260 7216
7260 7256
7260 7446
7260 7339
7210 7456
7210 7339
7457 7196
7457 7395
7457 7453
7457 7463
7457 7380
7457 7280
7457 7256
7457 7306
7457 7406
7457 7321
7457 7231
7457 7441
7457 7361
7457 7217
7457 7446
7457 7194
7457 7390
7457 7239
7457 7339
7457 7429
7273 7216
7273 7256
7273 7188
7273 7441
7273 7320
7273 7402
7273 7385
7200 7192
7200 7337
7200 7342
7200 7239
7200 7429
7367 7288
7367 7226
7367 7441
7367 7236
7367 7348
7286 7426
7286 7222
7286 7421
7286 7369
7393 7240
7393 7406
7393 7321
7393 7417
7393 7299
7393 7421
7393 7250
7391 7246
7391 7297
7262 7293
7262 7218
7262 7339
7368 7416
7440 7285
7440 7412
7440 7453
7440 7223
7440 7227
7440 7216
7440 7270
7440 7456
7440 7279
7440 7362
7440 7256
7440 7218
7440 7441
7440 7284
7440 7201
7440 7252
7440 7239
7440 7219
7440 7262
7440 7368
7440 7191
7440 7232
7440 7339
7440 7204
7313 7246
7313 7297
7191 7441
7191 7361
7263 7285
7263 7441
7263 7361
7263 7239
7263 7200
7263 7191
7263 7429
7396 7424
7396 7187
7396 7285
7396 7395
7396 7186
7396 7453
7396 7288
7396 7226
7396 7441
7396 7361
7396 7236
7396 7446
7396 7295
7396 7427
7396 7239
7396 7219
7396 7401
7396 7429
7352 7246
7352 7448
7415 7246
7232 7270
7232 7441
7346 7184
7346 7188
7339 7293
7339 7285
7339 7453
7339 7450
7339 7362
7339 7218
7339 7416
7339 7321
7339 7231
7339 7441
7339 7361
7339 7446
7339 7283
7339 7354
7339 7194
7339 7445
7339 7390
7339 7300
7339 7239
7339 7262
7339 7368
7339 7448
7369 7321
7369 7402
7204 7412
7204 7227
7204 7270
7204 7279
7204 7441
7204 7361
7204 7201
7204 7191
7204 7232
7271 7443
7310 7426
7310 7453
7310 7230
7310 7216
7310 7240
7310 7256
7310 7222
7310 7337
7310 7406
7310 7321
7310 7441
7310 7290
7310 7417
7310 7361
7310 7459
7310 7402
7310 7299
7310 7355
7310 7421
7310 7298
7310 7348
7310 7250
7310 7390
7310 7239
7310 7393
7310 7263
7310 7339
7310 7369
7310 7429
7310 7448
7461 7365
7461 7355
7461 7348
7374 7341
7374 7222
7374 7421
7374 7369
7429 7186
7429 7337
7429 7239
7312 7448
7448 7246
7448 7402
7448 7298
7448 7239
7448 7200
7422 7240
7422 7406
7422 7321
7422 7250
7422 7263
7422 7429
7311 7187
7311 7184
7311 7288
7311 7197
7311 7274
7311 7218
7311 7416
7311 7226
7311 7441
7311 7236
7311 7348
7311 7445
7311 7367
7311 7368
7202 7395
7202 7280
7202 7256
7202 7206
7202 7291
7202 7409
7202 7339
7317 7318
7317 7246
7317 7431
7199 7256

