7413 7430
7413 7365
7413 7282
7413 7406
7413 7355
7413 7348
7413 7353
7320 7256
7283 7293
7283 7456
7283 7218
7283 7222
7283 7348
7283 7445
7283 7262
7283 7368
7283 7339
7185 7424
7185 7187
7185 7285
7185 7190
7185 7412
7185 7309
7185 7395
7185 7186
7185 7453
7185 7223
7185 7288
7185 7450
7185 7216
7185 7270
7185 7197
7185 7456
7185 7274
7185 7362
7185 7280
7185 7256
7185 7246
7185 7218
7185 7416
7185 7192
7185 7278
7185 7337
7185 7406
7185 7226
7185 7397
7185 7215
7185 7321
7185 7231
7185 7441
7185 7361
7185 7236
7185 7446
7185 7295
7185 7427
7185 7291
7185 7298
7185 7445
7185 7239
7185 7257
7185 7200
7185 7367
7185 7219
7185 7262
7185 7368
7185 7191
7185 7339
7185 7401
7185 7429
7185 7448
7411 7222
7411 7416
7411 7445
7459 7448
7335 7285
7335 7412
7335 7216
7335 7270
7335 7456
7335 7256
7335 7294
7335 7218
7335 7441
7335 7284
7335 7320
7335 7201
7335 7252
7335 7239
7335 7219
7335 7262
7335 7368
7335 7191
7335 7339
7335 7204
7354 7293
7354 7456
7354 7222
7354 7416
7354 7441
7354 7421
7354 7445
7354 7262
7354 7368
7354 7339
7351 7222
7351 7445
7315 7184
7315 7214
7315 7451
7402 7426
7402 7395
7402 7216
7402 7256
7402 7406
7402 7321
7402 7441
7402 7446
7402 7421
7402 7250
7402 7385
7402 7239
7402 7339
7402 7429
7402 7448
7384 7196
7384 7395
7384 7453
7384 7380
7384 7256
7384 7306
7384 7337
7384 7406
7384 7321
7384 7231
7384 7441
7384 7361
7384 7217
7384 7194
7384 7445
7384 7390
7384 7339
7384 7429
7276 7256
7382 7184
7259 7184
7259 7216
7259 7188
7259 7385
7259 7329
7259 7451
7427 7429
7194 7395
7194 7453
7194 7380
7194 7256
7194 7306
7194 7321
7194 7231
7194 7441
7194 7361
7194 7446
7194 7390
7194 7239
7194 7339
7296 7227
7296 7408
7296 7246
7296 7266
7296 7297
7296 7312
7296 7448
7265 7227
7265 7216
7265 7256
7265 7246
7265 7406
7265 7321
7265 7290
7265 7446
7265 7421
7265 7298
7265 7308
7265 7434
7291 7395
7291 7453
7291 7216
7291 7256
7291 7321
7291 7231
7291 7441
7291 7361
7291 7446
7291 7194
7291 7390
7291 7239
7291 7339
7409 7395
7409 7453
7409 7280
7409 7256
7409 7291
7409 7423
7409 7339
7423 7395
7423 7453
7423 7280
7423 7256
7423 7407
7423 7441
7423 7206
7423 7446
7423 7291
7423 7409
7423 7339
7355 7282
7355 7406
7355 7348
7355 7429
7363 7450
7363 7456
7363 7218
7363 7321
7363 7441
7363 7446
7363 7250
7363 7445
7363 7262
7363 7368
7363 7339
7344 7222
7323 7441
7323 7429
7201 7187
7201 7285
7201 7412
7201 7227
7201 7302
7201 7270
7201 7456
7201 7279
7201 7441
7201 7427
7201 7239
7201 7219
7201 7368
7201 7191
7201 7339
7201 7204
7201 7429
7348 7184
7348 7314
7348 7389
7348 7222
7348 7416
7348 7406
7348 7355
7348 7353
7348 7445
7348 7239
7348 7429
7404 7184
7404 7188
7404 7329
7275 7412
7275 7223
7275 7450
7275 7270
7275 7456
7275 7362
7275 7256
7275 7218
7275 7441
7275 7446
7275 7262
7275 7368
7275 7339
7353 7218
7353 7222
7353 7282
7353 7348
7353 7445
7189 7381
7189 7184
7189 7251
7189 7216
7189 7188
7189 7213
7189 7214
7189 7428
7189 7315
7189 7259
7189 7348
7189 7385
7189 7329
7189 7439
7189 7451
7189 7239
7189 7346
7252 7412
7252 7270
7252 7441
7252 7191
7252 7339
7252 7429
7385 7256
7385 7188
7445 7218
7445 7416
7329 7216
7329 7256
7329 7188
7329 7214
7329 7348
7329 7451
7414 7246
7431 7227
7431 7408
7431 7246
7431 7448
7388 7412
7388 7216
7388 7270
7388 7256
7388 7294
7388 7441
7388 7284
7388 7335
7388 7201
7388 7252
7388 7368
7388 7339
7253 7227
7253 7408
7253 7246
7253 7416
7253 7361
7253 7459
7253 7445
7349 7285
7349 7441
7349 7239
7349 7429
7434 7298
7434 7448
7439 7184
7439 7329
7464 7184
7464 7314
7464 7447
7464 7403
7464 7389
7464 7222
7464 7416
7464 7365
7464 7282
7464 7406
7464 7267
7464 7322
7464 7355
7464 7323
7464 7348
7464 7353
7464 7445
7300 7293
7300 7456
7300 7218
7300 7222
7300 7416
7300 7247
7300 7354
7300 7445
7300 7262
7300 7368
7300 7339
7347 7216
7347 7320
7347 7402
7347 7298
7347 7385
7370 7441
7370 7445
7451 7184
7451 7329
7239 7186
7239 7453
7239 7256
7239 7192
7239 7337
7239 7406
7239 7228
7239 7441
7239 7342
7239 7366
7239 7361
7239 7446
7239 7402
7239 7348
7239 7200
7239 7263
7239 7339
7239 7429
7239 7448
7458 7327
7458 7185
7458 7257
7458 7448
7260 7216
7260 7256
7260 7446
7260 7339
7210 7456
7210 7339
7457 7196
7457 7395
7457 7453
7457 7463
7457 7380
7457 7280
7457 7256
7457 7306
7457 7406
7457 7321
7457 7231
7457 7441
7457 7361
7457 7217
7457 7446
7457 7194
7457 7390
7457 7239
7457 7339
7457 7429
7273 7216
7273 7256
7273 7188
7273 7441
7273 7320
7273 7402
7273 7385
7200 7192
7200 7337
7200 7342
7200 7239
7200 7429
7367 7288
7367 7226
7367 7441
7367 7236
7367 7348
7286 7426
7286 7222
7286 7421
7286 7369
7393 7240
7393 7406
7393 7321
7393 7417
7393 7299
7393 7421
7393 7250
7391 7246
7391 7297
7262 7293
7262 7218
7262 7339
7368 7416
7440 7285
7440 7412
7440 7453
7440 7223
7440 7227
7440 7216
7440 7270
7440 7456
7440 7279
7440 7362
7440 7256
7440 7218
7440 7441
7440 7284
7440 7201
7440 7252
7440 7239
7440 7219
7440 7262
7440 7368
7440 7191
7440 7232
7440 7339
7440 7204
7313 7246
7313 7297
7191 7441
7191 7361
7263 7285
7263 7441
7263 7361
7263 7239
7263 7200
7263 7191
7263 7429
7396 7424
7396 7187
7396 7285
7396 7395
7396 7186
7396 7453
7396 7288
7396 7226
7396 7441
7396 7361
7396 7236
7396 7446
7396 7295
7396 7427
7396 7239
7396 7219
7396 7401
7396 7429
7352 7246
7352 7448
7415 7246
7232 7270
7232 7441
7346 7184
7346 7188
7339 7293
7339 7285
7339 7453
7339 7450
7339 7362
7339 7218
7339 7416
7339 7321
7339 7231
7339 7441
7339 7361
7339 7446
7339 7283
7339 7354
7339 7194
7339 7445
7339 7390
7339 7300
7339 7239
7339 7262
7339 7368
7339 7448
7369 7321
7369 7402
7204 7412
7204 7227
7204 7270
7204 7279
7204 7441
7204 7361
7204 7201
7204 7191
7204 7232
7271 7443
7310 7426
7310 7453
7310 7230
7310 7216
7310 7240
7310 7256
7310 7222
7310 7337
7310 7406
7310 7321
7310 7441
7310 7290
7310 7417
7310 7361
7310 7459
7310 7402
7310 7299
7310 7355
7310 7421
7310 7298
7310 7348
7310 7250
7310 7390
7310 7239
7310 7393
7310 7263
7310 7339
7310 7369
7310 7429
7310 7448
7461 7365
7461 7355
7461 7348
7374 7341
7374 7222
7374 7421
7374 7369
7429 7186
7429 7337
7429 7239
7312 7448
7448 7246
7448 7402
7448 7298
7448 7239
7448 7200
7422 7240
7422 7406
7422 7321
7422 7250
7422 7263
7422 7429
7311 7187
7311 7184
7311 7288
7311 7197
7311 7274
7311 7218
7311 7416
7311 7226
7311 7441
7311 7236
7311 7348
7311 7445
7311 7367
7311 7368
7202 7395
7202 7280
7202 7256
7202 7206
7202 7291
7202 7409
7202 7339
7317 7318
7317 7246
7317 7431
7199 7256